0.129816 0.400916 0.023970
0.148573 0.397395 0.023970
0.168848 0.395503 0.023970
0.189305 0.393017 0.023970
0.210846 0.390516 0.023970
0.228138 0.388727 0.023970
0.251019 0.386429 0.023970
0.268561 0.382070 0.023970
0.320733 0.378787 0.023970
0.339092 0.374522 0.023970
0.358729 0.372486 0.023970
0.380313 0.371296 0.023970
0.397810 0.369450 0.023970
0.419512 0.365964 0.023970
0.439768 0.366283 0.023970
0.454215 0.364934 0.023970
0.473978 0.365965 0.023970
0.494627 0.365009 0.023970
0.517687 0.363972 0.023970
0.566786 0.365667 0.023970
0.584458 0.366757 0.023970
0.605395 0.367529 0.023970
0.652040 0.371616 0.023970
0.672287 0.374046 0.023970
0.694754 0.377445 0.023970
0.715990 0.376026 0.023970
0.730983 0.377791 0.023970
0.752801 0.382829 0.023970
0.806482 0.384858 0.023970
0.822320 0.383006 0.023970
0.844707 0.387837 0.023970
0.863561 0.388191 0.023970
0.882322 0.388954 0.023970
0.904072 0.390694 0.023970
0.922856 0.391261 0.023970
0.138825 0.430430 0.023970
0.153540 0.427640 0.023970
0.174490 0.425255 0.023970
0.193408 0.424910 0.023970
0.242918 0.418006 0.023970
0.262175 0.414560 0.023970
0.282157 0.408923 0.023970
0.302895 0.409185 0.023970
0.324457 0.406741 0.023970
0.340148 0.404582 0.023970
0.358493 0.401415 0.023970
0.408113 0.398026 0.023970
0.430312 0.397933 0.023970
0.478097 0.395380 0.023970
0.500482 0.395590 0.023970
0.519984 0.394344 0.023970
0.540672 0.393761 0.023970
0.558613 0.395608 0.023970
0.579486 0.395391 0.023970
0.599337 0.398829 0.023970
0.649257 0.401584 0.023970
0.670128 0.403533 0.023970
0.690421 0.405898 0.023970
0.729618 0.408615 0.023970
0.750964 0.411200 0.023970
0.771407 0.412252 0.023970
0.817802 0.416369 0.023970
0.833412 0.416540 0.023970
0.859620 0.420044 0.023970
0.878697 0.420655 0.023970
0.897551 0.419231 0.023970
0.917948 0.419580 0.023970
0.131347 0.458633 0.023970
0.155014 0.456061 0.023970
0.173603 0.457476 0.023970
0.195187 0.453805 0.023970
0.213195 0.453292 0.023970
0.261397 0.443637 0.023970
0.280553 0.442039 0.023970
0.299797 0.440353 0.023970
0.321769 0.437797 0.023970
0.339112 0.432447 0.023970
0.359866 0.435624 0.023970
0.408809 0.425740 0.023970
0.430342 0.423876 0.023970
0.448598 0.426752 0.023970
0.469810 0.425755 0.023970
0.489428 0.426937 0.023970
0.507647 0.424358 0.023970
0.527604 0.425136 0.023970
0.547896 0.426460 0.023970
0.567030 0.426727 0.023970
0.619278 0.426419 0.023970
0.637132 0.430013 0.023970
0.659078 0.428849 0.023970
0.677095 0.433136 0.023970
0.697046 0.436033 0.023970
0.716063 0.433681 0.023970
0.738319 0.437608 0.023970
0.754008 0.439517 0.023970
0.128825 0.487344 0.023970
0.149595 0.485454 0.023970
0.166193 0.485482 0.023970
0.187973 0.482537 0.023970
0.209153 0.480988 0.023970
0.227980 0.476229 0.023970
0.249268 0.473892 0.023970
0.297174 0.469641 0.023970
0.313512 0.466183 0.023970
0.330962 0.464943 0.023970
0.351552 0.463513 0.023970
0.376591 0.459144 0.023970
0.423832 0.455820 0.023970
0.466497 0.454332 0.023970
0.483639 0.453986 0.023970
0.504576 0.454269 0.023970
0.523450 0.454589 0.023970
0.573602 0.452970 0.023970
0.593280 0.454512 0.023970
0.611354 0.458545 0.023970
0.632840 0.457008 0.023970
0.651224 0.458669 0.023970
0.669036 0.462195 0.023970
0.692441 0.464722 0.023970
0.712496 0.466044 0.023970
0.731234 0.466499 0.023970
0.121793 0.519493 0.023970
0.143081 0.516901 0.023970
0.161780 0.513014 0.023970
0.182586 0.511696 0.023970
0.202304 0.511559 0.023970
0.220926 0.506354 0.023970
0.240683 0.505343 0.023970
0.260080 0.501686 0.023970
0.281020 0.500197 0.023970
0.299664 0.495291 0.023970
0.350249 0.491574 0.023970
0.365634 0.491422 0.023970
0.407206 0.486762 0.023970
0.429436 0.484553 0.023970
0.449675 0.482074 0.023970
0.496547 0.483013 0.023970
0.518370 0.481525 0.023970
0.536013 0.485496 0.023970
0.555448 0.483502 0.023970
0.576808 0.485738 0.023970
0.626270 0.488596 0.023970
0.648872 0.489815 0.023970
0.664029 0.492108 0.023970
0.121489 0.549416 0.023970
0.138880 0.545103 0.023970
0.160626 0.544004 0.023970
0.182987 0.544156 0.023970
0.226841 0.536958 0.023970
0.248583 0.533843 0.023970
0.269076 0.530791 0.023970
0.288381 0.529027 0.023970
0.307765 0.523920 0.023970
0.328739 0.522238 0.023970
0.345449 0.520158 0.023970
0.367790 0.519057 0.023970
0.418436 0.516240 0.023970
0.438044 0.510930 0.023970
0.459085 0.514233 0.023970
0.479978 0.512084 0.023970
0.525191 0.513959 0.023970
0.573962 0.514802 0.023970
0.593953 0.516085 0.023970
0.613167 0.515883 0.023970
0.636665 0.518069 0.023970
0.654659 0.521887 0.023970
0.675985 0.523605 0.023970
0.694871 0.525272 0.023970
0.716445 0.526942 0.023970
0.731122 0.527174 0.023970
0.755052 0.529228 0.023970
0.776424 0.531730 0.023970
0.174971 0.571881 0.023970
0.192638 0.570910 0.023970
0.214579 0.566406 0.023970
0.261729 0.562206 0.023970
0.283117 0.559507 0.023970
0.303601 0.558737 0.023970
0.320300 0.552173 0.023970
0.339777 0.551074 0.023970
0.359840 0.549946 0.023970
0.383514 0.549507 0.023970
0.402236 0.548740 0.023970
0.451898 0.543385 0.023970
0.468434 0.541341 0.023970
0.488680 0.542952 0.023970
0.510026 0.541490 0.023970
0.526068 0.543137 0.023970
0.548065 0.544017 0.023970
0.567697 0.542810 0.023970
0.589872 0.547919 0.023970
0.610089 0.546598 0.023970
0.655962 0.549784 0.023970
0.681285 0.552457 0.023970
0.696899 0.551693 0.023970
0.720315 0.555868 0.023970
0.734937 0.556233 0.023970
0.755776 0.559059 0.023970
0.130591 0.607921 0.023970
0.150651 0.604956 0.023970
0.170968 0.604739 0.023970
0.211598 0.597428 0.023970
0.230141 0.595253 0.023970
0.251434 0.591384 0.023970
0.268098 0.590462 0.023970
0.317291 0.582610 0.023970
0.339821 0.580994 0.023970
0.359136 0.580279 0.023970
0.379653 0.579259 0.023970
0.400083 0.576582 0.023970
0.449399 0.573489 0.023970
0.469964 0.573983 0.023970
0.488088 0.571898 0.023970
0.508601 0.570785 0.023970
0.526122 0.571903 0.023970
0.544602 0.573297 0.023970
0.565240 0.572433 0.023970
0.586452 0.574013 0.023970
0.606055 0.575026 0.023970
0.655664 0.579291 0.023970
0.673640 0.579779 0.023970
0.696209 0.583657 0.023970
0.716017 0.582893 0.023970
0.735272 0.587103 0.023970
0.789611 0.590418 0.023970
0.805751 0.591277 0.023970
0.826285 0.594652 0.023970
0.357357 0.413227 0.007403
0.366190 0.412101 0.007403
0.375529 0.410833 0.007403
0.384886 0.409681 0.007403
0.394649 0.409722 0.007403
0.403258 0.408076 0.007403
0.411666 0.408584 0.007403
0.434289 0.406927 0.007403
0.444042 0.406067 0.007403
0.453220 0.405171 0.007403
0.462043 0.404993 0.007403
0.470832 0.404731 0.007403
0.480137 0.404872 0.007403
0.490169 0.403973 0.007403
0.498827 0.405023 0.007403
0.507664 0.404434 0.007403
0.530851 0.404421 0.007403
0.540274 0.404523 0.007403
0.562834 0.405065 0.007403
0.571624 0.405604 0.007403
0.582083 0.406322 0.007403
0.590646 0.405762 0.007403
0.600228 0.407036 0.007403
0.609249 0.408252 0.007403
0.617854 0.407033 0.007403
0.343426 0.501932 0.006411
0.349599 0.501283 0.006411
0.354767 0.501115 0.006411
0.361381 0.500651 0.006411
0.366349 0.499713 0.006411
0.372182 0.499237 0.006411
0.377538 0.499012 0.006411
0.383776 0.498167 0.006411
0.388904 0.497782 0.006411
0.394419 0.497144 0.006411
0.409329 0.496010 0.006411
0.415669 0.495856 0.006411
0.421250 0.495443 0.006411
0.426617 0.495741 0.006411
0.432194 0.495152 0.006411
0.438720 0.494117 0.006411
0.443884 0.494187 0.006411
0.458315 0.494494 0.006411
0.463591 0.493821 0.006411
0.469685 0.493455 0.006411
0.475720 0.493152 0.006411
0.481828 0.492553 0.006411
0.487383 0.493291 0.006411
0.492668 0.493772 0.006411
0.508773 0.493554 0.006411
0.513933 0.493916 0.006411
0.519359 0.493942 0.006411
0.525411 0.493590 0.006411
0.378836 -0.135682 0.017341
0.395423 -0.124433 0.017341
0.408670 -0.114922 0.017341
0.423443 -0.108102 0.017341
0.437378 -0.098453 0.017341
0.453185 -0.091222 0.017341
0.493566 -0.077354 0.017341
0.510904 -0.071374 0.017341
0.525893 -0.065000 0.017341
0.545605 -0.061674 0.017341
0.563194 -0.058947 0.017341
0.582993 -0.054871 0.017341
0.628244 -0.049462 0.017341
0.645775 -0.047453 0.017341
0.665414 -0.046385 0.017341
0.683744 -0.043196 0.017341
0.702911 -0.040931 0.017341
0.725109 -0.040080 0.017341
0.768347 -0.031583 0.017341
0.787285 -0.029151 0.017341
0.803430 -0.024501 0.017341
0.821661 -0.018998 0.017341
0.837532 -0.014627 0.017341
0.854881 -0.008706 0.017341
0.869132 -0.003103 0.017341
0.907688 0.016876 0.017341
0.921221 0.027022 0.017341
0.935458 0.034222 0.017341
0.950817 0.046025 0.017341
0.963702 0.055934 0.017341
0.976792 0.065116 0.017341
0.990143 0.077316 0.017341
1.004590 0.086040 0.017341
1.017687 0.097265 0.017341
1.029204 0.106343 0.017341
1.062388 0.131322 0.017341
1.091403 0.148245 0.017341
1.107267 0.156028 0.017341
1.121577 0.165798 0.017341
1.139032 0.170797 0.017341
1.153540 0.175446 0.017341
1.171017 0.182334 0.017341
0.366084 -0.112755 0.017341
0.377232 -0.104117 0.017341
0.393021 -0.091153 0.017341
0.406902 -0.085769 0.017341
0.420141 -0.077734 0.017341
0.436704 -0.068865 0.017341
0.453791 -0.062460 0.017341
0.469905 -0.056818 0.017341
0.486362 -0.051170 0.017341
0.502749 -0.045659 0.017341
0.547742 -0.035908 0.017341
0.564324 -0.033322 0.017341
0.583733 -0.029715 0.017341
0.603268 -0.029627 0.017341
0.619456 -0.026781 0.017341
0.636401 -0.023343 0.017341
0.660540 -0.022859 0.017341
0.676441 -0.019882 0.017341
0.696629 -0.019265 0.017341
0.743162 -0.012359 0.017341
0.760949 -0.008914 0.017341
0.779075 -0.003029 0.017341
0.795684 -0.001450 0.017341
0.812332 0.005389 0.017341
0.830354 0.010206 0.017341
0.846254 0.018191 0.017341
0.862202 0.023582 0.017341
0.877267 0.031787 0.017341
0.915195 0.055150 0.017341
0.927394 0.063491 0.017341
0.940687 0.072436 0.017341
0.953984 0.083399 0.017341
0.968155 0.094152 0.017341
0.980426 0.103050 0.017341
0.991691 0.114388 0.017341
1.006077 0.124761 0.017341
1.020613 0.134978 0.017341
1.070166 0.166637 0.017341
1.083545 0.176111 0.017341
1.098893 0.183029 0.017341
1.113196 0.192091 0.017341
1.128430 0.196728 0.017341
1.188934 0.214943 0.017341
1.225280 0.219869 0.017341
1.244196 0.224671 0.017341
1.260925 0.227470 0.017341
0.616367 0.861547 0.013930
0.629109 0.855032 0.013930
0.640197 0.849160 0.013930
0.650190 0.840072 0.013930
0.658111 0.830620 0.013930
0.667059 0.818241 0.013930
0.673036 0.806191 0.013930
0.680468 0.796720 0.013930
0.708539 0.758200 0.013930
0.717409 0.750061 0.013930
0.729695 0.742607 0.013930
0.742040 0.737226 0.013930
0.757265 0.731159 0.013930
0.769429 0.726726 0.013930
0.811568 0.718984 0.013930
0.828314 0.716128 0.013930
0.843377 0.711234 0.013930
0.857562 0.707203 0.013930
0.871337 0.702210 0.013930
0.884313 0.695006 0.013930
0.893477 0.686177 0.013930
0.913698 0.659953 0.013930
0.921624 0.651154 0.013930
0.927538 0.637543 0.013930
0.935239 0.627267 0.013930
0.954153 0.601599 0.013930
0.967592 0.591019 0.013930
0.975987 0.585085 0.013930
0.992296 0.579283 0.013930
1.006112 0.574379 0.013930
1.020790 0.570008 0.013930
1.036509 0.567575 0.013930
1.054145 0.564348 0.013930
1.068241 0.561463 0.013930
0.628282 0.872681 0.013930
0.644306 0.866376 0.013930
0.652994 0.859381 0.013930
0.663610 0.851786 0.013930
0.671334 0.840186 0.013930
0.680861 0.830515 0.013930
0.687938 0.818351 0.013930
0.695444 0.808723 0.013930
0.701558 0.796291 0.013930
0.708561 0.785541 0.013930
0.730927 0.761985 0.013930
0.742786 0.752759 0.013930
0.752875 0.747688 0.013930
0.769613 0.742036 0.013930
0.784177 0.737833 0.013930
0.801542 0.734712 0.013930
0.817355 0.731660 0.013930
0.833810 0.728744 0.013930
0.848236 0.725559 0.013930
0.865417 0.721324 0.013930
0.877616 0.715167 0.013930
0.889644 0.709565 0.013930
0.901759 0.701652 0.013930
0.910144 0.693032 0.013930
0.917001 0.682760 0.013930
0.937222 0.654358 0.013930
0.951847 0.631502 0.013930
0.958663 0.622691 0.013930
0.968997 0.613489 0.013930
0.978993 0.604161 0.013930
0.990865 0.595470 0.013930
1.004199 0.590715 0.013930
1.018504 0.585822 0.013930
1.032644 0.582354 0.013930
1.049410 0.578778 0.013930
1.067421 0.575655 0.013930
0.645009 0.883971 0.013930
0.655446 0.877370 0.013930
0.666867 0.869699 0.013930
0.679004 0.860556 0.013930
0.686541 0.851574 0.013930
0.694386 0.840981 0.013930
0.701313 0.830300 0.013930
0.708067 0.817825 0.013930
0.715753 0.806405 0.013930
0.733554 0.784679 0.013930
0.738964 0.775786 0.013930
0.769806 0.756969 0.013930
0.784410 0.752032 0.013930
0.797579 0.748184 0.013930
0.813530 0.745175 0.013930
0.828485 0.742486 0.013930
0.847463 0.739558 0.013930
0.863237 0.735184 0.013930
0.877820 0.731456 0.013930
0.912320 0.715069 0.013930
0.920174 0.707507 0.013930
0.930817 0.698178 0.013930
0.937917 0.687134 0.013930
0.945888 0.676800 0.013930
0.951947 0.664965 0.013930
0.966195 0.643661 0.013930
0.987316 0.616741 0.013930
0.998443 0.610177 0.013930
1.013058 0.603370 0.013930
1.023898 0.598524 0.013930
1.042165 0.594070 0.013930
0.659216 0.893867 0.013930
0.670797 0.887413 0.013930
0.682457 0.879609 0.013930
0.693605 0.871963 0.013930
0.711898 0.844636 0.013930
0.720277 0.834433 0.013930
0.727991 0.821410 0.013930
0.733535 0.809671 0.013930
0.742296 0.800928 0.013930
0.766333 0.777657 0.013930
0.777431 0.771114 0.013930
0.791600 0.765458 0.013930
0.806006 0.760219 0.013930
0.820091 0.757421 0.013930
0.835701 0.754068 0.013930
0.878116 0.746084 0.013930
0.892586 0.742557 0.013930
0.907117 0.736456 0.013930
0.918366 0.730997 0.013930
0.673415 0.903427 0.013930
0.684632 0.897862 0.013930
0.698208 0.889169 0.013930
0.706798 0.883740 0.013930
0.718193 0.872087 0.013930
0.725394 0.861452 0.013930
0.729868 0.849188 0.013930
0.749095 0.820226 0.013930
0.755423 0.810081 0.013930
0.766114 0.801413 0.013930
0.773864 0.793171 0.013930
0.786655 0.784727 0.013930
0.801374 0.778927 0.013930
0.813005 0.773814 0.013930
0.851313 0.764242 0.013930
0.867828 0.761685 0.013930
0.885676 0.758552 0.013930
0.898985 0.754298 0.013930
0.915924 0.749134 0.013930
0.944783 0.732551 0.013930
0.956761 0.723440 0.013930
0.964385 0.715177 0.013930
0.971935 0.704406 0.013930
0.988202 0.674639 0.013930
0.996207 0.663707 0.013930
1.002505 0.651876 0.013930
1.012038 0.643553 0.013930
1.024161 0.634848 0.013930
1.035719 0.626932 0.013930
1.047090 0.620681 0.013930
1.061474 0.616214 0.013930
1.079089 0.614513 0.013930
1.093028 0.609213 0.013930
1.109749 0.606350 0.013930
1.126347 0.604799 0.013930
1.142879 0.599850 0.013930
1.155924 0.595491 0.013930
1.171525 0.589640 0.013930
0.685720 0.914871 0.013930
0.698261 0.908068 0.013930
0.710583 0.901957 0.013930
0.721762 0.893503 0.013930
0.731616 0.882950 0.013930
0.748346 0.854929 0.013930
0.753842 0.844097 0.013930
0.761535 0.833206 0.013930
0.768764 0.820766 0.013930
0.777894 0.812417 0.013930
0.787659 0.803953 0.013930
0.798681 0.795533 0.013930
0.812396 0.789759 0.013930
0.825299 0.784620 0.013930
0.867897 0.775304 0.013930
0.881438 0.772456 0.013930
0.899490 0.770067 0.013930
0.912642 0.765200 0.013930
0.927007 0.761304 0.013930
0.940063 0.755359 0.013930
0.953359 0.749069 0.013930
0.963760 0.740305 0.013930
0.972211 0.731428 0.013930
0.991181 0.701380 0.013930
0.997401 0.690864 0.013930
1.005329 0.679803 0.013930
1.013146 0.669799 0.013930
1.020930 0.659425 0.013930
1.030297 0.648679 0.013930
1.060922 0.632488 0.013930
1.074901 0.627986 0.013930
1.090819 0.623659 0.013930
1.106200 0.621179 0.013930
1.119693 0.618020 0.013930
1.138941 0.615527 0.013930
0.194677 0.219760 0.009672
0.204741 0.217601 0.009672
0.216728 0.215330 0.009672
0.228880 0.214747 0.009672
0.240479 0.213409 0.009672
0.251208 0.211753 0.009672
0.264311 0.211128 0.009672
0.292349 0.207291 0.009672
0.305052 0.206102 0.009672
0.316325 0.204671 0.009672
0.355754 0.197467 0.009672
0.367517 0.194877 0.009672
0.377969 0.191678 0.009672
0.386696 0.187593 0.009672
0.397920 0.185025 0.009672
0.410126 0.180511 0.009672
0.434745 0.169548 0.009672
0.444741 0.164786 0.009672
0.454798 0.160186 0.009672
0.466305 0.155983 0.009672
0.475782 0.150481 0.009672
0.486273 0.145957 0.009672
0.495156 0.142780 0.009672
0.523104 0.132718 0.009672
0.530668 0.129298 0.009672
0.543628 0.125805 0.009672
0.553581 0.122707 0.009672
0.566175 0.120434 0.009672
0.576598 0.117674 0.009672
0.605837 0.113850 0.009672
0.616927 0.111874 0.009672
0.627692 0.110043 0.009672
0.639580 0.108691 0.009672
0.651317 0.107079 0.009672
0.663835 0.106567 0.009672
0.674123 0.104772 0.009672
0.686489 0.104709 0.009672
0.201937 0.235524 0.009672
0.212953 0.233411 0.009672
0.224357 0.231653 0.009672
0.237170 0.229532 0.009672
0.247569 0.227664 0.009672
0.259711 0.227702 0.009672
0.289113 0.223326 0.009672
0.300641 0.223611 0.009672
0.312142 0.222459 0.009672
0.323571 0.220315 0.009672
0.336161 0.218211 0.009672
0.345903 0.215662 0.009672
0.358631 0.212990 0.009672
0.369520 0.210502 0.009672
0.379870 0.207163 0.009672
0.390172 0.204290 0.009672
0.401290 0.201072 0.009672
0.426220 0.190986 0.009672
0.438043 0.186607 0.009672
0.446683 0.182978 0.009672
0.457456 0.177543 0.009672
0.467283 0.174079 0.009672
0.476937 0.168794 0.009672
0.488315 0.165008 0.009672
0.498759 0.159290 0.009672
0.509610 0.154590 0.009672
0.519296 0.151793 0.009672
0.208666 0.250155 0.009672
0.218017 0.247460 0.009672
0.231296 0.247550 0.009672
0.241558 0.245019 0.009672
0.253957 0.244579 0.009672
0.282322 0.240639 0.009672
0.295865 0.239781 0.009672
0.305046 0.237924 0.009672
0.335767 0.234523 0.009672
0.348978 0.232541 0.009672
0.357561 0.230533 0.009672
0.368856 0.227993 0.009672
0.378830 0.224632 0.009672
0.391522 0.222070 0.009672
0.402229 0.218563 0.009672
0.412422 0.214625 0.009672
0.422607 0.211153 0.009672
0.433467 0.206304 0.009672
0.443741 0.202933 0.009672
0.453370 0.197850 0.009672
0.463737 0.193120 0.009672
0.490223 0.181763 0.009672
0.499010 0.177904 0.009672
0.524574 0.167466 0.009672
0.536119 0.163678 0.009672
0.545795 0.159538 0.009672
0.556869 0.155982 0.009672
0.568692 0.153740 0.009672
0.595006 0.146850 0.009672
0.606798 0.146008 0.009672
0.619747 0.143808 0.009672
0.641827 0.140725 0.009672
0.653660 0.139632 0.009672
0.664534 0.138527 0.009672
0.677315 0.136838 0.009672
0.688145 0.136042 0.009672
