97.32 400.92 23.97
111.39 397.40 23.97
126.59 395.50 23.97
141.92 393.02 23.97
158.07 390.52 23.97
171.04 388.73 23.97
188.19 386.43 23.97
201.34 382.07 23.97
240.45 378.79 23.97
254.22 374.52 23.97
268.94 372.49 23.97
285.12 371.30 23.97
298.24 369.45 23.97
314.51 365.96 23.97
329.70 366.28 23.97
340.53 364.93 23.97
355.34 365.97 23.97
370.82 365.01 23.97
388.11 363.97 23.97
424.92 365.67 23.97
438.17 366.76 23.97
453.87 367.53 23.97
488.84 371.62 23.97
504.01 374.05 23.97
520.86 377.44 23.97
536.78 376.03 23.97
548.02 377.79 23.97
564.38 382.83 23.97
604.62 384.86 23.97
616.49 383.01 23.97
633.28 387.84 23.97
647.41 388.19 23.97
661.48 388.95 23.97
677.78 390.69 23.97
691.87 391.26 23.97
104.08 430.43 23.97
115.11 427.64 23.97
130.82 425.26 23.97
145.00 424.91 23.97
182.12 418.01 23.97
196.55 414.56 23.97
211.53 408.92 23.97
227.08 409.19 23.97
243.25 406.74 23.97
255.01 404.58 23.97
268.76 401.42 23.97
305.96 398.03 23.97
322.61 397.93 23.97
358.43 395.38 23.97
375.21 395.59 23.97
389.83 394.34 23.97
405.34 393.76 23.97
418.79 395.61 23.97
434.44 395.39 23.97
449.32 398.83 23.97
486.75 401.58 23.97
502.40 403.53 23.97
517.61 405.90 23.97
547.00 408.61 23.97
563.00 411.20 23.97
578.33 412.25 23.97
613.11 416.37 23.97
624.81 416.54 23.97
644.46 420.04 23.97
658.76 420.66 23.97
672.90 419.23 23.97
688.19 419.58 23.97
98.47 458.63 23.97
116.21 456.06 23.97
130.15 457.48 23.97
146.33 453.81 23.97
159.83 453.29 23.97
195.97 443.64 23.97
210.33 442.04 23.97
224.76 440.35 23.97
241.23 437.80 23.97
254.23 432.45 23.97
269.79 435.62 23.97
306.49 425.74 23.97
322.63 423.88 23.97
336.31 426.75 23.97
352.22 425.76 23.97
366.92 426.94 23.97
380.58 424.36 23.97
395.55 425.14 23.97
410.76 426.46 23.97
425.10 426.73 23.97
464.27 426.42 23.97
477.66 430.01 23.97
494.11 428.85 23.97
507.62 433.14 23.97
522.58 436.03 23.97
536.83 433.68 23.97
553.52 437.61 23.97
565.28 439.52 23.97
96.58 487.34 23.97
112.15 485.45 23.97
124.60 485.48 23.97
140.92 482.54 23.97
156.80 480.99 23.97
170.92 476.23 23.97
186.88 473.89 23.97
222.79 469.64 23.97
235.04 466.18 23.97
248.12 464.94 23.97
263.56 463.51 23.97
282.33 459.14 23.97
317.75 455.82 23.97
349.73 454.33 23.97
362.59 453.99 23.97
378.28 454.27 23.97
392.43 454.59 23.97
430.03 452.97 23.97
444.78 454.51 23.97
458.33 458.55 23.97
474.44 457.01 23.97
488.22 458.67 23.97
501.58 462.20 23.97
519.12 464.72 23.97
534.16 466.04 23.97
548.21 466.50 23.97
91.31 519.49 23.97
107.27 516.90 23.97
121.29 513.01 23.97
136.89 511.70 23.97
151.67 511.56 23.97
165.63 506.35 23.97
180.44 505.34 23.97
194.98 501.69 23.97
210.68 500.20 23.97
224.66 495.29 23.97
262.58 491.57 23.97
274.12 491.42 23.97
305.28 486.76 23.97
321.95 484.55 23.97
337.12 482.07 23.97
372.26 483.01 23.97
388.62 481.53 23.97
401.85 485.50 23.97
416.42 483.50 23.97
432.43 485.74 23.97
469.52 488.60 23.97
486.46 489.82 23.97
497.82 492.11 23.97
91.08 549.42 23.97
104.12 545.10 23.97
120.42 544.00 23.97
137.19 544.16 23.97
170.06 536.96 23.97
186.36 533.84 23.97
201.73 530.79 23.97
216.20 529.03 23.97
230.73 523.92 23.97
246.46 522.24 23.97
258.98 520.16 23.97
275.73 519.06 23.97
313.70 516.24 23.97
328.40 510.93 23.97
344.18 514.23 23.97
359.84 512.08 23.97
393.74 513.96 23.97
430.30 514.80 23.97
445.29 516.09 23.97
459.69 515.88 23.97
477.31 518.07 23.97
490.80 521.89 23.97
506.79 523.61 23.97
520.95 525.27 23.97
537.12 526.94 23.97
548.12 527.17 23.97
566.06 529.23 23.97
582.09 531.73 23.97
131.18 571.88 23.97
144.42 570.91 23.97
160.87 566.41 23.97
196.22 562.21 23.97
212.25 559.51 23.97
227.61 558.74 23.97
240.13 552.17 23.97
254.73 551.07 23.97
269.77 549.95 23.97
287.52 549.51 23.97
301.56 548.74 23.97
338.79 543.38 23.97
351.19 541.34 23.97
366.36 542.95 23.97
382.37 541.49 23.97
394.39 543.14 23.97
410.89 544.02 23.97
425.60 542.81 23.97
442.23 547.92 23.97
457.38 546.60 23.97
491.78 549.78 23.97
510.76 552.46 23.97
522.47 551.69 23.97
540.02 555.87 23.97
550.98 556.23 23.97
566.61 559.06 23.97
97.90 607.92 23.97
112.94 604.96 23.97
128.17 604.74 23.97
158.64 597.43 23.97
172.54 595.25 23.97
188.50 591.38 23.97
200.99 590.46 23.97
237.87 582.61 23.97
254.76 580.99 23.97
269.24 580.28 23.97
284.63 579.26 23.97
299.94 576.58 23.97
336.92 573.49 23.97
352.33 573.98 23.97
365.92 571.90 23.97
381.30 570.79 23.97
394.43 571.90 23.97
408.29 573.30 23.97
423.76 572.43 23.97
439.66 574.01 23.97
454.36 575.03 23.97
491.55 579.29 23.97
505.03 579.78 23.97
521.95 583.66 23.97
536.80 582.89 23.97
551.23 587.10 23.97
591.97 590.42 23.97
604.07 591.28 23.97
619.47 594.65 23.97
267.91 413.23 7.40
274.53 412.10 7.40
281.53 410.83 7.40
288.55 409.68 7.40
295.87 409.72 7.40
302.32 408.08 7.40
308.63 408.58 7.40
325.59 406.93 7.40
332.90 406.07 7.40
339.78 405.17 7.40
346.39 404.99 7.40
352.98 404.73 7.40
359.96 404.87 7.40
367.48 403.97 7.40
373.97 405.02 7.40
380.60 404.43 7.40
397.98 404.42 7.40
405.04 404.52 7.40
421.96 405.06 7.40
428.55 405.60 7.40
436.39 406.32 7.40
442.81 405.76 7.40
449.99 407.04 7.40
456.76 408.25 7.40
463.21 407.03 7.40
257.47 501.93 6.41
262.09 501.28 6.41
265.97 501.11 6.41
270.93 500.65 6.41
274.65 499.71 6.41
279.03 499.24 6.41
283.04 499.01 6.41
287.72 498.17 6.41
291.56 497.78 6.41
295.70 497.14 6.41
306.87 496.01 6.41
311.63 495.86 6.41
315.81 495.44 6.41
319.84 495.74 6.41
324.02 495.15 6.41
328.91 494.12 6.41
332.78 494.19 6.41
343.60 494.49 6.41
347.56 493.82 6.41
352.12 493.46 6.41
356.65 493.15 6.41
361.23 492.55 6.41
365.39 493.29 6.41
369.35 493.77 6.41
381.43 493.55 6.41
385.30 493.92 6.41
389.36 493.94 6.41
393.90 493.59 6.41
284.01 -135.68 17.34
296.45 -124.43 17.34
306.38 -114.92 17.34
317.46 -108.10 17.34
327.90 -98.45 17.34
339.75 -91.22 17.34
370.03 -77.35 17.34
383.03 -71.37 17.34
394.26 -65.00 17.34
409.04 -61.67 17.34
422.23 -58.95 17.34
437.07 -54.87 17.34
471.00 -49.46 17.34
484.14 -47.45 17.34
498.86 -46.38 17.34
512.60 -43.20 17.34
526.97 -40.93 17.34
543.62 -40.08 17.34
576.03 -31.58 17.34
590.23 -29.15 17.34
602.33 -24.50 17.34
616.00 -19.00 17.34
627.90 -14.63 17.34
640.91 -8.71 17.34
651.59 -3.10 17.34
680.50 16.88 17.34
690.64 27.02 17.34
701.31 34.22 17.34
712.83 46.02 17.34
722.49 55.93 17.34
732.30 65.12 17.34
742.31 77.32 17.34
753.14 86.04 17.34
762.96 97.27 17.34
771.60 106.34 17.34
796.47 131.32 17.34
818.23 148.24 17.34
830.12 156.03 17.34
840.85 165.80 17.34
853.93 170.80 17.34
864.81 175.45 17.34
877.91 182.33 17.34
274.45 -112.75 17.34
282.81 -104.12 17.34
294.65 -91.15 17.34
305.05 -85.77 17.34
314.98 -77.73 17.34
327.40 -68.86 17.34
340.21 -62.46 17.34
352.29 -56.82 17.34
364.63 -51.17 17.34
376.91 -45.66 17.34
410.64 -35.91 17.34
423.07 -33.32 17.34
437.63 -29.71 17.34
452.27 -29.63 17.34
464.41 -26.78 17.34
477.11 -23.34 17.34
495.21 -22.86 17.34
507.13 -19.88 17.34
522.26 -19.27 17.34
557.15 -12.36 17.34
570.48 -8.91 17.34
584.07 -3.03 17.34
596.53 -1.45 17.34
609.01 5.39 17.34
622.52 10.21 17.34
634.44 18.19 17.34
646.39 23.58 17.34
657.69 31.79 17.34
686.12 55.15 17.34
695.27 63.49 17.34
705.23 72.44 17.34
715.20 83.40 17.34
725.83 94.15 17.34
735.03 103.05 17.34
743.47 114.39 17.34
754.26 124.76 17.34
765.16 134.98 17.34
802.31 166.64 17.34
812.34 176.11 17.34
823.84 183.03 17.34
834.56 192.09 17.34
845.99 196.73 17.34
891.35 214.94 17.34
918.59 219.87 17.34
932.78 224.67 17.34
945.32 227.47 17.34
462.09 861.55 13.93
471.64 855.03 13.93
479.96 849.16 13.93
487.45 840.07 13.93
493.39 830.62 13.93
500.09 818.24 13.93
504.58 806.19 13.93
510.15 796.72 13.93
531.19 758.20 13.93
537.84 750.06 13.93
547.05 742.61 13.93
556.31 737.23 13.93
567.72 731.16 13.93
576.84 726.73 13.93
608.43 718.98 13.93
620.99 716.13 13.93
632.28 711.23 13.93
642.92 707.20 13.93
653.24 702.21 13.93
662.97 695.01 13.93
669.84 686.18 13.93
685.00 659.95 13.93
690.94 651.15 13.93
695.38 637.54 13.93
701.15 627.27 13.93
715.33 601.60 13.93
725.41 591.02 13.93
731.70 585.08 13.93
743.93 579.28 13.93
754.28 574.38 13.93
765.29 570.01 13.93
777.07 567.58 13.93
790.29 564.35 13.93
800.86 561.46 13.93
471.02 872.68 13.93
483.04 866.38 13.93
489.55 859.38 13.93
497.51 851.79 13.93
503.30 840.19 13.93
510.44 830.52 13.93
515.75 818.35 13.93
521.38 808.72 13.93
525.96 796.29 13.93
531.21 785.54 13.93
547.98 761.99 13.93
556.87 752.76 13.93
564.43 747.69 13.93
576.98 742.04 13.93
587.90 737.83 13.93
600.92 734.71 13.93
612.77 731.66 13.93
625.11 728.74 13.93
635.92 725.56 13.93
648.80 721.32 13.93
657.95 715.17 13.93
666.97 709.56 13.93
676.05 701.65 13.93
682.34 693.03 13.93
687.48 682.76 13.93
702.64 654.36 13.93
713.60 631.50 13.93
718.71 622.69 13.93
726.46 613.49 13.93
733.95 604.16 13.93
742.85 595.47 13.93
752.85 590.71 13.93
763.57 585.82 13.93
774.18 582.35 13.93
786.74 578.78 13.93
800.25 575.66 13.93
483.56 883.97 13.93
491.39 877.37 13.93
499.95 869.70 13.93
509.05 860.56 13.93
514.70 851.57 13.93
520.58 840.98 13.93
525.78 830.30 13.93
530.84 817.83 13.93
536.60 806.41 13.93
549.95 784.68 13.93
554.00 775.79 13.93
577.12 756.97 13.93
588.07 752.03 13.93
597.95 748.18 13.93
609.90 745.17 13.93
621.12 742.49 13.93
635.34 739.56 13.93
647.17 735.18 13.93
658.10 731.46 13.93
683.97 715.07 13.93
689.86 707.51 13.93
697.84 698.18 13.93
703.16 687.13 13.93
709.13 676.80 13.93
713.68 664.96 13.93
724.36 643.66 13.93
740.19 616.74 13.93
748.53 610.18 13.93
759.49 603.37 13.93
767.62 598.52 13.93
781.31 594.07 13.93
494.22 893.87 13.93
502.90 887.41 13.93
511.64 879.61 13.93
520.00 871.96 13.93
533.71 844.64 13.93
539.99 834.43 13.93
545.78 821.41 13.93
549.93 809.67 13.93
556.50 800.93 13.93
574.52 777.66 13.93
582.84 771.11 13.93
593.46 765.46 13.93
604.26 760.22 13.93
614.82 757.42 13.93
626.53 754.07 13.93
658.32 746.08 13.93
669.17 742.56 13.93
680.07 736.46 13.93
688.50 731.00 13.93
504.86 903.43 13.93
513.27 897.86 13.93
523.45 889.17 13.93
529.89 883.74 13.93
538.43 872.09 13.93
543.83 861.45 13.93
547.18 849.19 13.93
561.60 820.23 13.93
566.34 810.08 13.93
574.36 801.41 13.93
580.17 793.17 13.93
589.76 784.73 13.93
600.79 778.93 13.93
609.51 773.81 13.93
638.23 764.24 13.93
650.61 761.69 13.93
663.99 758.55 13.93
673.97 754.30 13.93
686.67 749.13 13.93
708.31 732.55 13.93
717.29 723.44 13.93
723.00 715.18 13.93
728.66 704.41 13.93
740.86 674.64 13.93
746.86 663.71 13.93
751.58 651.88 13.93
758.73 643.55 13.93
767.81 634.85 13.93
776.48 626.93 13.93
785.01 620.68 13.93
795.79 616.21 13.93
809.00 614.51 13.93
819.45 609.21 13.93
831.98 606.35 13.93
844.42 604.80 13.93
856.82 599.85 13.93
866.60 595.49 13.93
878.29 589.64 13.93
514.09 914.87 13.93
523.49 908.07 13.93
532.73 901.96 13.93
541.11 893.50 13.93
548.49 882.95 13.93
561.04 854.93 13.93
565.16 844.10 13.93
570.92 833.21 13.93
576.34 820.77 13.93
583.19 812.42 13.93
590.51 803.95 13.93
598.77 795.53 13.93
609.05 789.76 13.93
618.73 784.62 13.93
650.66 775.30 13.93
660.82 772.46 13.93
674.35 770.07 13.93
684.21 765.20 13.93
694.98 761.30 13.93
704.77 755.36 13.93
714.73 749.07 13.93
722.53 740.31 13.93
728.87 731.43 13.93
743.09 701.38 13.93
747.75 690.86 13.93
753.70 679.80 13.93
759.56 669.80 13.93
765.39 659.42 13.93
772.42 648.68 13.93
795.38 632.49 13.93
805.86 627.99 13.93
817.79 623.66 13.93
829.32 621.18 13.93
839.44 618.02 13.93
853.87 615.53 13.93
145.95 219.76 9.67
153.49 217.60 9.67
162.48 215.33 9.67
171.59 214.75 9.67
180.29 213.41 9.67
188.33 211.75 9.67
198.15 211.13 9.67
219.17 207.29 9.67
228.70 206.10 9.67
237.15 204.67 9.67
266.71 197.47 9.67
275.53 194.88 9.67
283.36 191.68 9.67
289.91 187.59 9.67
298.32 185.03 9.67
307.47 180.51 9.67
325.93 169.55 9.67
333.42 164.79 9.67
340.96 160.19 9.67
349.59 155.98 9.67
356.69 150.48 9.67
364.56 145.96 9.67
371.22 142.78 9.67
392.17 132.72 9.67
397.84 129.30 9.67
407.56 125.80 9.67
415.02 122.71 9.67
424.46 120.43 9.67
432.28 117.67 9.67
454.20 113.85 9.67
462.51 111.87 9.67
470.58 110.04 9.67
479.49 108.69 9.67
488.29 107.08 9.67
497.68 106.57 9.67
505.39 104.77 9.67
514.66 104.71 9.67
151.39 235.52 9.67
159.65 233.41 9.67
168.20 231.65 9.67
177.81 229.53 9.67
185.60 227.66 9.67
194.71 227.70 9.67
216.75 223.33 9.67
225.39 223.61 9.67
234.01 222.46 9.67
242.58 220.32 9.67
252.02 218.21 9.67
259.32 215.66 9.67
268.87 212.99 9.67
277.03 210.50 9.67
284.79 207.16 9.67
292.51 204.29 9.67
300.85 201.07 9.67
319.54 190.99 9.67
328.40 186.61 9.67
334.88 182.98 9.67
342.96 177.54 9.67
350.32 174.08 9.67
357.56 168.79 9.67
366.09 165.01 9.67
373.92 159.29 9.67
382.06 154.59 9.67
389.32 151.79 9.67
156.44 250.16 9.67
163.45 247.46 9.67
173.40 247.55 9.67
181.10 245.02 9.67
190.39 244.58 9.67
211.66 240.64 9.67
221.81 239.78 9.67
228.69 237.92 9.67
251.73 234.52 9.67
261.63 232.54 9.67
268.06 230.53 9.67
276.53 227.99 9.67
284.01 224.63 9.67
293.52 222.07 9.67
301.55 218.56 9.67
309.19 214.63 9.67
316.83 211.15 9.67
324.97 206.30 9.67
332.67 202.93 9.67
339.89 197.85 9.67
347.66 193.12 9.67
367.52 181.76 9.67
374.11 177.90 9.67
393.27 167.47 9.67
401.93 163.68 9.67
409.18 159.54 9.67
417.49 155.98 9.67
426.35 153.74 9.67
446.08 146.85 9.67
454.92 146.01 9.67
464.63 143.81 9.67
481.18 140.72 9.67
490.05 139.63 9.67
498.20 138.53 9.67
507.78 136.84 9.67
515.90 136.04 9.67
