426.27 1343.24 27
453.27 1338.57 29
474.77 1336.57 30
499.96 1337.65 29
529.15 1329.91 29
558.55 1321.80 29
575.88 1313.34 28
602.91 1317.02 29
635.94 1308.38 26
661.14 1295.87 25
686.02 1301.46 24
707.17 1295.21 30
739.63 1286.30 28
763.78 1276.93 27
809.63 1275.64 27
859.81 1233.98 26
864.29 1263.71 26
897.36 1258.51 27
926.33 1262.16 29
939.64 1242.87 28
977.79 1256.56 25
993.42 1247.64 29
1021.95 1251.52 29
1051.50 1249.31 28
1079.83 1246.20 28
1100.50 1261.73 28
1123.12 1255.74 28
1148.33 1261.71 26
1182.35 1260.81 30
1207.38 1272.25 29
1233.24 1277.23 28
1236.54 1237.08 26
1284.02 1285.83 26
1310.04 1292.93 29
1338.18 1302.00 28
1348.94 1296.80 28
1387.71 1307.42 26
1407.27 1314.08 28
1436.98 1328.73 26
1483.21 1329.27 27
1516.99 1328.75 30
1549.34 1338.75 26
1572.40 1342.80 26
1597.04 1351.12 28
1620.74 1332.76 29
1644.00 1341.01 25
1667.09 1336.39 28
1693.74 1332.92 29
422.46 1262.22 27
443.84 1268.74 28
468.24 1259.00 29
492.09 1249.24 29
521.91 1251.60 27
553.43 1253.23 27
584.20 1242.80 28
599.40 1241.85 28
622.86 1235.28 27
655.42 1232.56 26
681.13 1224.38 28
712.53 1211.41 29
731.67 1209.47 29
763.22 1207.12 27
787.69 1191.61 30
813.17 1189.61 31
837.69 1188.74 26
867.81 1189.89 28
884.98 1180.71 28
919.42 1178.84 25
939.76 1177.43 27
966.44 1179.61 26
991.48 1172.35 27
1014.37 1174.68 25
1044.93 1174.34 27
1063.54 1179.74 27
1093.19 1181.53 27
1117.27 1182.37 29
1148.85 1189.45 27
1175.91 1188.25 28
1195.24 1198.06 28
1235.02 1208.00 27
1245.02 1203.39 27
1277.07 1209.16 29
1300.75 1223.74 28
1330.94 1220.04 29
1355.81 1223.42 26
1379.50 1234.70 28
1400.42 1241.66 27
1430.81 1247.23 28
1459.56 1250.07 29
1482.55 1254.93 30
1509.64 1259.86 25
1526.58 1263.95 26
1562.97 1266.34 29
1592.41 1273.88 28
412.52 1192.76 30
439.83 1188.89 29
469.75 1190.18 28
490.98 1178.88 28
523.71 1178.58 31
550.46 1168.83 27
573.04 1165.91 28
599.49 1157.97 25
627.66 1159.91 27
651.11 1153.50 28
670.89 1145.82 27
703.57 1139.50 28
723.74 1137.77 26
752.49 1133.73 27
782.52 1118.43 27
810.09 1109.68 27
836.32 1114.27 30
857.71 1107.14 25
882.45 1107.25 29
908.87 1101.38 28
936.57 1107.42 25
989.35 1099.71 28
1016.65 1101.23 30
1040.72 1099.52 26
1066.45 1102.03 27
1088.72 1109.38 28
1120.33 1111.82 26
1141.10 1111.76 28
1169.52 1119.82 30
1192.75 1114.79 27
1212.18 1124.30 26
1245.97 1132.54 28
1274.17 1133.01 27
1292.76 1138.03 25
1327.22 1149.24 29
1357.07 1157.54 29
1377.01 1160.98 28
1409.11 1169.00 28
1434.98 1174.09 28
1452.11 1176.58 27
1475.21 1179.25 28
1488.92 1161.95 26
1533.04 1185.59 27
1549.71 1189.66 27
1585.51 1192.58 29
1612.18 1191.71 28
1625.94 1188.94 27
1656.28 1190.15 27
416.89 1112.99 30
442.10 1112.39 28
458.64 1109.63 27
489.35 1108.96 24
518.63 1102.50 28
542.47 1092.82 26
565.28 1093.52 28
589.51 1090.42 29
622.26 1082.37 23
644.34 1080.08 28
672.77 1073.72 30
700.32 1068.90 27
727.41 1053.41 30
744.42 1062.25 26
779.46 1043.78 26
806.97 1045.47 28
825.97 1035.45 26
857.92 1039.26 30
876.64 1042.95 29
906.74 1031.36 26
932.95 1036.93 28
959.63 1020.68 29
975.68 1019.84 29
1009.80 1032.29 29
1031.26 1022.69 27
1056.24 1028.96 27
1079.73 1035.05 29
1112.94 1043.50 25
1132.73 1037.63 28
1167.20 1039.16 28
1189.43 1048.22 26
1216.52 1053.30 27
1242.47 1059.73 30
1263.15 1062.63 26
1297.07 1062.11 28
1315.42 1063.70 28
1342.57 1079.66 28
1372.34 1085.89 27
1398.61 1092.28 28
1418.16 1099.93 26
1452.52 1105.41 25
1476.96 1102.23 31
1502.50 1112.71 30
1521.90 1112.04 25
1550.94 1111.43 27
1580.22 1120.45 26
1605.64 1123.72 27
1627.96 1114.59 28
1655.95 1116.54 27
412.02 1033.96 30
429.40 1037.00 26
460.26 1033.65 25
485.83 1030.56 28
507.79 1030.48 29
544.18 1022.61 23
557.29 1013.63 28
589.35 1005.87 28
619.60 1005.05 29
646.63 994.13 29
672.73 997.40 27
697.30 993.20 29
721.66 984.67 28
746.45 977.07 27
776.53 974.89 27
806.31 965.93 26
820.72 966.21 30
848.43 957.59 26
875.08 959.61 27
902.87 958.65 28
934.05 944.99 25
956.93 957.48 27
990.88 952.20 26
1006.92 950.27 28
1032.74 952.02 27
1064.39 954.36 27
1080.10 959.63 26
1115.56 962.84 27
1135.92 963.52 27
1158.41 959.93 28
1186.28 972.57 26
1212.91 970.95 27
1240.94 981.17 28
1259.72 979.87 28
1295.39 987.37 25
1317.89 990.36 26
1339.62 1002.33 28
1370.53 1006.70 28
1388.56 1014.61 30
1425.11 1022.28 28
1445.10 1021.66 26
407.84 971.77 26
437.49 962.59 28
462.61 960.59 26
489.73 958.28 27
521.14 941.94 27
539.94 945.41 28
568.87 946.07 28
590.14 932.84 27
613.72 933.33 29
646.47 926.93 25
664.04 923.77 28
695.03 907.83 28
722.01 905.80 28
748.64 902.07 26
777.50 895.33 26
800.05 899.82 30
823.54 890.95 29
848.03 884.61 28
878.66 883.62 29
908.38 877.05 25
937.78 871.53 29
950.67 883.36 25
986.89 877.43 26
1006.31 875.79 27
1034.12 875.61 29
1052.05 880.48 26
1083.96 874.93 29
1107.70 879.03 30
1137.71 884.27 29
1158.76 891.01 28
1189.53 891.56 26
1217.11 898.13 27
1237.00 907.88 26
1267.45 916.35 27
1302.14 918.82 27
1314.89 923.00 27
1350.35 928.27 30
1368.61 922.91 30
1397.39 936.86 28
1424.99 950.38 28
1454.71 957.19 29
1471.79 950.46 28
1500.93 959.56 24
1527.59 964.37 27
1572.70 961.85 29
406.48 886.10 29
432.96 889.21 25
470.82 885.04 26
489.06 890.35 26
517.58 875.52 28
538.03 877.91 24
573.54 864.46 29
631.49 839.24 26
621.36 858.18 26
647.97 849.95 26
669.54 848.39 29
700.24 842.90 26
727.34 836.86 26
753.18 833.30 26
773.13 823.72 28
803.11 817.53 28
825.15 814.84 27
856.48 818.76 29
883.88 807.70 29
904.35 807.13 29
932.01 796.76 28
960.48 803.64 27
982.43 798.91 27
1012.00 802.95 30
1032.53 804.04 27
1054.98 805.57 27
1088.08 804.10 31
1112.75 810.15 27
1143.98 806.91 28
1168.05 817.07 27
1202.71 826.93 29
1220.88 824.40 26
1240.84 828.65 27
1266.25 835.87 29
1288.18 835.76 25
1323.16 849.26 29
1345.70 847.19 26
1373.50 857.38 28
1401.12 866.99 30
1420.90 852.45 27
1448.06 878.21 29
1475.56 879.78 30
1505.19 876.24 27
381.69 1450.56 10
395.49 1450.96 9
410.22 1448.72 9
420.65 1450.38 9
434.92 1449.72 10
447.75 1450.49 9
461.03 1449.26 10
473.56 1449.43 10
487.54 1449.25 9
499.04 1449.87 10
512.38 1450.44 10
525.66 1448.73 9
540.40 1449.73 10
551.28 1449.27 9
565.52 1450.77 9
578.97 1450.21 9
590.30 1452.01 10
603.60 1448.66 10
617.13 1449.70 10
629.59 1449.89 10
644.14 1449.50 10
658.07 1450.71 9
669.93 1448.48 10
683.00 1449.58 9
695.85 1450.59 10
707.92 1450.28 9
722.36 1449.61 10
735.09 1450.38 9
748.23 1448.88 9
761.25 1450.68 10
773.74 1450.47 10
786.92 1450.42 10
801.30 1450.10 9
813.61 1449.42 10
827.76 1450.36 9
839.21 1449.36 9
852.79 1449.73 9
866.11 1449.63 9
879.75 1450.40 10
892.05 1449.62 10
904.59 1449.36 9
918.75 1450.58 9
931.56 1450.31 9
945.42 1450.63 9
175.60 2503.43 23
203.25 2501.01 23
228.63 2501.00 22
255.74 2504.20 22
281.41 2503.96 22
308.92 2500.21 23
334.90 2501.88 22
363.05 2500.49 22
384.35 2504.06 23
412.96 2498.91 22
437.68 2500.10 23
464.05 2501.53 22
491.97 2501.13 23
517.98 2504.67 22
539.61 2500.67 23
568.02 2502.79 22
596.16 2499.96 23
623.43 2498.77 22
648.52 2500.80 23
674.92 2499.99 23
700.40 2501.45 22
726.85 2501.51 23
753.90 2504.48 23
781.20 2502.74 22
808.39 2501.69 22
831.98 2503.34 23
861.24 2501.92 22
887.32 2500.75 22
912.99 2501.37 23
942.37 2498.06 23
964.52 2500.59 23
993.41 2504.70 22
1018.59 2501.79 23
1046.23 2499.48 23
1067.03 2503.07 23
1092.84 2503.07 22
1126.67 2500.63 23
1151.16 2500.79 23
1172.98 2505.23 23
1204.60 2500.44 23
1228.22 2504.58 23
1257.22 2504.87 23
1281.69 2499.98 22
1306.00 2498.78 23
1335.00 2502.65 23
1357.43 2502.89 22
1385.63 2501.94 23
1414.24 2500.46 23
189.24 2434.68 23
213.08 2435.03 22
242.00 2433.34 23
269.53 2434.53 23
292.60 2436.70 22
320.70 2434.97 22
344.80 2432.58 22
373.28 2435.57 23
396.48 2431.53 22
425.79 2432.96 22
452.15 2435.72 23
480.90 2435.94 22
505.46 2433.29 23
530.47 2431.87 23
556.15 2437.73 23
584.15 2436.32 23
610.32 2435.54 22
635.66 2434.86 23
661.35 2435.79 23
688.06 2432.15 23
717.51 2432.31 22
742.77 2433.35 23
765.61 2432.12 22
790.59 2435.15 22
821.69 2431.93 22
847.01 2437.96 23
871.51 2434.03 22
896.20 2434.48 23
925.72 2435.07 22
952.53 2435.52 23
977.53 2433.06 22
1008.74 2437.31 23
1032.25 2434.73 23
1056.72 2436.73 23
1085.58 2434.54 23
1110.69 2433.83 23
1137.47 2434.72 22
1159.89 2433.81 22
1189.00 2437.19 22
1215.69 2438.40 22
1244.25 2436.43 23
1269.63 2434.54 23
1293.22 2437.25 22
1320.62 2438.70 22
1345.19 2435.20 22
1375.41 2435.46 22
1398.10 2437.62 22
225.28 2368.99 23
252.55 2368.73 22
282.17 2368.63 22
304.58 2364.98 23
330.41 2366.38 22
362.42 2370.38 22
387.34 2368.56 23
411.92 2365.55 23
440.71 2367.72 22
465.57 2368.02 23
496.10 2368.66 22
518.93 2368.84 22
542.69 2363.90 22
572.09 2365.10 22
597.62 2369.61 23
619.90 2366.18 22
650.10 2368.75 22
673.82 2367.20 22
700.30 2366.41 22
723.67 2364.31 22
756.51 2370.21 22
779.55 2365.99 23
805.06 2367.36 22
830.74 2367.16 23
855.18 2368.17 22
887.14 2368.50 22
913.31 2370.65 23
937.37 2366.06 22
968.12 2368.15 23
988.87 2368.83 22
1016.84 2370.30 22
1041.89 2367.34 23
1071.43 2366.58 22
1096.31 2367.63 22
1120.87 2367.52 22
1149.62 2366.74 23
1177.03 2366.25 23
1204.38 2366.00 23
1225.03 2366.19 22
1252.27 2371.46 23
1280.43 2365.83 22
1305.88 2367.31 22
1333.71 2368.45 22
1357.18 2369.14 22
203.52 2299.18 22
228.23 2300.89 23
254.74 2301.52 22
284.29 2302.48 23
306.94 2299.99 23
333.70 2301.81 22
357.57 2299.20 23
386.39 2298.49 22
413.06 2304.79 23
436.97 2298.18 23
467.43 2300.02 22
492.60 2300.35 22
517.73 2300.01 23
542.24 2305.17 22
567.70 2300.13 23
596.59 2303.22 23
623.60 2303.84 23
646.80 2301.32 22
672.49 2301.19 23
702.79 2299.04 22
729.98 2300.97 22
754.81 2301.67 23
782.25 2299.65 22
811.09 2300.57 23
831.90 2302.19 23
858.94 2298.85 22
889.49 2302.42 23
911.47 2302.85 23
937.78 2298.43 22
966.72 2302.59 22
992.28 2300.11 23
1019.61 2303.60 23
1044.87 2301.80 23
1069.37 2301.65 23
1099.39 2301.26 22
1120.13 2305.32 23
1152.64 2299.57 23
1175.91 2302.50 23
1200.45 2300.09 22
1232.23 2300.63 22
1255.29 2298.28 22
1281.01 2299.24 23
1306.98 2301.17 22
1335.81 2302.19 23
1361.10 2300.03 22
1384.41 2298.06 23
253.86 2232.13 22
285.22 2232.33 22
305.76 2236.07 23
335.40 2233.94 23
357.43 2232.43 22
389.73 2233.12 22
411.79 2234.34 23
437.05 2231.22 23
467.17 2232.05 22
491.59 2237.14 23
515.80 2232.57 22
542.78 2231.89 23
568.51 2233.25 22
597.39 2234.31 23
649.28 2234.96 22
677.79 2232.76 23
727.33 2234.68 22
753.01 2235.26 22
782.07 2234.55 22
807.45 2235.76 23
834.69 2233.32 22
861.10 2234.49 23
886.30 2234.10 23
914.38 2231.60 23
941.16 2232.93 23
966.09 2233.30 23
991.68 2233.69 22
1016.10 2235.39 22
1042.93 2230.25 22
1072.70 2232.63 22
1096.79 2235.27 22
1120.62 2232.56 23
1145.87 2231.23 23
1174.65 2234.26 22
1202.67 2232.67 22
1225.63 2230.97 23
1254.65 2234.93 23
1284.02 2236.36 22
1308.13 2235.26 23
1335.74 2233.24 22
241.62 2167.34 23
267.89 2166.42 23
294.24 2165.94 22
322.56 2166.19 23
347.36 2167.40 22
372.77 2167.62 23
402.90 2167.12 23
424.16 2166.37 23
453.14 2165.60 22
479.90 2165.01 23
504.27 2165.21 22
531.33 2168.79 22
558.17 2163.85 22
584.71 2165.91 22
609.98 2164.73 23
636.04 2167.05 22
659.66 2166.66 23
687.07 2164.78 23
715.81 2166.58 23
739.90 2165.44 22
767.29 2165.18 23
794.06 2169.15 22
821.17 2165.78 23
843.90 2169.12 22
876.12 2166.66 23
900.70 2167.41 23
926.67 2167.45 23
953.43 2165.02 23
974.74 2165.58 22
1003.14 2167.42 22
1032.05 2168.46 22
1053.95 2163.97 23
1084.67 2165.30 22
1108.75 2162.17 22
1137.34 2166.17 22
1161.50 2164.04 23
1191.99 2166.20 22
1218.03 2168.82 23
1241.36 2164.42 22
1266.97 2166.89 22
1294.60 2166.50 22
1319.09 2164.29 23
1346.41 2168.52 22
268.67 2100.89 23
292.83 2096.35 22
320.61 2099.91 22
348.07 2097.67 23
370.72 2094.28 23
397.51 2098.20 22
423.60 2099.56 22
449.71 2097.90 22
480.84 2099.66 22
501.54 2099.11 22
529.23 2099.99 23
557.44 2098.92 23
582.75 2101.58 23
612.57 2101.92 22
633.90 2097.50 23
661.22 2099.41 23
688.74 2098.85 22
712.79 2097.41 23
740.98 2100.27 23
768.82 2101.93 22
794.45 2099.32 22
819.30 2100.42 23
845.65 2098.58 22
876.88 2100.28 22
897.79 2096.49 23
924.99 2098.88 23
954.23 2096.29 22
978.69 2098.32 22
1007.90 2100.09 23
1034.12 2098.04 23
1055.99 2100.56 22
1083.43 2101.39 23
1112.00 2096.54 22
1137.23 2099.33 23
1164.24 2098.99 23
1191.25 2097.51 23
1216.92 2097.74 22
1239.75 2097.82 23
1268.77 2098.30 23
1294.30 2101.89 23
1321.69 2100.29 22
268.61 2032.55 23
293.69 2031.52 22
323.51 2032.68 23
345.94 2030.64 22
369.00 2031.44 22
398.59 2030.67 23
422.24 2029.91 23
451.15 2033.46 22
479.57 2029.79 23
505.30 2033.13 23
528.88 2032.92 23
556.75 2029.83 22
584.55 2034.56 23
607.76 2030.00 22
636.58 2030.96 23
663.62 2031.49 23
687.98 2033.07 23
713.68 2031.45 23
739.08 2031.14 23
766.20 2033.53 23
795.64 2029.10 22
816.63 2034.54 23
850.49 2030.47 23
873.06 2032.54 22
900.15 2033.26 22
925.24 2034.79 23
950.06 2030.99 22
979.60 2031.27 23
1005.46 2028.95 23
1030.82 2032.64 23
1058.67 2030.92 23
1082.82 2032.07 23
1111.95 2034.66 23
1136.11 2035.00 22
1165.45 2031.17 22
1189.29 2032.00 22
1212.71 2030.57 23
1240.96 2030.09 22
1267.21 2029.84 22
1297.80 2030.14 23
1320.79 2035.91 22
186.42 1964.90 23
215.40 1963.24 22
241.90 1967.26 22
267.17 1961.51 22
292.94 1963.40 22
322.20 1966.20 22
346.14 1963.98 23
372.73 1964.23 22
395.45 1963.40 22
423.77 1964.25 22
451.29 1967.70 22
476.29 1964.27 23
503.61 1965.54 23
529.59 1964.95 23
559.74 1962.52 23
583.27 1965.74 23
610.44 1970.06 22
634.16 1965.44 23
662.20 1961.38 23
687.03 1964.35 23
714.04 1966.35 22
740.81 1965.37 22
768.15 1960.40 22
794.93 1962.70 22
821.23 1965.36 23
843.44 1961.73 23
874.36 1964.89 22
900.31 1963.74 22
928.47 1963.83 22
952.64 1966.52 23
978.62 1964.45 23
1004.51 1963.71 22
1027.89 1961.81 22
1057.87 1963.17 23
1084.74 1962.80 23
1111.22 1966.72 22
1134.99 1962.92 22
1163.84 1966.67 23
1191.95 1964.76 23
1217.60 1963.97 22
1237.27 1962.68 22
1267.67 1967.78 23
1296.30 1965.06 22
1318.79 1966.49 22
1349.46 1963.11 23
1373.90 1969.51 23
1399.31 1966.44 22
148.61 1895.22 23
171.43 1895.57 22
202.85 1893.65 22
227.69 1899.84 23
253.85 1896.32 23
282.54 1896.09 22
307.09 1895.85 22
330.99 1899.14 22
362.54 1897.07 23
386.25 1898.45 23
415.09 1898.97 22
439.73 1896.66 23
465.07 1897.77 22
489.99 1896.18 22
516.48 1899.81 23
545.78 1897.96 22
571.48 1895.69 22
592.41 1895.09 23
619.39 1895.49 23
649.93 1897.76 23
675.06 1896.25 23
702.61 1896.56 23
728.25 1897.07 22
756.47 1899.20 22
778.92 1896.85 22
806.46 1899.06 22
833.20 1901.21 23
859.24 1896.95 23
886.70 1897.84 22
910.33 1895.55 22
937.86 1899.28 23
964.45 1894.44 22
990.66 1897.58 23
1017.37 1899.33 22
1043.23 1896.57 22
1071.86 1897.69 23
1095.07 1894.81 22
1123.95 1895.70 22
1151.63 1895.34 22
1175.38 1896.08 22
1202.45 1896.86 23
1227.40 1896.48 23
1252.50 1895.28 22
1283.87 1899.80 23
1305.85 1899.32 22
1334.60 1896.87 22
1359.24 1900.08 23
1383.55 1895.73 22
1414.82 1896.51 23
1439.41 1898.66 23
214.49 1831.60 23
241.30 1830.97 23
267.54 1831.10 23
291.57 1830.28 22
320.84 1830.22 23
345.73 1831.66 22
374.50 1832.15 23
399.32 1829.68 23
428.22 1828.64 23
451.56 1832.47 22
480.81 1833.07 22
507.15 1829.45 23
531.07 1829.82 22
558.93 1827.37 23
583.44 1828.76 22
610.25 1828.00 23
637.22 1830.12 22
661.68 1830.56 22
689.74 1830.52 22
714.66 1829.88 22
742.00 1825.43 23
769.73 1829.33 23
794.73 1833.02 22
818.88 1828.37 23
848.53 1830.57 22
871.95 1828.43 23
926.14 1829.49 23
952.56 1831.79 23
978.27 1831.97 23
1004.26 1829.36 23
1030.96 1831.95 22
1058.00 1833.19 23
1084.04 1830.47 22
1110.68 1831.44 22
1135.58 1832.20 22
1162.04 1831.14 22
1189.04 1830.36 22
1217.05 1836.86 22
1242.84 1831.85 22
1269.40 1829.17 23
1293.25 1828.92 22
1317.07 1829.42 23
1344.67 1831.72 22
1375.43 1830.57 22
228.32 1763.33 22
255.11 1762.45 22
279.23 1764.65 23
306.79 1763.31 23
333.73 1763.41 22
358.00 1763.29 23
387.90 1762.02 22
414.18 1760.49 23
439.12 1764.20 23
465.05 1758.34 22
490.80 1761.93 23
517.04 1762.71 23
545.51 1761.90 23
570.67 1762.77 23
595.39 1763.53 23
623.54 1765.10 22
648.98 1764.53 23
678.89 1761.95 22
700.58 1763.21 23
727.31 1763.33 23
752.26 1764.55 23
780.85 1764.09 22
807.46 1763.98 22
834.59 1764.26 22
856.17 1762.08 23
882.79 1763.98 23
912.86 1761.28 23
938.55 1761.50 22
966.89 1764.89 22
994.23 1763.99 23
1017.65 1760.10 23
1045.90 1763.56 23
1071.54 1764.38 22
1095.29 1764.08 22
1122.85 1762.68 23
1147.25 1764.98 23
1177.21 1762.14 23
1202.96 1762.75 23
1230.34 1762.93 23
1254.44 1762.94 22
1281.46 1760.62 23
1309.14 1762.67 22
1332.78 1764.55 23
1359.73 1760.35 23
451.00 446.12 29
481.36 453.30 26
506.00 446.99 35
532.35 448.42 31
562.51 444.69 35
587.85 446.03 27
594.17 450.01 43
640.59 443.12 36
672.79 451.37 29
691.68 448.06 28
719.16 447.88 26
742.55 455.29 31
764.62 448.06 33
796.04 450.29 34
817.59 457.52 24
849.30 456.06 23
869.57 447.18 33
908.03 448.49 25
926.03 437.54 31
960.67 448.61 22
983.30 452.92 38
1006.73 441.63 32
1034.53 448.34 35
1052.75 439.19 36
1084.05 450.58 28
1114.98 455.43 34
1142.13 457.65 34
1153.68 447.91 33
1192.21 451.63 27
1219.85 453.65 23
1248.54 452.05 24
1275.43 452.26 31
1303.36 454.70 33
1328.76 452.40 34
1353.33 445.85 33
1379.55 447.52 25
1400.47 449.03 24
1429.23 447.38 30
1455.94 450.40 29
1477.45 454.25 28
477.15 395.04 27
509.93 393.57 38
533.34 392.01 27
564.82 394.29 31
582.03 398.83 37
617.57 395.12 32
636.38 403.09 28
672.37 395.78 33
687.56 398.95 30
722.84 400.98 33
742.17 399.38 30
771.05 397.40 31
796.49 398.52 39
825.61 398.03 27
852.14 397.91 29
876.83 395.08 28
907.89 398.88 33
922.48 393.96 32
953.02 401.69 27
979.12 402.37 33
1014.83 395.65 34
1030.09 404.32 29
1065.32 399.02 36
1090.82 399.47 35
1115.01 395.84 22
1135.46 391.60 31
1162.17 400.18 33
1193.13 399.58 30
1220.28 396.22 29
1247.80 401.68 33
1269.17 396.69 29
1299.72 396.93 34
1318.00 394.96 34
1348.28 392.16 37
1383.47 390.71 27
1404.89 394.21 27
1430.43 394.75 26
1459.33 402.62 31
1484.72 396.52 27
1508.33 398.00 27
457.99 344.31 31
484.13 345.98 29
514.76 349.65 29
536.95 350.25 27
589.40 347.30 28
607.74 347.30 31
637.60 348.90 30
660.93 351.26 31
695.06 351.09 35
714.97 338.68 35
748.37 352.26 24
778.82 343.60 28
801.95 353.39 27
813.79 348.28 30
849.32 343.24 36
876.56 338.10 30
898.63 345.03 32
931.79 346.26 29
956.48 342.80 24
982.20 349.80 24
1000.27 341.90 37
1037.79 349.22 30
1052.23 343.36 38
1081.26 337.88 27
1117.51 342.64 31
1135.98 342.84 24
1163.81 344.71 29
1190.87 342.12 29
1216.53 340.66 23
1244.18 343.97 22
1268.01 349.33 24
1297.76 338.66 23
1330.86 343.93 32
1350.84 344.55 21
1377.01 339.45 36
1403.10 346.59 28
1428.27 345.45 25
1455.83 347.87 31
1488.33 345.58 30
1507.04 346.77 24
453.30 289.12 27
479.51 288.14 26
502.60 299.68 31
536.25 295.30 29
559.47 298.87 32
584.15 292.20 27
612.39 294.67 36
638.91 294.87 21
665.55 295.16 25
694.05 298.33 21
714.47 285.79 34
752.48 303.43 26
769.42 296.81 28
791.66 290.48 26
823.88 289.30 26
854.25 292.84 25
879.87 294.30 30
899.19 295.86 26
927.81 300.75 33
950.07 289.43 28
980.20 289.80 31
1013.91 293.86 30
1038.03 293.32 34
1049.34 302.79 34
1088.25 297.46 27
1109.10 297.69 32
1145.24 291.84 34
1170.33 291.38 32
1195.28 299.82 31
1219.19 294.49 31
1247.76 300.29 23
1261.86 291.92 27
1296.39 292.62 23
1329.46 298.28 33
1352.45 302.43 30
1380.94 293.03 25
1416.84 303.44 33
1430.23 289.04 33
1459.89 299.61 32
1482.17 296.47 24
1508.20 295.81 28
1542.13 291.16 24
1554.54 286.39 33
1589.72 304.07 28
1612.90 290.90 28
1640.54 295.27 25
1660.08 295.32 34
1695.07 294.24 26
1722.97 293.38 28
1750.15 295.90 26
449.82 240.20 24
481.04 244.78 28
504.60 239.90 31
536.87 246.55 25
560.32 246.02 36
589.04 237.01 28
609.33 247.74 29
641.19 244.11 25
671.10 251.14 32
691.10 240.77 33
714.23 237.46 27
748.46 239.88 39
770.79 243.18 25
793.33 251.31 25
817.94 237.01 24
852.20 247.27 27
872.11 246.53 30
905.67 240.03 23
924.07 247.79 24
959.25 236.94 32
981.23 246.34 27
1010.08 243.44 27
1053.30 253.30 39
1083.92 243.69 23
1111.01 246.31 21
1144.59 238.92 30
1162.99 239.72 32
1190.65 249.83 31
1221.10 243.32 29
1243.00 245.33 40
1269.77 242.10 28
1289.58 243.69 32
1323.21 245.33 27
1349.33 247.07 19
1375.71 248.06 27
1409.09 237.56 30
1426.88 243.15 25
1454.20 249.46 34
1487.30 252.21 32
1533.06 239.18 25
1568.19 247.93 29
1594.64 242.79 34
1608.20 240.50 29
461.73 193.39 34
486.90 200.17 37
506.94 197.82 31
531.82 192.30 27
560.47 190.63 25
585.37 186.53 27
616.57 191.61 27
640.85 196.22 30
674.41 197.75 35
690.86 194.04 32
727.56 189.89 33
743.37 191.96 27
771.68 193.32 27
793.96 193.56 25
819.11 187.56 26
852.89 199.57 34
876.88 196.53 30
910.65 193.96 29
931.00 188.88 27
959.03 194.65 31
980.81 184.50 28
1003.80 189.10 35
1034.05 205.89 36
1063.33 209.17 36
1083.54 194.21 26
1107.37 190.53 32
1137.47 187.80 27
1164.34 195.47 32
1194.04 190.42 30
1215.31 188.02 31
1243.31 188.82 31
1274.02 197.20 38
1300.77 190.72 34
1332.17 193.80 32
1343.19 186.62 32
1371.24 187.77 31
1407.16 193.21 22
1427.72 194.57 25
1464.20 189.34 28
1483.50 195.93 29
1516.64 196.84 26
1537.88 203.16 38
1562.46 198.92 30
1577.81 197.53 29
1614.15 191.29 27
1639.75 200.09 32
1665.46 199.18 28
1693.42 186.03 31
1726.01 192.55 27
1748.89 186.96 35
449.20 142.33 27
484.24 142.46 24
509.61 143.70 26
532.37 148.34 26
563.49 142.41 27
587.31 137.95 29
612.38 139.55 22
640.89 145.90 28
661.68 150.95 27
689.25 135.74 30
709.56 136.72 26
739.13 135.71 29
772.62 141.74 23
804.89 143.65 29
823.91 149.84 32
847.70 139.05 31
870.19 148.39 29
896.38 143.92 35
931.98 149.17 36
948.01 140.43 27
982.86 137.26 31
1009.55 142.45 36
1025.23 136.11 32
1066.45 144.27 28
1090.61 130.62 28
1114.25 135.85 33
1136.97 139.90 33
1174.66 140.44 35
1194.87 141.26 29
1226.94 140.57 36
1252.39 142.66 36
1268.60 141.45 20
1298.99 139.67 31
1323.65 134.82 23
1350.55 133.30 36
1374.59 146.86 30
1406.71 141.17 33
1425.00 143.79 28
1462.71 139.57 32
1482.62 142.42 39
1511.25 138.66 23
1539.15 143.68 26
450.49 92.23 27
479.19 91.91 27
512.30 87.52 34
557.04 95.62 32
585.76 88.21 32
609.43 93.52 29
637.92 91.57 24
661.45 89.82 30
682.14 92.79 33
715.76 86.66 22
745.21 91.13 33
770.79 95.99 26
796.42 87.59 32
824.14 87.54 34
848.12 82.51 30
872.13 95.65 24
903.41 83.93 24
928.39 89.30 28
952.68 93.41 30
985.69 87.60 31
1007.32 96.42 31
1035.94 93.90 27
1068.31 94.10 28
1091.52 90.71 36
1118.04 93.07 26
1140.19 85.35 31
1176.43 86.27 30
1186.19 91.69 29
1220.83 83.37 29
1255.09 86.22 33
1276.36 95.69 31
1300.75 85.20 33
1323.23 92.90 30
1348.09 88.25 29
1377.24 80.65 28
1404.83 87.26 32
1432.88 88.29 28
1453.26 95.39 27
1485.65 87.17 31
1736.71 891.36 26
1744.70 929.52 23
1735.57 958.20 23
1737.71 998.41 26
1736.01 1024.67 24
1731.39 1055.26 25
1734.74 1091.15 25
1730.37 1161.26 23
1730.41 1183.89 23
1731.71 1229.05 24
1729.91 1257.71 25
1733.50 1290.28 25
1729.74 1320.51 24
1729.02 1353.43 24
1725.22 1385.33 26
1723.76 1415.96 24
1728.00 1450.62 26
1728.53 1484.47 25
1722.70 1521.60 24
1713.99 1550.69 25
1718.04 1587.27 24
1722.81 1617.73 26
1719.00 1656.61 25
1722.82 1683.69 27
1721.15 1713.56 25
1715.62 1751.23 25
1718.70 1773.02 25
1708.69 1814.27 25
1705.34 1851.61 26
1714.05 1879.63 25
1708.35 1912.21 24
1709.65 1942.42 25
1714.25 1978.63 25
1711.57 2002.58 24
1706.20 2044.62 25
1709.09 2083.76 26
1705.98 2107.60 23
1706.87 2140.64 25
1703.98 2175.99 25
1704.52 2208.75 24
1705.21 2238.36 27
1705.52 2273.10 26
1700.36 2308.82 25
1699.11 2344.98 23
1698.04 2370.73 24
1697.16 2405.92 26
1695.88 2443.16 23
