0.169962 0.535582 0.011127
0.180730 0.533722 0.011761
0.189304 0.532922 0.011972
0.199345 0.533354 0.011572
0.210985 0.530267 0.011585
0.222707 0.527032 0.011949
0.229616 0.523659 0.011221
0.240393 0.525129 0.011575
0.253566 0.521684 0.010755
0.263614 0.516695 0.010247
0.273531 0.518922 0.009894
0.281965 0.516430 0.012062
0.294907 0.512878 0.011555
0.304537 0.509144 0.010850
0.322818 0.508627 0.010820
0.342827 0.492016 0.010444
0.344613 0.503873 0.010632
0.357800 0.501799 0.010891
0.369350 0.503252 0.011771
0.374655 0.495560 0.011340
0.389868 0.501021 0.010227
0.396102 0.497462 0.011835
0.407477 0.499009 0.011667
0.419258 0.498128 0.011250
0.430555 0.496892 0.011185
0.438794 0.503084 0.011443
0.447817 0.500693 0.011245
0.457868 0.503073 0.010713
0.471432 0.502715 0.012252
0.481410 0.507278 0.011689
0.491721 0.509261 0.011392
0.493040 0.493255 0.010678
0.511969 0.512691 0.010506
0.522344 0.515522 0.011710
0.533564 0.519139 0.011343
0.537856 0.517067 0.011469
0.553314 0.521302 0.010551
0.561114 0.523954 0.011189
0.572959 0.529797 0.010444
0.591390 0.530010 0.011132
0.604862 0.529804 0.011976
0.617759 0.533793 0.010728
0.626953 0.535407 0.010499
0.636778 0.538723 0.011492
0.646228 0.531404 0.011598
0.655501 0.534695 0.010275
0.664709 0.532851 0.011512
0.675333 0.531467 0.011818
0.168445 0.503279 0.010971
0.176970 0.505879 0.011271
0.186700 0.501992 0.011656
0.196207 0.498104 0.011570
0.208097 0.499044 0.011106
0.220664 0.499692 0.010999
0.232935 0.495536 0.011316
0.238997 0.495157 0.011479
0.248350 0.492534 0.011014
0.261331 0.491450 0.010712
0.271582 0.488190 0.011512
0.284103 0.483018 0.011619
0.291734 0.482246 0.011723
0.304315 0.481308 0.010916
0.314071 0.475124 0.012069
0.324230 0.474327 0.012531
0.334007 0.473981 0.010705
0.346017 0.474439 0.011327
0.352862 0.470777 0.011499
0.366594 0.470031 0.009980
0.374706 0.469470 0.010915
0.385344 0.470339 0.010431
0.395326 0.467444 0.010831
0.404455 0.468373 0.010349
0.416638 0.468238 0.010811
0.424059 0.470390 0.011024
0.435880 0.471103 0.010914
0.445483 0.471439 0.011791
0.458076 0.474263 0.011030
0.468863 0.473782 0.011499
0.476571 0.477694 0.011389
0.492431 0.481660 0.011057
0.496420 0.479822 0.011035
0.509199 0.482120 0.011618
0.518642 0.487933 0.011536
0.530676 0.486458 0.011829
0.540596 0.487807 0.010673
0.550040 0.492305 0.011381
0.558380 0.495079 0.011083
0.570499 0.497302 0.011212
0.581962 0.498435 0.011595
0.591127 0.500370 0.012101
0.601929 0.502338 0.010290
0.608685 0.503968 0.010680
0.623194 0.504920 0.011740
0.634934 0.507928 0.011404
0.164481 0.475582 0.012116
0.175371 0.474040 0.011687
0.187299 0.474554 0.011279
0.195764 0.470048 0.011488
0.208814 0.469928 0.012400
0.219484 0.466040 0.010931
0.228484 0.464875 0.011193
0.239031 0.461712 0.010334
0.250264 0.462482 0.010944
0.259613 0.459929 0.011298
0.267499 0.456868 0.011048
0.280532 0.454348 0.011304
0.288571 0.453655 0.010382
0.300036 0.452044 0.010979
0.312011 0.445945 0.011153
0.323000 0.442455 0.011159
0.333461 0.444288 0.012041
0.341990 0.441445 0.010137
0.351854 0.441488 0.011729
0.362388 0.439146 0.011562
0.373432 0.441556 0.010055
0.394479 0.438481 0.011450
0.405364 0.439086 0.012138
0.414961 0.438404 0.010684
0.425221 0.439404 0.011017
0.434099 0.442338 0.011228
0.446703 0.443308 0.010499
0.454985 0.443284 0.011381
0.466318 0.446501 0.011997
0.475576 0.444493 0.010871
0.483323 0.448285 0.010397
0.496799 0.451573 0.011324
0.508041 0.451760 0.011158
0.515454 0.453758 0.010083
0.529196 0.458228 0.011787
0.541098 0.461539 0.011734
0.549049 0.462912 0.011280
0.561847 0.466107 0.011261
0.572162 0.468138 0.011216
0.578991 0.469129 0.011124
0.588201 0.470196 0.011336
0.593670 0.463299 0.010502
0.611261 0.472725 0.011065
0.617907 0.474347 0.011006
0.632182 0.475510 0.011597
0.642816 0.475163 0.011356
0.648303 0.474061 0.011107
0.660398 0.474542 0.011108
0.166222 0.443777 0.012094
0.176276 0.443537 0.011408
0.182869 0.442434 0.011162
0.195117 0.442171 0.009768
0.206791 0.439593 0.011455
0.216295 0.435735 0.010468
0.225393 0.436012 0.011450
0.235051 0.434778 0.011635
0.248109 0.431566 0.009541
0.256913 0.430653 0.011486
0.268249 0.428120 0.012329
0.279234 0.426196 0.011050
0.290034 0.420019 0.012157
0.296818 0.423546 0.010394
0.310791 0.416180 0.010592
0.321758 0.416855 0.011465
0.329333 0.412859 0.010673
0.342072 0.414377 0.012096
0.349535 0.415851 0.011868
0.361539 0.411227 0.010747
0.371988 0.413448 0.011413
0.382627 0.406969 0.011851
0.389029 0.406635 0.011645
0.402631 0.411599 0.011775
0.411190 0.407772 0.011083
0.421147 0.410271 0.010836
0.430513 0.412698 0.011593
0.443755 0.416070 0.010353
0.451647 0.413730 0.011257
0.465391 0.414338 0.011551
0.474255 0.417950 0.010688
0.485056 0.419976 0.010867
0.495401 0.422542 0.012013
0.503650 0.423695 0.010719
0.517172 0.423487 0.011201
0.524489 0.424123 0.011186
0.535316 0.430487 0.011420
0.547186 0.432971 0.010767
0.557661 0.435519 0.011425
0.565456 0.438568 0.010413
0.579156 0.440755 0.010194
0.588899 0.439485 0.012545
0.599082 0.443664 0.012258
0.606819 0.443398 0.010270
0.618397 0.443154 0.011063
0.630072 0.446751 0.010704
0.640208 0.448056 0.011147
0.649108 0.444416 0.011265
0.660266 0.445190 0.010915
0.164284 0.412263 0.012021
0.171211 0.413478 0.010576
0.183519 0.412143 0.010363
0.193712 0.410909 0.011271
0.202467 0.410878 0.011917
0.216977 0.407738 0.009496
0.222203 0.404159 0.011540
0.234989 0.401064 0.011201
0.247048 0.400737 0.011634
0.257827 0.396384 0.011804
0.268233 0.397689 0.010859
0.278030 0.396014 0.011705
0.287743 0.392610 0.011249
0.297628 0.389582 0.011123
0.309620 0.388711 0.010820
0.321495 0.385139 0.010625
0.327241 0.385253 0.012056
0.338288 0.381815 0.010718
0.348917 0.382621 0.011055
0.359994 0.382237 0.011504
0.372430 0.376789 0.010340
0.381550 0.381770 0.010848
0.395089 0.379664 0.010690
0.401482 0.378897 0.011275
0.411777 0.379594 0.010870
0.424396 0.380525 0.010868
0.430663 0.382629 0.010446
0.444800 0.383906 0.010991
0.452919 0.384178 0.011140
0.461886 0.382745 0.011284
0.473000 0.387786 0.010665
0.483615 0.387141 0.010920
0.494793 0.391215 0.011382
0.502280 0.390696 0.011188
0.516505 0.393687 0.010229
0.525473 0.394882 0.010669
0.534139 0.399653 0.011239
0.546462 0.401396 0.011211
0.553651 0.404550 0.012042
0.568226 0.407609 0.011172
0.576197 0.407362 0.010490
0.162617 0.387470 0.010703
0.174439 0.383806 0.011227
0.184453 0.383012 0.010693
0.195266 0.382088 0.011007
0.207790 0.375572 0.010801
0.215287 0.376958 0.011187
0.226821 0.377220 0.011348
0.235304 0.371945 0.011146
0.244704 0.372142 0.011904
0.257763 0.369590 0.010075
0.264769 0.368330 0.011260
0.277124 0.361972 0.011178
0.287884 0.361165 0.011179
0.298502 0.359678 0.010546
0.310007 0.356988 0.010747
0.318998 0.358780 0.012087
0.328364 0.355243 0.011622
0.338130 0.352714 0.011448
0.350341 0.352320 0.011709
0.362195 0.349700 0.010357
0.373916 0.347499 0.011824
0.379056 0.352216 0.010354
0.393496 0.349854 0.010482
0.401242 0.349199 0.010962
0.412328 0.349129 0.011705
0.419479 0.351067 0.010540
0.432199 0.348857 0.011656
0.441668 0.350492 0.012133
0.453631 0.352578 0.011807
0.462027 0.355267 0.011358
0.474295 0.355487 0.010440
0.485290 0.358108 0.010821
0.493223 0.361992 0.010588
0.505362 0.365369 0.011001
0.519194 0.366355 0.011033
0.524277 0.368021 0.010797
0.538418 0.370123 0.012102
0.545697 0.367988 0.012089
0.557172 0.373550 0.011336
0.568179 0.378938 0.011189
0.580027 0.381655 0.011587
0.586837 0.378973 0.011230
0.598456 0.382601 0.009762
0.609085 0.384519 0.010994
0.627075 0.383512 0.011667
0.162072 0.353308 0.011667
0.172632 0.354549 0.010342
0.187727 0.352886 0.010388
0.195001 0.355003 0.010635
0.206372 0.349091 0.011168
0.214527 0.350044 0.009706
0.228686 0.344682 0.011578
0.251790 0.334626 0.010729
0.247750 0.342176 0.010377
0.258362 0.338897 0.010648
0.266963 0.338275 0.011722
0.279204 0.336083 0.010653
0.290008 0.333678 0.010716
0.300310 0.332259 0.010597
0.308265 0.328438 0.011231
0.320221 0.325969 0.011350
0.329005 0.324898 0.010898
0.341501 0.326458 0.011612
0.352425 0.322050 0.011813
0.360586 0.321821 0.011571
0.371616 0.317688 0.011400
0.382966 0.320430 0.011024
0.391717 0.318545 0.010875
0.403508 0.320156 0.012011
0.411694 0.320591 0.010973
0.420645 0.321198 0.011112
0.433843 0.320613 0.012426
0.443680 0.323027 0.011059
0.456132 0.321735 0.011311
0.465730 0.325784 0.011056
0.479548 0.329717 0.011815
0.486793 0.328706 0.010731
0.494753 0.330404 0.011156
0.504883 0.333281 0.011663
0.513626 0.333236 0.010190
0.527575 0.338620 0.011567
0.536564 0.337794 0.010383
0.547647 0.341857 0.011276
0.558662 0.345689 0.012057
0.566547 0.339891 0.010879
0.577376 0.350163 0.011882
0.588341 0.350789 0.012203
0.600156 0.349379 0.011048
0.152189 0.578371 0.003994
0.157692 0.578532 0.003980
0.163566 0.577641 0.003986
0.167724 0.578302 0.003982
0.173413 0.578040 0.003992
0.178528 0.578343 0.003965
0.183823 0.577855 0.003987
0.188819 0.577924 0.003994
0.194395 0.577853 0.003974
0.198978 0.578099 0.004006
0.204296 0.578325 0.003989
0.209593 0.577645 0.003986
0.215469 0.578044 0.003990
0.219809 0.577860 0.003979
0.225487 0.578456 0.003980
0.230850 0.578234 0.003979
0.235365 0.578950 0.004006
0.240670 0.577615 0.003997
0.246063 0.578029 0.003989
0.251032 0.578105 0.003988
0.256836 0.577952 0.003997
0.262387 0.578432 0.003984
0.267117 0.577543 0.003993
0.272329 0.577983 0.003983
0.277452 0.578384 0.003992
0.282266 0.578261 0.003979
0.288024 0.577994 0.003999
0.293100 0.578303 0.003984
0.298336 0.577704 0.003982
0.303527 0.578420 0.004024
0.308508 0.578337 0.003994
0.313765 0.578316 0.003994
0.319498 0.578189 0.003984
0.324408 0.577918 0.004000
0.330048 0.578295 0.003977
0.334612 0.577895 0.003981
0.340029 0.578042 0.003969
0.345339 0.578002 0.003982
0.350779 0.578308 0.003997
0.355681 0.577997 0.003999
0.360682 0.577893 0.003979
0.366326 0.578381 0.003961
0.371434 0.578274 0.003974
0.376962 0.578403 0.003983
0.070017 0.998176 0.009208
0.081042 0.997213 0.009234
0.091160 0.997208 0.009126
0.101968 0.998486 0.009156
0.112205 0.998390 0.009046
0.123172 0.996892 0.009260
0.133532 0.997561 0.009153
0.144756 0.997006 0.009136
0.153250 0.998430 0.009408
0.164658 0.996376 0.009121
0.174513 0.996852 0.009253
0.185028 0.997419 0.009044
0.196162 0.997262 0.009257
0.206532 0.998672 0.009007
0.215155 0.997077 0.009260
0.226483 0.997922 0.009133
0.237704 0.996793 0.009295
0.248577 0.996319 0.009065
0.258579 0.997128 0.009381
0.269106 0.996808 0.009172
0.279265 0.997387 0.009064
0.289811 0.997412 0.009187
0.300598 0.998595 0.009237
0.311485 0.997903 0.009128
0.322323 0.997484 0.009065
0.331732 0.998141 0.009384
0.343395 0.997578 0.009115
0.353795 0.997111 0.009011
0.364033 0.997358 0.009368
0.375744 0.996038 0.009366
0.384577 0.997047 0.009203
0.396098 0.998683 0.009131
0.406135 0.997523 0.009346
0.417156 0.996605 0.009274
0.425450 0.998033 0.009253
0.435742 0.998034 0.009138
0.449229 0.997062 0.009251
0.458995 0.997126 0.009307
0.467696 0.998897 0.009388
0.480303 0.996985 0.009323
0.489722 0.998635 0.009197
0.501282 0.998751 0.009242
0.511040 0.996804 0.009158
0.520734 0.996323 0.009190
0.532297 0.997866 0.009298
0.541241 0.997963 0.009117
0.552485 0.997585 0.009358
0.563892 0.996995 0.009245
0.075454 0.970766 0.009215
0.084959 0.970904 0.009167
0.096491 0.970233 0.009324
0.107469 0.970704 0.009199
0.116665 0.971573 0.009059
0.127872 0.970881 0.009058
0.137481 0.969927 0.009125
0.148834 0.971119 0.009249
0.158085 0.969509 0.009164
0.169772 0.970078 0.009117
0.180285 0.971181 0.009192
0.191748 0.971267 0.009113
0.201538 0.970210 0.009233
0.211511 0.969645 0.009292
0.221750 0.971980 0.009246
0.232913 0.971420 0.009209
0.243347 0.971108 0.009002
0.253453 0.970837 0.009295
0.263695 0.971208 0.009190
0.274346 0.969758 0.009177
0.286087 0.969820 0.009142
0.296158 0.970235 0.009297
0.305267 0.969745 0.009156
0.315227 0.970951 0.009130
0.327629 0.969669 0.009061
0.337724 0.972074 0.009282
0.347493 0.970507 0.008873
0.357338 0.970685 0.009265
0.369105 0.970920 0.009047
0.379797 0.971101 0.009314
0.389765 0.970121 0.009121
0.402208 0.971816 0.009288
0.411582 0.970786 0.009190
0.421339 0.971583 0.009385
0.432845 0.970710 0.009189
0.442859 0.970428 0.009242
0.453537 0.970782 0.009151
0.462476 0.970419 0.009109
0.474083 0.971768 0.009155
0.484723 0.972250 0.009153
0.496112 0.971462 0.009365
0.506231 0.970712 0.009187
0.515640 0.971791 0.009125
0.526562 0.972367 0.008884
0.536360 0.970973 0.008947
0.548409 0.971078 0.009128
0.557457 0.971939 0.009144
0.089823 0.944573 0.009332
0.100696 0.944471 0.009116
0.112507 0.944429 0.008971
0.121444 0.942973 0.009247
0.131741 0.943531 0.009079
0.144504 0.945129 0.009129
0.154444 0.944400 0.009294
0.164243 0.943203 0.009288
0.175723 0.944067 0.009074
0.185633 0.944185 0.009389
0.197807 0.944440 0.009137
0.206910 0.944512 0.009131
0.216385 0.942542 0.009123
0.228105 0.943022 0.009070
0.238284 0.944820 0.009411
0.247168 0.943453 0.009076
0.259211 0.944477 0.008980
0.268667 0.943861 0.008999
0.279228 0.943545 0.009090
0.288544 0.942707 0.009157
0.301639 0.945061 0.009170
0.310827 0.943376 0.009243
0.320997 0.943924 0.009101
0.331236 0.943843 0.009252
0.340981 0.944247 0.009024
0.353725 0.944379 0.009169
0.364157 0.945235 0.009394
0.373754 0.943405 0.008934
0.386013 0.944239 0.009259
0.394285 0.944511 0.009144
0.405438 0.945097 0.009109
0.415427 0.943915 0.009380
0.427206 0.943613 0.008973
0.437124 0.944031 0.009032
0.446917 0.943988 0.009078
0.458379 0.943674 0.009311
0.469311 0.943482 0.009272
0.480216 0.943380 0.009244
0.488449 0.943457 0.009082
0.499312 0.945559 0.009187
0.510537 0.943315 0.009170
0.520686 0.943904 0.008986
0.531781 0.944359 0.009078
0.541140 0.944633 0.009105
0.081147 0.916738 0.009153
0.091000 0.917420 0.009277
0.101572 0.917671 0.009120
0.113354 0.918055 0.009255
0.122384 0.917060 0.009176
0.133054 0.917787 0.009170
0.142574 0.916747 0.009324
0.154064 0.916463 0.009035
0.164698 0.918975 0.009172
0.174229 0.916341 0.009292
0.186377 0.917074 0.008978
0.196413 0.917206 0.009136
0.206430 0.917068 0.009178
0.216204 0.919126 0.009076
0.226356 0.917118 0.009264
0.237876 0.918347 0.009239
0.248645 0.918595 0.009280
0.257896 0.917593 0.009046
0.268136 0.917539 0.009213
0.280218 0.916681 0.009051
0.291062 0.917453 0.009077
0.300959 0.917730 0.009189
0.311900 0.916926 0.009062
0.323402 0.917293 0.009255
0.331699 0.917940 0.009291
0.342481 0.916607 0.009103
0.354662 0.918029 0.009281
0.363426 0.918203 0.009389
0.373917 0.916441 0.009109
0.385453 0.918098 0.009127
0.395647 0.917108 0.009230
0.406544 0.918500 0.009361
0.416613 0.917782 0.009237
0.426385 0.917725 0.009362
0.438355 0.917568 0.008968
0.446621 0.919186 0.009353
0.459586 0.916894 0.009174
0.468862 0.918061 0.009197
0.478647 0.917102 0.009144
0.491321 0.917318 0.009142
0.500515 0.916379 0.009132
0.510768 0.916761 0.009340
0.521125 0.917531 0.009080
0.532619 0.917939 0.009234
0.542703 0.917076 0.009106
0.551998 0.916290 0.009194
0.101222 0.890006 0.009071
0.113725 0.890085 0.009122
0.121913 0.891576 0.009173
0.133732 0.890724 0.009193
0.142517 0.890125 0.009163
0.155396 0.890399 0.009098
0.164192 0.890886 0.009269
0.174263 0.889643 0.009240
0.186272 0.889970 0.009042
0.196010 0.892002 0.009218
0.205662 0.890181 0.009085
0.216420 0.889910 0.009372
0.226677 0.890451 0.009158
0.238192 0.890875 0.009174
0.258883 0.891132 0.009161
0.270253 0.890256 0.009382
0.290003 0.891021 0.009064
0.300244 0.891252 0.009138
0.311832 0.890970 0.008997
0.321948 0.891450 0.009187
0.332812 0.890477 0.008944
0.343340 0.890945 0.009401
0.353389 0.890791 0.009234
0.364584 0.889794 0.009204
0.375263 0.890322 0.009253
0.385203 0.890472 0.009260
0.395407 0.890624 0.009001
0.405145 0.891303 0.009073
0.415842 0.889254 0.009019
0.427710 0.890204 0.008993
0.437315 0.891256 0.009111
0.446816 0.890174 0.009293
0.456885 0.889644 0.009223
0.468360 0.890853 0.009141
0.479534 0.890218 0.009025
0.488688 0.889541 0.009196
0.500258 0.891119 0.009285
0.511968 0.891691 0.009000
0.521583 0.891251 0.009363
0.532591 0.890445 0.009127
0.096341 0.864172 0.009228
0.106814 0.863805 0.009248
0.117321 0.863613 0.009139
0.128612 0.863710 0.009208
0.138502 0.864194 0.009081
0.148633 0.864283 0.009250
0.160646 0.864083 0.009183
0.169124 0.863783 0.009264
0.180676 0.863476 0.009073
0.191347 0.863243 0.009270
0.201065 0.863320 0.008935
0.211853 0.864749 0.009127
0.222555 0.862781 0.009170
0.233139 0.863601 0.009140
0.243213 0.863129 0.009339
0.253606 0.864055 0.009062
0.263021 0.863899 0.009421
0.273951 0.863151 0.009174
0.285409 0.863868 0.009266
0.295017 0.863414 0.008978
0.305938 0.863311 0.009371
0.316612 0.864894 0.009043
0.327418 0.863547 0.009174
0.336482 0.864881 0.009168
0.349329 0.863898 0.009186
0.359129 0.864200 0.009295
0.369485 0.864215 0.009182
0.380156 0.863245 0.009322
0.388651 0.863470 0.008990
0.399977 0.864204 0.009163
0.411505 0.864615 0.009137
0.420236 0.862828 0.009184
0.432484 0.863357 0.009062
0.442085 0.862108 0.009104
0.453484 0.863706 0.009117
0.463118 0.862855 0.009368
0.475275 0.863714 0.009102
0.485659 0.864763 0.009368
0.494960 0.863008 0.009016
0.505173 0.863992 0.009018
0.516190 0.863836 0.009038
0.525953 0.862956 0.009311
0.536848 0.864640 0.009038
0.107125 0.837676 0.009248
0.116758 0.835864 0.009038
0.127835 0.837285 0.009076
0.138784 0.836391 0.009343
0.147816 0.835041 0.009321
0.158498 0.836603 0.009073
0.168901 0.837145 0.009150
0.179309 0.836484 0.009005
0.191724 0.837184 0.009012
0.199975 0.836965 0.009118
0.211015 0.837316 0.009228
0.222264 0.836891 0.009201
0.232357 0.837950 0.009190
0.244247 0.838084 0.009132
0.252750 0.836324 0.009302
0.263644 0.837087 0.009496
0.274617 0.836861 0.009038
0.284208 0.836289 0.009391
0.295446 0.837427 0.009303
0.306546 0.838091 0.009033
0.316768 0.837048 0.009128
0.326674 0.837488 0.009383
0.337181 0.836754 0.009116
0.349633 0.837431 0.009141
0.357972 0.835921 0.009283
0.368815 0.836873 0.009337
0.380474 0.835841 0.009020
0.390229 0.836649 0.009137
0.401875 0.837357 0.009194
0.412330 0.836539 0.009338
0.421049 0.837543 0.009086
0.431988 0.837876 0.009221
0.443380 0.835940 0.009125
0.453442 0.837052 0.009250
0.464212 0.836917 0.009262
0.474981 0.836327 0.009181
0.485217 0.836419 0.009090
0.494319 0.836450 0.009242
0.505891 0.836641 0.009224
0.516070 0.838075 0.009384
0.526988 0.837438 0.009109
0.107100 0.810427 0.009269
0.117103 0.810014 0.009143
0.128991 0.810479 0.009220
0.137933 0.809664 0.009140
0.147129 0.809984 0.009029
0.158927 0.809676 0.009209
0.168357 0.809376 0.009172
0.179883 0.810789 0.009033
0.191216 0.809325 0.009190
0.201474 0.810657 0.009244
0.210877 0.810573 0.009295
0.221988 0.809342 0.009121
0.233075 0.811229 0.009297
0.242329 0.809408 0.008933
0.253818 0.809792 0.009176
0.264603 0.810006 0.009342
0.274315 0.810632 0.009285
0.284561 0.809986 0.009250
0.294688 0.809866 0.009340
0.305502 0.810817 0.009253
0.317239 0.809050 0.009062
0.325609 0.811219 0.009237
0.339111 0.809597 0.009182
0.348108 0.810425 0.009028
0.358910 0.810710 0.009155
0.368916 0.811319 0.009189
0.378813 0.809805 0.009119
0.390592 0.809914 0.009178
0.400901 0.808992 0.009290
0.411012 0.810461 0.009321
0.422117 0.809776 0.009196
0.431746 0.810234 0.009236
0.443361 0.811270 0.009237
0.452995 0.811405 0.008933
0.464692 0.809877 0.009156
0.474199 0.810209 0.009030
0.483535 0.809638 0.009308
0.494800 0.809445 0.009107
0.505268 0.809348 0.009021
0.517464 0.809467 0.009307
0.526631 0.811764 0.009168
0.074332 0.783451 0.009265
0.085883 0.782790 0.009018
0.096453 0.784393 0.009109
0.106528 0.782101 0.009071
0.116803 0.782855 0.009118
0.128468 0.783971 0.009072
0.138013 0.783087 0.009244
0.148617 0.783184 0.008991
0.157677 0.782854 0.009077
0.168968 0.783195 0.009161
0.179942 0.784569 0.009043
0.189909 0.783203 0.009218
0.200802 0.783707 0.009195
0.211158 0.783471 0.009212
0.223180 0.782504 0.009175
0.232564 0.783787 0.009211
0.243398 0.785511 0.009133
0.252855 0.783670 0.009214
0.264037 0.782049 0.009224
0.273935 0.783234 0.009199
0.284705 0.784030 0.009066
0.295380 0.783641 0.009109
0.306278 0.781657 0.009142
0.316957 0.782576 0.009057
0.327445 0.783637 0.009178
0.336300 0.782190 0.009390
0.348629 0.783450 0.008997
0.358976 0.782989 0.009027
0.370202 0.783028 0.009133
0.379840 0.784097 0.009186
0.390198 0.783275 0.009234
0.400524 0.782979 0.009086
0.409844 0.782221 0.009158
0.421797 0.782763 0.009186
0.432513 0.782615 0.009278
0.443071 0.784177 0.008987
0.452549 0.782662 0.008981
0.464050 0.784157 0.009259
0.475258 0.783398 0.009260
0.485487 0.783081 0.009125
0.493328 0.782570 0.009084
0.505453 0.784603 0.009327
0.516865 0.783518 0.009121
0.525834 0.784086 0.009136
0.538060 0.782739 0.009311
0.547806 0.785291 0.009236
0.557939 0.784065 0.009143
0.059252 0.755669 0.009318
0.068352 0.755809 0.009075
0.080880 0.755045 0.008828
0.090785 0.757512 0.009249
0.101216 0.756109 0.009483
0.112656 0.756016 0.008997
0.122446 0.755920 0.009090
0.131974 0.757235 0.009066
0.144552 0.756409 0.009277
0.154006 0.756957 0.009179
0.165507 0.757164 0.008889
0.175330 0.756246 0.009208
0.185435 0.756685 0.009137
0.195371 0.756054 0.009161
0.205932 0.757498 0.009176
0.217614 0.756763 0.009098
0.227864 0.755856 0.009155
0.236210 0.755620 0.009222
0.246965 0.755776 0.009364
0.259141 0.756682 0.009268
0.269161 0.756082 0.009183
0.280146 0.756203 0.009292
0.290371 0.756408 0.009106
0.301622 0.757258 0.009088
0.310575 0.756319 0.009164
0.321555 0.757200 0.009088
0.332215 0.758059 0.009338
0.342601 0.756358 0.009183
0.353547 0.756713 0.009061
0.362971 0.755801 0.009129
0.373947 0.757287 0.009208
0.384548 0.755359 0.009125
0.394999 0.756611 0.009172
0.405648 0.757307 0.009101
0.415962 0.756207 0.008989
0.427376 0.756657 0.009346
0.436631 0.755507 0.009061
0.448148 0.755862 0.009024
0.459181 0.755716 0.009081
0.468653 0.756014 0.009091
0.479447 0.756324 0.009211
0.489393 0.756170 0.009193
0.499403 0.755693 0.009147
0.511911 0.757498 0.009178
0.520672 0.757305 0.009159
0.532137 0.756329 0.009153
0.541960 0.757606 0.009289
0.551654 0.755872 0.009166
0.564122 0.756183 0.009233
0.573929 0.757040 0.009193
0.085521 0.730303 0.009213
0.096211 0.730053 0.009185
0.106676 0.730102 0.009327
0.116255 0.729779 0.009093
0.127925 0.729752 0.009215
0.137851 0.730328 0.009039
0.149323 0.730523 0.009360
0.159220 0.729538 0.009272
0.170744 0.729124 0.009308
0.180049 0.730648 0.009129
0.191709 0.730890 0.009040
0.202214 0.729444 0.009224
0.211750 0.729592 0.009116
0.222858 0.728616 0.009397
0.232630 0.729171 0.009137
0.243321 0.728867 0.009260
0.254073 0.729715 0.008921
0.263828 0.729890 0.009130
0.275014 0.729872 0.009135
0.284954 0.729618 0.009169
0.295852 0.727844 0.009189
0.306909 0.729398 0.009178
0.316878 0.730868 0.009027
0.326506 0.729017 0.009176
0.338331 0.729892 0.009048
0.347669 0.729040 0.009237
0.369275 0.729460 0.009219
0.379809 0.730378 0.009210
0.390062 0.730450 0.009201
0.400424 0.729408 0.009316
0.411070 0.730444 0.009063
0.421849 0.730937 0.009366
0.432232 0.729851 0.009120
0.442854 0.730238 0.009046
0.452784 0.730543 0.009119
0.463332 0.730120 0.009149
0.474100 0.729808 0.009097
0.485266 0.732401 0.009092
0.495548 0.730403 0.009087
0.506139 0.729334 0.009229
0.515652 0.729233 0.008996
0.525147 0.729435 0.009211
0.536150 0.730349 0.009135
0.548418 0.729892 0.008927
0.091038 0.703084 0.009144
0.101720 0.702732 0.009109
0.111337 0.703607 0.009227
0.122326 0.703074 0.009281
0.133068 0.703115 0.009021
0.142744 0.703065 0.009415
0.154663 0.702561 0.009112
0.165145 0.701949 0.009229
0.175088 0.703430 0.009202
0.185426 0.701091 0.009017
0.195694 0.702525 0.009281
0.206158 0.702835 0.009315
0.217509 0.702510 0.009308
0.227541 0.702861 0.009260
0.237397 0.703161 0.009328
0.248622 0.703787 0.009118
0.258766 0.703562 0.009309
0.270689 0.702531 0.009168
0.279337 0.703036 0.009191
0.289995 0.703083 0.009278
0.299945 0.703567 0.009222
0.311344 0.703384 0.009028
0.321954 0.703342 0.009150
0.332772 0.703452 0.009044
0.341375 0.702584 0.009220
0.351989 0.703343 0.009277
0.363981 0.702263 0.009227
0.374222 0.702353 0.008928
0.385521 0.703703 0.009156
0.396424 0.703347 0.009398
0.405762 0.701795 0.009345
0.417026 0.703173 0.009222
0.427248 0.703501 0.009011
0.436719 0.703380 0.009085
0.447707 0.702823 0.009235
0.457437 0.703739 0.009281
0.469384 0.702607 0.009176
0.479651 0.702852 0.009350
0.490566 0.702922 0.009211
0.500175 0.702927 0.009118
0.510950 0.702003 0.009207
0.521987 0.702819 0.009018
0.531410 0.703569 0.009317
0.542156 0.701894 0.009235
0.179825 0.177879 0.011778
0.191931 0.180742 0.010536
0.201754 0.178224 0.014007
0.212262 0.178796 0.012755
0.224286 0.177311 0.014002
0.234391 0.177843 0.010768
0.236912 0.179431 0.017229
0.255418 0.176683 0.014359
0.268257 0.179973 0.011706
0.275790 0.178652 0.011364
0.286747 0.178582 0.010697
0.296073 0.181535 0.012403
0.304871 0.178654 0.013218
0.317401 0.179542 0.013662
0.325992 0.182426 0.009607
0.338636 0.181843 0.009328
0.346719 0.178301 0.013494
0.362053 0.178822 0.009994
0.369231 0.174457 0.012413
0.383043 0.178874 0.008871
0.392067 0.180589 0.015522
0.401407 0.176089 0.012848
0.412491 0.178762 0.014030
0.419755 0.175114 0.014555
0.432237 0.179656 0.011357
0.444569 0.181589 0.013868
0.455394 0.182475 0.013915
0.460000 0.178593 0.013282
0.475364 0.180076 0.010993
0.486385 0.180880 0.009447
0.497823 0.180242 0.009834
0.508543 0.180327 0.012637
0.519682 0.181299 0.013403
0.529808 0.180381 0.013902
0.539607 0.177769 0.013441
0.550058 0.178436 0.010365
0.558403 0.179040 0.009833
0.569869 0.178380 0.012087
0.580519 0.179584 0.011577
0.589095 0.181119 0.011366
0.190250 0.157511 0.010839
0.203320 0.156924 0.015364
0.212656 0.156306 0.011099
0.225209 0.157211 0.012758
0.232069 0.159023 0.014901
0.246239 0.157543 0.013028
0.253739 0.160723 0.011293
0.268088 0.157808 0.013459
0.274148 0.159073 0.011999
0.288214 0.159882 0.013345
0.295923 0.159243 0.012271
0.307438 0.158454 0.012754
0.317578 0.158899 0.015728
0.329192 0.158705 0.010808
0.339767 0.158658 0.011714
0.349614 0.157529 0.011329
0.361997 0.159042 0.013295
0.367816 0.157081 0.013027
0.379992 0.160165 0.010886
0.390398 0.160435 0.013551
0.404636 0.157756 0.013777
0.410721 0.161212 0.011955
0.424767 0.159098 0.014418
0.434936 0.159278 0.014302
0.444579 0.157830 0.008998
0.452735 0.156138 0.012665
0.463385 0.159562 0.013414
0.475731 0.159320 0.012062
0.486555 0.157982 0.011694
0.497526 0.160161 0.013216
0.506048 0.158170 0.011709
0.518228 0.158267 0.013796
0.525520 0.157480 0.013574
0.537593 0.156364 0.014993
0.551624 0.155785 0.010846
0.560165 0.157180 0.011139
0.570347 0.157396 0.010709
0.581871 0.160535 0.012754
0.591995 0.158104 0.010939
0.601408 0.158691 0.010876
0.182610 0.137285 0.012406
0.193034 0.137951 0.011755
0.205246 0.139414 0.011865
0.214095 0.139651 0.010817
0.235006 0.138477 0.011478
0.242322 0.138478 0.012447
0.254225 0.139116 0.012318
0.263528 0.140055 0.012433
0.277136 0.139987 0.014131
0.285076 0.135042 0.014354
0.298394 0.140454 0.009711
0.310533 0.137001 0.011540
0.319758 0.140907 0.010990
0.324478 0.138866 0.012283
0.338644 0.136858 0.014357
0.349507 0.134809 0.012252
0.358304 0.137570 0.013041
0.371529 0.138060 0.011699
0.381372 0.136682 0.009595
0.391627 0.139475 0.009636
0.398833 0.136325 0.014825
0.413792 0.139242 0.012096
0.419551 0.136905 0.015190
0.431122 0.134720 0.011136
0.445578 0.136618 0.012654
0.452942 0.136699 0.009960
0.464039 0.137444 0.011910
0.474828 0.136412 0.011871
0.485058 0.135828 0.009417
0.496086 0.137151 0.009113
0.505585 0.139286 0.009919
0.517447 0.135033 0.009367
0.530645 0.137135 0.012772
0.538613 0.137379 0.008505
0.549046 0.135347 0.014637
0.559449 0.138192 0.011418
0.569484 0.137740 0.010179
0.580474 0.138705 0.012433
0.593433 0.137793 0.012355
0.600895 0.138265 0.009883
0.180740 0.115277 0.011083
0.191191 0.114888 0.010414
0.200400 0.119491 0.012636
0.213814 0.117744 0.011875
0.223073 0.119167 0.012956
0.232915 0.116508 0.010775
0.244176 0.117494 0.014589
0.254750 0.117574 0.008406
0.265372 0.117687 0.010046
0.276736 0.118953 0.008444
0.284876 0.113953 0.013684
0.300031 0.120986 0.010489
0.306786 0.118345 0.011329
0.315653 0.115821 0.010538
0.328503 0.115350 0.010577
0.340611 0.116764 0.010168
0.350826 0.117344 0.012025
0.358530 0.117966 0.010428
0.369941 0.119918 0.013450
0.378816 0.115402 0.011344
0.390829 0.115552 0.012568
0.404270 0.117168 0.012088
0.413888 0.116955 0.013643
0.418397 0.120731 0.013574
0.433913 0.118605 0.011052
0.442225 0.118697 0.012821
0.456636 0.116364 0.013762
0.466637 0.116181 0.012805
0.476586 0.119546 0.012519
0.486121 0.117419 0.012547
0.497512 0.119735 0.009307
0.503134 0.116394 0.010887
0.516903 0.116673 0.009474
0.530089 0.118933 0.013272
0.539255 0.120585 0.012064
0.550615 0.116836 0.010061
0.564927 0.120988 0.013285
0.570268 0.115245 0.013395
0.582092 0.119462 0.012777
0.590975 0.118210 0.009872
0.601356 0.117947 0.011330
0.614885 0.116094 0.009812
0.619832 0.114189 0.013293
0.633860 0.121239 0.011549
0.643102 0.115987 0.011507
0.654123 0.117732 0.010192
0.661914 0.117752 0.013896
0.675864 0.117321 0.010598
0.686990 0.116977 0.011205
0.697825 0.117982 0.010534
0.179352 0.095775 0.009802
0.191803 0.097601 0.011408
0.201195 0.095655 0.012617
0.214065 0.098306 0.010249
0.223414 0.098095 0.014699
0.234865 0.094502 0.011286
0.242956 0.098780 0.011636
0.255657 0.097332 0.009983
0.267583 0.100135 0.012963
0.275560 0.096002 0.013402
0.284781 0.094682 0.011031
0.298428 0.095646 0.015718
0.307331 0.096963 0.010231
0.316318 0.100205 0.010252
0.326132 0.094503 0.009717
0.339794 0.098594 0.010802
0.347731 0.098297 0.011989
0.361114 0.095706 0.009226
0.368450 0.098800 0.009655
0.382474 0.094475 0.012861
0.391240 0.098223 0.010827
0.402742 0.097065 0.010938
0.419977 0.100997 0.015658
0.432185 0.097163 0.009214
0.442985 0.098209 0.008513
0.456374 0.095263 0.012264
0.463712 0.095580 0.012848
0.474741 0.099614 0.012620
0.486881 0.097016 0.011684
0.495614 0.097820 0.015996
0.506287 0.096530 0.011321
0.514187 0.097163 0.012967
0.527598 0.097819 0.011098
0.538009 0.098514 0.007653
0.548530 0.098909 0.011049
0.561838 0.094722 0.012109
0.568930 0.096949 0.010080
0.579823 0.099465 0.013785
0.593024 0.100564 0.013156
0.611268 0.095368 0.009978
0.625274 0.098856 0.011826
0.635822 0.096806 0.013835
0.641227 0.095892 0.011646
0.184102 0.077111 0.013859
0.194137 0.079814 0.014872
0.202128 0.078877 0.012617
0.212049 0.076676 0.011119
0.223474 0.076009 0.010024
0.233401 0.074372 0.011133
0.245841 0.076398 0.010979
0.255522 0.078238 0.012014
0.268903 0.078846 0.014269
0.275462 0.077367 0.012788
0.290095 0.075716 0.013319
0.296399 0.076538 0.010782
0.307689 0.077080 0.011111
0.316573 0.077176 0.010025
0.326600 0.074786 0.010385
0.340068 0.079575 0.013627
0.349634 0.078359 0.012075
0.363099 0.077335 0.011708
0.371213 0.075309 0.011138
0.382389 0.077613 0.012480
0.391073 0.073566 0.011489
0.400239 0.075401 0.014173
0.412302 0.082093 0.014424
0.423977 0.083401 0.014724
0.432033 0.077435 0.010501
0.441536 0.075971 0.013095
0.453537 0.074881 0.010850
0.464252 0.077939 0.012943
0.476091 0.075925 0.012340
0.484575 0.074966 0.012613
0.495737 0.075288 0.012502
0.507984 0.078630 0.015202
0.518650 0.076045 0.013704
0.531169 0.077271 0.013070
0.535562 0.074411 0.012856
0.546746 0.074868 0.012452
0.561070 0.077036 0.009043
0.569266 0.077580 0.010190
0.583810 0.075493 0.011262
0.591507 0.078120 0.011931
0.604720 0.078483 0.010724
0.613188 0.081006 0.015543
0.622990 0.079314 0.012080
0.629112 0.078758 0.011760
0.643600 0.076271 0.010962
0.653806 0.079779 0.012906
0.664058 0.079419 0.011276
0.675207 0.074174 0.012398
0.688200 0.076773 0.010833
0.697326 0.074545 0.014078
0.179108 0.056749 0.011028
0.193077 0.056803 0.009705
0.203196 0.057298 0.010721
0.212269 0.059147 0.010391
0.224676 0.056784 0.011130
0.234176 0.055005 0.011712
0.244170 0.055642 0.008879
0.255538 0.058173 0.011542
0.263826 0.060188 0.011007
0.274822 0.054123 0.012003
0.282918 0.054515 0.010527
0.294711 0.054110 0.011732
0.308061 0.056517 0.009273
0.320929 0.057276 0.011666
0.328511 0.059746 0.012934
0.337996 0.055442 0.012438
0.346966 0.059167 0.011648
0.357409 0.057384 0.014098
0.371603 0.059478 0.014418
0.377995 0.055995 0.010913
0.391889 0.054730 0.012678
0.402531 0.056799 0.014497
0.408784 0.054269 0.013128
0.425219 0.057526 0.011371
0.434854 0.052083 0.011489
0.444277 0.054166 0.013264
0.453336 0.055782 0.013322
0.468365 0.055998 0.014123
0.476422 0.056323 0.011785
0.489210 0.056050 0.014463
0.499359 0.056882 0.014365
0.505820 0.056400 0.008150
0.517938 0.055690 0.012648
0.527772 0.053757 0.009225
0.538497 0.053151 0.014724
0.548080 0.058557 0.012062
0.560890 0.056288 0.013270
0.568183 0.057333 0.011383
0.583218 0.055648 0.013052
0.591157 0.056788 0.015657
0.602573 0.055287 0.009313
0.613696 0.057290 0.010585
0.179620 0.036776 0.011073
0.191066 0.036647 0.010851
0.204266 0.034896 0.013801
0.222107 0.038127 0.013052
0.233556 0.035170 0.013156
0.242993 0.037288 0.011752
0.254353 0.036512 0.009950
0.263736 0.035814 0.012014
0.271985 0.036998 0.013287
0.285389 0.034555 0.009005
0.297135 0.036338 0.013415
0.307334 0.038274 0.010472
0.317553 0.034924 0.012901
0.328603 0.034903 0.013744
0.338166 0.032897 0.012054
0.347737 0.038139 0.009778
0.360212 0.033466 0.009924
0.370172 0.035605 0.011297
0.379858 0.037244 0.012084
0.393020 0.034928 0.012677
0.401644 0.038446 0.012750
0.413056 0.037440 0.011004
0.425961 0.037520 0.011554
0.435214 0.036167 0.014663
0.445791 0.037108 0.010707
0.454622 0.034033 0.012581
0.469070 0.034398 0.012022
0.472962 0.036559 0.011784
0.486773 0.033242 0.011680
0.500433 0.034378 0.013350
0.508916 0.038155 0.012500
0.518641 0.033970 0.013461
0.527604 0.037043 0.012345
0.537516 0.035187 0.011579
0.549139 0.032156 0.011253
0.560141 0.034794 0.013098
0.571325 0.035204 0.011432
0.579452 0.038035 0.010936
0.592364 0.034758 0.012557
0.692469 0.355405 0.010668
0.695654 0.370624 0.009560
0.692014 0.382057 0.009515
0.692866 0.398090 0.010482
0.692188 0.408562 0.009946
0.690347 0.420759 0.009984
0.691685 0.435068 0.010113
0.689941 0.463023 0.009172
0.689958 0.472044 0.009533
0.690473 0.490052 0.009581
0.689756 0.501478 0.010067
0.691190 0.514467 0.010346
0.689689 0.526519 0.009676
0.689401 0.539646 0.009726
0.687886 0.552363 0.010518
0.687304 0.564577 0.009897
0.688995 0.578398 0.010389
0.689206 0.591895 0.010039
0.686883 0.606699 0.009931
0.683409 0.618298 0.010163
0.685025 0.632884 0.009680
0.686925 0.645028 0.010388
0.685405 0.660531 0.010130
0.686929 0.671328 0.010908
0.686262 0.683239 0.010116
0.684058 0.698257 0.010261
0.685288 0.706945 0.009974
0.681296 0.723392 0.010127
0.679960 0.738282 0.010569
0.683434 0.749455 0.010238
0.681159 0.762446 0.009763
0.681680 0.774490 0.009992
0.683515 0.788928 0.010340
0.682446 0.798478 0.009813
0.680303 0.815238 0.010167
0.681457 0.830844 0.010539
0.680214 0.840353 0.009469
0.680571 0.853525 0.010152
0.679418 0.867621 0.010088
0.679631 0.880682 0.009773
0.679910 0.892488 0.010808
0.680033 0.906340 0.010643
0.677974 0.920581 0.010282
0.677474 0.935000 0.009512
0.677048 0.945266 0.009847
0.676700 0.959297 0.010434
0.676186 0.974147 0.009434
