0.353785 0.708051 0.007306
0.359042 0.706218 0.007400
0.362633 0.706654 0.007484
0.368111 0.704620 0.007493
0.371086 0.703888 0.007571
0.376963 0.703207 0.007400
0.380458 0.701432 0.007407
0.385352 0.700574 0.007463
0.390240 0.700215 0.007233
0.394556 0.698928 0.007414
0.398216 0.697738 0.007333
0.402489 0.695515 0.007424
0.407865 0.695271 0.007313
0.411183 0.693015 0.007326
0.416180 0.692731 0.007248
0.421690 0.691961 0.007458
0.425435 0.690810 0.007401
0.429926 0.689062 0.007399
0.434447 0.688116 0.007227
0.438639 0.687067 0.007319
0.442828 0.686142 0.007463
0.447350 0.684111 0.007505
0.452074 0.683462 0.007424
0.455866 0.681857 0.007267
0.460769 0.681963 0.007419
0.465268 0.680432 0.007440
0.469948 0.680143 0.007260
0.473557 0.679158 0.007310
0.478671 0.677499 0.007382
0.483495 0.677563 0.007460
0.487614 0.674674 0.007334
0.491748 0.674129 0.007142
0.496813 0.674267 0.007287
0.501055 0.671242 0.007426
0.505952 0.670780 0.007294
0.510244 0.669336 0.007269
0.514345 0.669102 0.007241
0.518329 0.667630 0.007267
0.523483 0.665399 0.007285
0.527419 0.665670 0.007363
0.331760 0.691365 0.007154
0.335944 0.690582 0.007142
0.340591 0.690373 0.007356
0.345089 0.688043 0.007314
0.362665 0.683243 0.007218
0.353254 0.685971 0.007450
0.358547 0.686280 0.007447
0.362430 0.684775 0.007406
0.366932 0.682535 0.007341
0.372288 0.681403 0.007123
0.362184 0.687520 0.007418
0.380633 0.679827 0.007407
0.384098 0.678379 0.007270
0.389849 0.677051 0.007200
0.393392 0.677017 0.007426
0.399468 0.675850 0.007319
0.402780 0.674469 0.007528
0.407044 0.671692 0.007199
0.412072 0.672244 0.007287
0.415926 0.670367 0.007297
0.420433 0.670671 0.007297
0.425371 0.669650 0.007291
0.429352 0.668048 0.007285
0.433490 0.666737 0.007242
0.438373 0.665886 0.006988
0.443217 0.664653 0.007328
0.447576 0.664096 0.007365
0.452216 0.662229 0.007355
0.456369 0.661256 0.007206
0.460675 0.659662 0.007405
0.464775 0.659278 0.007562
0.469591 0.657274 0.007473
0.474168 0.655764 0.007183
0.478747 0.655488 0.007276
0.482357 0.654165 0.007243
0.487230 0.653083 0.007413
0.491353 0.651464 0.007323
0.496266 0.651074 0.007321
0.500948 0.650331 0.007481
0.504796 0.647924 0.007426
0.510001 0.647523 0.007313
0.513808 0.647174 0.007480
0.518473 0.646071 0.007195
0.522906 0.644754 0.007451
0.344886 0.666051 0.007191
0.349722 0.665574 0.007526
0.353455 0.663766 0.007379
0.357736 0.663264 0.007278
0.361534 0.662711 0.007295
0.367242 0.660305 0.007230
0.370739 0.660759 0.007282
0.375686 0.658630 0.007361
0.379996 0.656718 0.007275
0.384700 0.655595 0.007403
0.388719 0.655559 0.007317
0.393159 0.655267 0.007242
0.397829 0.653248 0.007357
0.402906 0.652167 0.007231
0.406667 0.651132 0.007232
0.411891 0.650240 0.007117
0.416391 0.649310 0.007366
0.419798 0.648166 0.007097
0.424251 0.646884 0.007540
0.428986 0.645749 0.007305
0.438172 0.643479 0.007488
0.442587 0.642174 0.007276
0.446681 0.641397 0.007349
0.451309 0.639848 0.007148
0.455060 0.638832 0.007303
0.461135 0.639070 0.007517
0.464777 0.637551 0.007263
0.469030 0.636069 0.007282
0.473639 0.635762 0.007388
0.483301 0.633059 0.007274
0.487150 0.631318 0.007310
0.491928 0.630303 0.007493
0.495816 0.629239 0.007333
0.500556 0.627950 0.007521
0.504250 0.627533 0.007289
0.508825 0.625802 0.007399
0.513854 0.626496 0.007307
0.517587 0.623243 0.007436
0.313010 0.653358 0.007267
0.317445 0.650963 0.007168
0.322182 0.650721 0.007355
0.326315 0.648993 0.007238
0.330560 0.648137 0.007250
0.335611 0.646913 0.007391
0.339017 0.646381 0.007173
0.344007 0.644633 0.007159
0.349294 0.643451 0.007248
0.352618 0.642618 0.007457
0.358565 0.641522 0.007214
0.361838 0.640211 0.007588
0.367401 0.640160 0.007311
0.370810 0.638182 0.007174
0.374948 0.637722 0.007205
0.380070 0.635562 0.007295
0.384683 0.634722 0.007316
0.388732 0.633520 0.007290
0.393657 0.632156 0.007099
0.398062 0.630826 0.007491
0.401978 0.630533 0.007288
0.406848 0.628759 0.007264
0.411274 0.627908 0.007547
0.415635 0.626667 0.007386
0.420237 0.626804 0.007231
0.424407 0.625276 0.007426
0.428638 0.624393 0.007422
0.433480 0.622178 0.007315
0.438089 0.621926 0.007314
0.442852 0.620805 0.007408
0.446438 0.619234 0.007236
0.451662 0.618820 0.007472
0.455406 0.617979 0.007383
0.459729 0.616779 0.007252
0.463797 0.615436 0.007424
0.468966 0.613358 0.007394
0.473718 0.612611 0.007430
0.477266 0.611683 0.006972
0.482051 0.611913 0.007439
0.486099 0.609443 0.007470
0.487612 0.601212 0.007326
0.494727 0.607978 0.007591
0.500295 0.605652 0.007155
0.504129 0.606024 0.007093
0.508479 0.603464 0.007206
0.512604 0.602237 0.007271
0.326270 0.627358 0.007428
0.331119 0.626491 0.007500
0.335465 0.625106 0.007225
0.339738 0.624467 0.007550
0.344230 0.623054 0.007251
0.348481 0.621641 0.007455
0.353114 0.620749 0.007519
0.357669 0.619876 0.007247
0.361027 0.618339 0.007206
0.366424 0.617033 0.007227
0.370249 0.616167 0.007287
0.375299 0.616005 0.007233
0.379756 0.613912 0.007341
0.384121 0.614387 0.007139
0.388714 0.611944 0.007581
0.392981 0.611279 0.007184
0.396863 0.610674 0.007236
0.401920 0.610062 0.007324
0.406094 0.607545 0.007347
0.410429 0.606571 0.007426
0.415514 0.605926 0.007126
0.419364 0.605499 0.007463
0.423646 0.603137 0.007344
0.428713 0.602721 0.007510
0.433090 0.600497 0.007196
0.437853 0.599582 0.007295
0.441570 0.598841 0.007370
0.445328 0.598033 0.007689
0.451131 0.595632 0.007365
0.455288 0.596698 0.007572
0.459976 0.593724 0.007314
0.464465 0.593145 0.007520
0.468132 0.592323 0.007315
0.472621 0.591417 0.007221
0.477381 0.590531 0.007260
0.481585 0.589205 0.007312
0.487205 0.588140 0.007219
0.490278 0.586352 0.007370
0.496089 0.585768 0.007243
0.499333 0.584710 0.007218
0.503475 0.584286 0.007345
0.507801 0.582523 0.007290
0.285561 0.615514 0.007246
0.289628 0.615170 0.007314
0.293760 0.613012 0.007284
0.298699 0.612978 0.007297
0.304316 0.611778 0.007473
0.307816 0.610176 0.007485
0.312705 0.608433 0.007282
0.316225 0.607415 0.007340
0.321899 0.606888 0.007203
0.325367 0.605289 0.007401
0.330116 0.604383 0.007185
0.334761 0.603429 0.007240
0.339277 0.602768 0.007286
0.343913 0.602179 0.007172
0.348386 0.599889 0.007337
0.352084 0.598844 0.007307
0.356819 0.598813 0.007212
0.361388 0.596610 0.007402
0.365749 0.595471 0.007352
0.369523 0.593725 0.007344
0.375652 0.593946 0.007341
0.378224 0.591910 0.007139
0.383824 0.591018 0.007474
0.391979 0.587834 0.007436
0.396630 0.588299 0.007395
0.401795 0.586742 0.007354
0.406872 0.585410 0.007228
0.410310 0.583652 0.007330
0.415326 0.583896 0.007316
0.418424 0.582940 0.007521
0.423625 0.581535 0.007531
0.428479 0.580460 0.007347
0.432580 0.578995 0.007147
0.437520 0.578022 0.007422
0.441960 0.576928 0.007547
0.446269 0.576362 0.007451
0.450221 0.575178 0.007430
0.454499 0.573477 0.007288
0.458650 0.573527 0.007241
0.463954 0.572075 0.007299
0.468188 0.569490 0.007318
0.472919 0.569284 0.007331
0.477699 0.568419 0.007260
0.481583 0.566565 0.007182
0.485340 0.566056 0.007328
0.491156 0.565412 0.007185
0.494662 0.564346 0.007224
0.498507 0.563422 0.007307
0.504071 0.561335 0.007506
0.312014 0.587082 0.007420
0.316601 0.585741 0.007374
0.321501 0.585382 0.007457
0.326273 0.583493 0.007276
0.329053 0.582442 0.007377
0.334109 0.581055 0.007469
0.339153 0.581241 0.007367
0.342743 0.580162 0.007188
0.348209 0.578028 0.007432
0.352561 0.576630 0.007290
0.357332 0.575453 0.007340
0.360677 0.574449 0.007165
0.364883 0.573603 0.007476
0.369896 0.573470 0.007255
0.374225 0.571340 0.007290
0.379609 0.571027 0.007143
0.383706 0.569396 0.007299
0.387568 0.569688 0.007267
0.393125 0.567910 0.007238
0.396755 0.566799 0.007528
0.400558 0.564558 0.007482
0.405616 0.565026 0.007215
0.410123 0.562518 0.007506
0.414363 0.561994 0.007239
0.418187 0.560372 0.007136
0.424010 0.558782 0.007240
0.427852 0.558751 0.007412
0.432117 0.558167 0.007393
0.436848 0.556589 0.007188
0.441187 0.554309 0.007278
0.445309 0.554989 0.007394
0.449167 0.552043 0.007127
0.453636 0.551712 0.007314
0.459396 0.551014 0.007309
0.468383 0.548539 0.007385
0.472609 0.548181 0.007292
0.477331 0.545555 0.007231
0.485667 0.544673 0.007041
0.489459 0.543871 0.007337
0.494153 0.541422 0.007414
0.498670 0.540821 0.007457
0.315739 0.564023 0.007337
0.321294 0.562787 0.007540
0.325110 0.561943 0.007149
0.329638 0.560802 0.007493
0.334357 0.560816 0.007282
0.337973 0.558179 0.007504
0.343317 0.557658 0.007227
0.347001 0.556703 0.007194
0.351957 0.555421 0.007283
0.356750 0.555182 0.007439
0.360523 0.553560 0.007184
0.364687 0.552962 0.007282
0.369408 0.551705 0.007266
0.373814 0.549729 0.007523
0.378224 0.548750 0.007138
0.382501 0.548259 0.007239
0.386895 0.546543 0.007243
0.393062 0.545692 0.007428
0.397188 0.545368 0.007330
0.401190 0.542641 0.007366
0.404838 0.540690 0.007323
0.410107 0.541097 0.007330
0.413904 0.539884 0.007425
0.419000 0.538406 0.007215
0.422458 0.537394 0.007322
0.427914 0.537079 0.007424
0.432189 0.535278 0.007216
0.440565 0.532824 0.007440
0.435421 0.537604 0.007152
0.449702 0.530844 0.007402
0.455971 0.529942 0.007323
0.463627 0.527817 0.007416
0.468303 0.526580 0.007474
0.472592 0.526386 0.007405
0.476747 0.524668 0.007213
0.481575 0.524376 0.007127
0.485621 0.521919 0.007120
0.489819 0.521780 0.007297
0.493903 0.520109 0.007369
