1644.79 821.57 11
1643.96 808.85 11
1646.80 800.14 11
1650.99 789.69 11
1651.30 780.38 12
1650.73 772.05 11
1655.60 760.20 12
1655.90 748.07 11
1656.36 732.18 12
1662.70 718.45 11
1659.49 707.19 12
1664.21 698.33 11
1664.10 687.52 12
1662.94 678.85 12
1664.09 666.83 12
1666.28 655.99 11
1662.70 643.89 12
1665.17 634.05 12
1662.34 622.61 12
1661.57 613.65 11
1662.99 603.85 12
1657.78 589.10 12
1658.91 579.79 12
1659.09 567.96 12
1661.16 560.80 12
1658.34 548.06 12
1658.29 534.28 12
1655.13 521.81 11
1653.30 512.86 11
1656.85 503.55 11
1655.50 494.48 12
1654.52 480.15 12
1655.32 467.37 11
1655.61 460.68 12
1656.14 445.63 12
1661.15 439.86 11
1660.21 430.94 11
1660.54 418.71 11
1663.50 408.03 12
1664.76 401.52 11
1668.14 390.26 11
1668.23 378.94 12
1673.53 368.27 12
1674.83 358.42 11
1673.10 347.24 12
1678.42 338.52 11
1680.64 327.46 11
1680.79 318.00 11
1682.26 307.07 11
1639.35 725.59 12
1635.94 714.51 12
1634.50 705.70 11
1637.95 694.40 11
1638.86 685.65 12
1639.27 672.44 12
1660.23 656.05 12
1639.84 652.53 12
1641.10 641.15 11
1638.41 628.98 11
1640.80 618.81 11
1638.17 608.62 11
1639.57 594.19 11
1634.77 586.58 12
1636.75 575.83 11
1635.94 567.29 11
1634.23 553.05 12
1631.73 543.70 12
1630.15 531.52 12
1632.90 519.58 12
1630.31 510.55 12
1631.39 498.84 12
1631.97 487.94 11
1632.19 477.40 11
1631.20 462.69 11
1634.14 458.54 11
1631.57 444.16 12
1635.00 433.52 12
1637.61 425.41 12
1636.71 414.68 12
1639.89 403.73 11
1642.49 395.70 11
1643.31 384.54 11
1644.60 378.11 11
1650.57 366.24 11
1650.32 355.26 12
1654.30 344.44 12
1652.07 333.42 11
1658.39 326.79 12
1659.93 313.24 12
1661.44 307.94 12
1596.95 798.71 11
1603.13 783.34 12
1603.04 774.23 12
1606.81 763.93 11
1608.03 755.12 11
1608.46 745.65 11
1611.45 733.76 11
1614.33 723.27 12
1614.62 711.56 12
1614.10 701.91 12
1617.53 693.02 11
1614.15 685.85 12
1617.96 669.78 12
1616.49 660.61 11
1616.25 652.53 11
1619.41 642.84 12
1616.66 622.87 12
1614.38 616.58 12
1612.75 606.02 11
1614.05 593.47 12
1613.62 586.70 11
1610.87 571.80 12
1610.95 562.26 11
1609.48 555.42 12
1609.66 539.79 11
1608.21 531.51 11
1610.70 520.33 11
1609.44 506.85 11
1611.20 496.25 12
1609.56 488.69 11
1608.69 477.20 12
1609.98 464.94 12
1608.18 453.39 11
1610.47 444.94 11
1609.96 436.95 12
1614.94 423.04 11
1614.63 411.99 11
1615.55 400.80 11
1618.50 392.71 12
1616.56 383.36 11
1621.76 374.68 11
1625.37 363.02 11
1626.27 349.28 12
1628.30 342.98 11
1634.46 332.79 11
1631.18 324.11 12
1637.59 308.61 11
1638.15 303.15 12
1589.99 734.87 12
1587.24 726.22 11
1590.38 718.70 12
1587.99 701.47 11
1590.37 693.10 11
1592.20 685.07 12
1592.71 674.11 12
1595.31 662.90 11
1592.63 651.82 12
1595.00 638.02 11
1595.94 631.04 12
1591.15 618.68 12
1589.52 610.94 12
1588.87 596.77 12
1590.81 588.00 11
1587.41 574.36 12
1589.85 566.45 11
1588.26 552.57 12
1586.29 540.87 11
1584.69 528.43 11
1586.59 521.60 11
1586.09 507.63 11
1582.49 498.57 11
1588.16 487.20 12
1584.92 478.52 12
1588.40 471.57 12
1586.00 455.71 11
1584.80 447.54 12
1588.18 436.87 11
1585.57 424.09 12
1587.45 414.38 12
1590.62 396.45 11
1590.66 394.91 12
1596.29 387.10 12
1594.64 373.12 12
1596.97 361.43 11
1598.28 355.01 12
1605.89 345.30 11
1600.13 334.38 12
1604.47 326.83 11
1610.31 314.99 12
1613.00 306.17 12
1609.90 292.58 12
1567.41 691.76 11
1569.89 680.07 11
1568.90 669.62 12
1569.59 657.56 12
1572.13 649.18 11
1571.54 642.76 11
1571.04 628.14 12
1570.49 618.89 11
1567.35 604.52 11
1567.98 592.21 12
1571.24 586.07 12
1571.25 573.61 12
1572.40 564.76 11
1563.79 551.48 11
1563.63 537.52 12
1563.37 527.68 11
1564.46 516.00 11
1567.25 510.17 11
1562.93 499.73 12
1564.19 485.36 11
1561.93 474.85 12
1562.51 463.80 12
1558.42 449.86 12
1560.41 442.32 12
1566.87 433.40 11
1562.63 423.73 11
1565.14 411.63 12
1565.23 401.47 11
1567.39 390.81 11
1570.52 379.29 11
1571.48 369.99 11
1570.56 361.14 12
1572.79 347.74 11
1577.03 337.67 12
1578.87 329.44 11
1579.89 320.91 12
1583.93 305.37 12
1583.75 297.29 12
1586.60 288.35 12
1591.43 279.95 12
1529.72 749.76 12
1520.23 736.72 12
1536.13 729.90 11
1537.37 716.13 12
1541.06 706.79 11
1558.19 710.41 12
1543.07 686.66 12
1545.89 675.75 11
1546.89 669.41 12
1546.27 654.90 11
1547.91 646.16 12
1545.71 634.79 11
1547.41 622.38 11
1544.37 614.05 11
1544.78 602.86 12
1545.64 594.54 12
1548.01 586.52 12
1543.76 570.56 12
1544.82 560.37 11
1544.42 546.47 11
1543.22 536.06 11
1541.72 526.45 12
1540.28 514.82 11
1542.77 503.54 11
1540.77 491.47 11
1538.86 482.61 11
1537.58 467.27 11
1539.07 459.92 11
1539.00 446.85 12
1538.88 436.56 11
1538.00 427.53 11
1541.86 418.35 11
1544.39 408.33 11
1543.16 392.95 11
1546.66 387.21 11
1544.34 375.77 11
1547.02 367.09 11
1547.48 358.38 11
1548.45 345.23 11
1552.47 338.02 11
1558.56 324.23 11
1558.52 315.68 12
1561.94 306.94 11
1560.84 296.03 11
1562.16 285.98 12
1561.75 276.36 11
1566.36 265.64 12
1501.80 772.06 12
1504.61 758.53 11
1504.94 749.90 11
1507.14 741.31 11
1510.58 730.45 12
1516.40 722.89 12
1514.20 712.44 11
1517.19 699.58 11
1519.88 694.79 12
1519.70 681.40 11
1521.53 668.11 12
1523.28 660.27 11
1521.99 649.26 11
1525.16 637.85 11
1525.73 627.31 11
1521.29 617.62 12
1523.51 608.93 11
1524.18 592.90 12
1523.15 585.36 12
1521.42 575.94 11
1515.37 545.15 12
1523.19 552.71 11
1519.62 537.87 11
1516.28 530.89 12
1519.05 518.85 11
1519.34 509.07 12
1515.33 495.79 11
1515.04 485.61 12
1517.17 476.69 11
1517.22 464.48 12
1513.68 457.44 12
1514.13 439.43 12
1516.50 432.18 12
1514.85 421.23 11
1515.70 409.58 11
1515.99 401.25 11
1517.27 391.27 11
1520.84 380.28 11
1525.60 370.75 12
1522.60 363.88 12
1524.49 349.93 12
1527.73 339.18 11
1528.02 329.38 12
1530.73 319.18 12
1530.17 309.21 12
1532.38 298.75 12
1538.30 290.39 12
1540.21 276.38 11
1544.19 271.74 11
1540.15 256.81 12
512.54 824.59 12
511.93 845.47 14
513.23 868.50 15
512.81 889.49 11
513.38 912.14 14
512.26 932.36 11
515.05 955.11 13
512.32 979.02 15
514.30 998.63 14
513.01 1020.65 13
515.48 1040.30 13
512.96 1062.35 13
514.21 1085.03 13
514.17 1107.84 12
512.97 1130.85 15
513.90 1153.70 15
514.80 1173.62 16
513.13 1195.05 13
511.57 1217.07 14
511.74 1237.38 13
514.15 1259.16 13
514.60 1280.31 15
513.93 1303.32 13
511.62 1325.83 14
514.36 1347.58 13
513.18 1368.00 14
513.85 1390.69 14
516.09 1413.07 15
513.19 1436.93 12
513.36 1459.74 15
515.94 1478.91 12
513.42 1501.90 11
513.72 1522.92 14
513.73 1542.37 13
516.26 1586.84 12
513.50 1609.58 13
512.54 1632.27 14
515.59 1652.26 14
514.93 1675.96 12
512.79 1694.92 13
511.41 1718.38 15
514.05 1740.69 14
511.65 1762.99 15
513.63 1783.85 14
511.08 1805.67 13
547.36 824.12 13
545.31 845.11 13
548.09 867.92 15
547.56 890.36 13
546.26 912.40 14
547.14 933.23 12
543.95 957.40 15
548.35 975.85 12
545.62 997.63 14
546.45 1020.12 14
546.04 1041.32 12
548.47 1062.40 14
546.85 1086.49 11
546.52 1109.23 13
547.41 1131.25 14
545.57 1149.82 12
548.20 1173.37 12
547.42 1194.40 14
547.24 1216.78 13
545.42 1238.39 15
547.16 1259.19 12
547.53 1281.59 15
547.00 1302.62 12
547.92 1324.69 14
547.81 1349.29 14
547.34 1370.46 14
547.76 1393.45 13
549.60 1411.56 14
547.61 1434.19 13
547.61 1456.86 13
547.74 1478.03 14
547.34 1499.71 14
548.85 1523.48 14
549.34 1545.00 14
548.16 1566.61 14
547.82 1586.84 13
547.36 1609.75 12
547.44 1630.10 15
546.56 1654.57 12
545.58 1675.77 14
547.01 1697.40 13
547.59 1720.16 14
547.74 1741.82 13
545.75 1763.88 16
547.00 1783.59 14
547.47 1804.40 13
547.74 1826.60 17
577.98 821.18 15
581.25 845.75 12
579.17 865.82 16
580.61 890.19 13
581.76 913.50 13
580.78 932.79 13
580.20 954.06 14
583.54 977.42 14
581.78 1001.38 14
582.78 1020.01 14
581.91 1044.47 13
580.77 1061.82 15
580.59 1084.96 14
582.46 1108.14 12
579.26 1129.71 12
582.95 1153.25 15
582.05 1172.93 15
582.09 1194.32 14
579.46 1218.93 15
582.22 1239.06 13
580.06 1262.36 12
581.59 1282.63 14
581.23 1302.08 13
581.66 1326.66 16
585.11 1347.49 13
584.22 1369.81 14
579.55 1393.27 14
580.24 1412.66 14
581.37 1438.20 15
579.71 1457.80 13
582.68 1480.79 16
579.29 1499.63 15
581.49 1522.40 13
582.06 1543.83 11
580.49 1567.97 14
582.93 1589.18 14
583.13 1606.87 14
583.13 1630.91 14
578.22 1653.84 13
581.35 1676.11 13
581.05 1696.80 14
579.87 1719.45 15
583.35 1741.77 14
581.91 1761.86 12
580.79 1786.21 13
582.33 1806.17 11
581.72 1829.95 13
174.52 1566.75 20
181.93 1536.12 20
190.98 1506.32 20
194.44 1483.02 19
202.01 1455.02 20
202.07 1427.41 20
212.33 1399.57 20
215.57 1379.67 20
222.37 1349.63 20
226.67 1320.71 19
235.91 1291.40 20
240.74 1272.47 19
246.24 1236.35 19
256.99 1206.06 19
261.10 1180.38 20
265.09 1150.77 19
274.45 1125.39 20
279.25 1102.80 19
284.12 1070.66 20
287.28 1046.21 19
298.58 1016.67 21
299.02 992.18 19
306.33 966.35 20
311.43 936.87 20
321.19 907.21 20
323.10 879.51 20
329.83 855.78 19
333.71 824.40 20
345.56 800.71 19
348.47 772.69 20
353.58 746.88 20
359.63 717.90 20
370.23 688.79 20
377.19 660.08 19
376.37 638.13 20
385.11 607.27 20
393.34 580.70 19
397.70 554.62 19
397.22 529.85 20
408.76 498.81 19
418.55 469.04 19
420.13 446.77 19
425.70 417.64 20
430.92 390.74 19
439.44 361.43 19
443.18 337.09 19
452.93 305.35 20
453.57 279.20 19
460.99 252.39 20
737.90 2090.43 22
760.88 2092.59 22
780.89 2093.00 22
805.40 2098.30 21
829.40 2098.20 22
848.50 2103.40 22
872.20 2102.99 21
895.01 2101.35 21
917.55 2108.62 23
940.84 2112.45 23
960.57 2110.94 22
985.44 2116.26 21
1007.53 2115.54 21
1027.91 2119.48 20
1051.85 2120.88 21
1076.78 2123.25 20
1096.27 2128.48 22
1122.31 2128.07 21
1142.10 2131.21 21
1163.81 2133.60 23
1188.79 2135.02 21
1210.00 2136.39 21
1232.72 2141.47 20
1252.97 2144.69 23
1276.80 2146.95 21
1301.60 2144.73 21
1322.01 2146.41 21
1344.84 2151.59 22
1365.30 2154.38 21
1389.89 2154.90 22
1410.19 2158.14 22
1434.81 2159.90 20
1457.14 2163.32 22
1476.50 2164.37 20
1504.34 2164.22 21
1521.65 2170.13 22
1546.58 2170.66 22
1569.40 2175.03 22
1589.31 2171.29 21
1637.46 2179.85 22
744.18 2030.69 21
769.24 2035.95 23
788.19 2035.61 22
812.42 2039.20 21
834.86 2041.44 22
856.80 2042.26 20
878.56 2044.52 21
903.68 2048.79 21
922.36 2049.03 22
946.42 2048.85 22
970.59 2053.16 22
992.82 2054.91 22
1015.08 2059.50 23
1034.97 2058.01 21
1055.77 2062.43 22
1081.52 2064.25 21
1100.30 2068.39 22
1125.84 2070.43 20
1148.79 2071.04 22
1170.66 2072.89 22
1193.79 2079.13 23
1212.54 2081.97 22
1238.09 2081.93 21
1261.65 2085.19 22
1283.46 2085.25 21
1304.52 2088.36 21
1325.13 2090.36 20
1349.64 2093.94 23
1373.36 2094.41 22
1392.55 2098.36 21
1419.14 2098.03 22
1443.13 2101.43 21
1461.56 2102.32 21
1483.28 2104.24 21
1506.41 2109.07 20
1527.95 2108.56 21
1552.86 2115.01 20
1573.23 2115.19 20
1597.68 2117.39 20
1619.98 2118.34 21
1643.97 2122.17 21
1661.29 2124.44 21
1687.45 2129.13 22
1710.38 2127.71 22
1731.23 2130.86 21
1755.76 2131.99 22
1775.92 2134.81 22
1797.40 2136.54 22
1820.80 2141.99 21
1843.27 2141.95 21
751.88 1973.68 20
773.33 1977.25 22
793.25 1978.58 21
820.92 1981.16 20
842.28 1980.89 22
860.23 1985.52 21
883.98 1985.85 21
905.60 1989.00 22
927.18 1988.81 21
954.00 1991.40 21
973.77 1996.05 22
994.48 1997.48 22
1018.71 1998.35 23
1040.11 2000.96 20
1063.39 2002.48 22
1086.19 2005.87 21
1109.28 2006.88 23
1132.23 2008.96 21
1155.22 2015.58 22
1176.13 2013.88 23
1199.30 2019.90 23
1222.12 2017.30 20
1242.71 2021.07 22
1267.28 2023.38 23
1286.62 2029.46 23
1313.06 2029.79 21
1334.05 2029.22 21
1355.50 2032.79 23
1379.88 2037.91 21
1400.37 2039.62 21
1421.24 2039.23 22
1445.67 2046.05 23
1467.54 2043.09 23
1491.75 2048.39 22
1514.46 2048.69 22
1536.80 2052.02 23
1556.04 2053.81 23
1578.32 2057.11 21
1601.21 2061.49 22
1625.99 2062.14 21
1646.39 2063.99 20
1668.06 2062.58 22
1692.58 2065.16 21
1715.58 2070.44 21
1735.68 2069.86 21
1760.12 2073.52 22
1781.86 2074.69 22
1804.29 2080.43 23
1828.00 2077.82 22
1847.82 2082.32 22
756.51 1914.48 22
780.95 1915.10 22
799.78 1917.22 22
822.16 1920.92 23
845.67 1921.16 20
866.85 1926.17 22
889.43 1925.61 21
910.81 1931.35 22
936.99 1931.44 22
980.28 1937.69 21
1004.10 1936.58 22
1013.60 1944.67 21
1048.80 1942.04 22
1072.45 1946.42 22
1091.12 1950.21 23
1116.22 1948.55 22
1136.93 1952.56 22
1158.73 1953.00 19
1182.15 1953.32 22
1205.49 1958.52 20
1229.09 1961.13 20
1249.65 1963.03 22
1269.65 1964.97 20
1293.36 1967.92 21
1317.87 1971.89 22
1341.54 1971.27 21
1361.89 1975.96 22
1384.75 1977.06 20
1410.00 1981.21 20
1427.65 1979.54 21
1452.50 1981.97 21
1472.68 1986.48 22
1495.50 1986.45 21
1517.68 1991.05 22
1540.80 1995.24 22
1562.41 1994.59 21
1585.26 1996.10 20
1606.75 2001.51 24
1654.97 2004.38 22
1677.58 2004.07 21
1699.04 2008.04 22
762.77 1855.06 21
786.15 1857.65 21
808.31 1862.86 21
827.77 1862.32 22
849.84 1866.49 21
875.53 1869.68 23
896.57 1870.06 21
919.42 1870.02 21
942.32 1875.53 22
965.21 1876.02 23
983.71 1875.45 22
1011.43 1877.44 21
1029.39 1882.42 22
1052.57 1884.44 21
1073.82 1885.17 21
1097.73 1890.17 23
1119.13 1889.63 22
1143.54 1891.66 21
1166.60 1896.24 21
1188.65 1898.13 22
1211.22 1900.21 22
1233.16 1901.94 22
1257.77 1906.38 23
1278.40 1904.90 23
1300.03 1908.32 20
1321.82 1910.60 21
1346.54 1914.44 21
1369.21 1916.91 22
1389.74 1917.27 20
1411.34 1920.80 23
1436.78 1924.20 22
1456.80 1926.83 22
1477.55 1926.50 21
1502.03 1930.87 21
1523.53 1933.98 20
1547.10 1934.13 22
1573.58 1936.65 22
1592.59 1938.91 22
1613.05 1941.22 21
1636.00 1943.11 21
1656.07 1944.64 21
1681.59 1951.50 22
1705.42 1948.29 20
766.43 1797.86 21
790.74 1798.96 21
812.63 1799.15 21
836.96 1804.19 22
857.21 1802.73 22
875.82 1807.91 20
900.83 1811.01 22
928.38 1812.67 20
945.62 1813.62 20
966.09 1816.20 21
991.15 1819.19 21
1013.38 1820.93 21
1036.53 1821.41 23
1059.62 1826.32 21
1081.91 1829.76 22
1104.82 1830.98 20
1128.59 1829.88 22
1147.07 1837.97 21
1171.15 1838.01 22
1194.43 1838.54 23
1215.97 1841.48 21
1237.41 1846.07 23
1258.78 1845.31 22
1285.85 1849.49 22
1308.39 1850.39 21
1328.54 1853.80 21
1351.31 1854.45 21
1372.17 1856.41 22
1397.47 1862.21 21
1419.29 1863.27 21
1443.53 1863.25 22
1463.18 1866.98 22
1484.86 1869.75 22
1506.57 1872.56 21
1531.50 1875.67 22
1551.73 1878.97 21
1574.81 1878.16 21
1598.25 1881.15 22
1620.15 1882.58 22
1641.37 1884.86 23
1664.75 1887.38 21
1688.46 1890.68 23
1708.52 1892.36 22
1735.16 1895.26 22
1752.77 1895.46 22
1778.92 1893.95 22
1797.96 1899.26 21
770.16 1737.14 20
797.03 1739.10 23
819.67 1741.21 21
839.86 1743.05 22
863.80 1744.28 22
885.67 1748.13 22
907.88 1748.04 22
929.21 1754.03 22
952.50 1757.62 21
975.28 1759.11 20
1000.68 1759.32 21
1017.46 1762.72 21
1041.78 1763.94 21
1066.44 1769.52 22
1088.82 1768.90 23
1109.54 1770.50 23
1132.52 1774.06 20
1153.65 1775.46 21
1176.89 1779.64 21
1201.51 1779.03 22
1221.20 1779.78 22
1242.04 1783.10 21
1268.75 1785.73 21
1289.62 1786.58 21
1310.36 1793.41 22
1333.09 1796.10 21
1356.94 1798.38 21
1378.69 1799.50 22
1401.81 1800.40 22
1422.63 1802.95 20
1446.33 1803.25 23
1469.05 1807.73 21
1491.74 1810.27 22
1516.05 1809.13 22
1535.27 1814.35 22
1556.45 1816.89 22
1582.54 1817.61 22
1602.68 1817.88 22
1626.25 1823.49 21
1646.30 1821.58 22
1669.85 1822.89 23
1694.47 1828.58 21
780.08 1680.41 21
804.99 1679.80 23
823.75 1682.93 22
850.50 1687.45 21
871.25 1688.63 22
892.45 1690.74 22
914.16 1688.99 23
937.03 1693.59 22
956.83 1697.66 22
1005.24 1704.63 22
1028.17 1706.20 22
1046.17 1708.55 21
1069.05 1706.44 21
1095.25 1710.37 21
1116.54 1711.61 22
1137.27 1715.67 23
1160.03 1715.73 21
1183.03 1719.76 21
1207.55 1722.30 21
1225.95 1725.94 21
1250.47 1726.67 21
1272.40 1729.90 22
1293.92 1727.66 22
1318.62 1732.62 22
1340.12 1736.62 22
1362.42 1734.78 21
1386.30 1741.25 21
1408.58 1742.97 22
1433.94 1744.80 22
1450.54 1746.16 21
1475.28 1748.40 21
1498.91 1750.48 21
1519.46 1752.14 21
1542.05 1757.98 21
1563.22 1755.67 21
1586.84 1761.33 20
1610.26 1760.62 21
1630.45 1763.60 21
1652.80 1767.92 22
1677.35 1768.35 22
1699.16 1770.87 20
1723.28 1771.68 21
1744.92 1777.25 21
1763.95 1776.52 21
1787.41 1781.17 21
1811.08 1782.96 22
1834.28 1784.61 20
1856.96 1787.55 22
1876.87 1789.86 21
783.99 1619.37 21
805.06 1620.99 22
827.13 1626.79 21
851.33 1626.78 22
875.10 1626.19 22
898.22 1630.54 21
919.26 1631.73 20
944.24 1633.18 22
962.69 1636.41 21
988.13 1641.17 22
1012.16 1643.88 23
1033.89 1644.79 22
1055.84 1645.18 22
1076.02 1651.50 20
1100.57 1653.24 21
1120.17 1653.13 21
1143.31 1655.02 22
1166.11 1659.01 22
1187.92 1659.46 23
1211.54 1662.36 21
1235.71 1664.42 20
1255.60 1669.61 21
1278.19 1670.35 21
1302.94 1669.68 20
1326.23 1674.86 23
1346.65 1677.30 22
1369.90 1680.78 22
1394.68 1683.50 22
1412.83 1682.70 21
1435.92 1687.45 20
1461.06 1685.81 22
1483.62 1688.53 20
1502.88 1691.47 20
1528.48 1694.21 20
1548.46 1697.71 22
1571.81 1695.89 22
1592.88 1701.53 21
1617.81 1701.20 20
1641.16 1704.38 22
1660.87 1706.58 22
1678.34 1710.70 22
1703.73 1713.15 23
1727.22 1714.55 22
1748.90 1719.68 23
1775.69 1718.29 23
1798.53 1722.07 22
789.47 1561.90 20
811.91 1564.61 21
835.94 1565.15 23
858.27 1568.85 22
877.96 1570.84 22
904.55 1569.08 22
925.28 1575.01 21
949.47 1576.05 21
970.67 1578.65 21
993.05 1580.63 20
1013.10 1584.55 23
1037.89 1585.13 21
1061.66 1589.24 22
1083.83 1590.05 23
1105.69 1591.99 21
1129.37 1596.77 21
1153.11 1598.22 21
1174.73 1598.90 21
1198.94 1599.77 21
1217.02 1606.67 21
1239.75 1608.63 19
1262.31 1609.48 21
1281.84 1609.55 22
1307.92 1614.69 21
1329.63 1615.56 21
1352.47 1618.90 21
1377.21 1617.34 21
1395.57 1620.57 21
1420.70 1623.38 21
1440.81 1627.72 21
1463.16 1628.05 22
1487.16 1633.05 22
1507.00 1636.28 21
1530.27 1634.91 23
1556.16 1637.08 21
1579.27 1640.83 23
1600.77 1643.12 22
1621.82 1643.94 23
1642.08 1649.66 23
1663.21 1649.48 21
1690.32 1649.55 20
1709.85 1651.46 22
1732.30 1654.83 21
1753.63 1657.13 22
796.57 1502.08 22
823.58 1504.43 22
839.74 1505.27 22
863.41 1510.80 22
888.26 1509.36 21
909.46 1516.04 21
928.96 1512.21 21
952.79 1518.94 22
977.94 1523.99 22
1001.05 1521.51 21
1020.09 1525.53 21
1045.75 1526.41 23
1065.86 1529.62 23
1092.59 1530.08 21
1111.68 1532.25 20
1133.07 1538.60 22
1154.67 1540.54 23
1177.45 1538.46 21
1200.67 1542.16 22
1225.70 1545.55 21
1245.44 1543.51 22
1266.04 1549.55 21
1290.01 1553.15 22
1314.88 1554.02 21
1337.02 1554.20 22
1355.50 1558.20 21
1379.58 1560.31 20
1403.45 1564.93 23
1423.46 1564.06 22
1445.14 1567.95 22
1469.66 1571.21 21
1494.44 1572.26 21
1517.07 1571.00 21
1536.17 1576.78 21
1561.65 1577.63 21
1580.77 1578.87 21
1608.46 1582.09 21
1627.54 1585.64 20
1648.29 1589.07 22
1671.77 1589.30 21
1691.65 1590.62 21
1719.80 1593.79 22
1758.79 1599.54 22
1783.69 1599.51 21
1809.42 1602.89 20
1825.91 1603.17 21
1850.00 1609.98 22
1874.54 1610.24 21
1896.96 1611.52 21
800.49 1442.49 21
823.67 1449.83 21
845.34 1449.01 22
869.36 1452.87 21
892.55 1455.56 23
914.06 1456.19 21
939.39 1457.14 22
959.65 1461.39 23
983.10 1460.40 21
1003.84 1465.13 20
1027.70 1468.21 22
1051.82 1469.79 21
1074.44 1469.08 21
1094.68 1468.67 23
1114.91 1474.14 22
1140.31 1477.40 22
1162.15 1478.78 20
1184.64 1483.30 21
1207.43 1485.48 21
1231.25 1485.14 21
1253.37 1486.24 22
1272.17 1491.96 21
1294.88 1491.96 22
1319.51 1496.95 22
1342.89 1496.65 21
1363.85 1495.06 22
1386.93 1499.35 21
1410.82 1504.47 19
1429.67 1509.51 22
1452.89 1513.55 21
1478.31 1509.84 22
1498.05 1512.79 21
1520.23 1515.68 20
1543.47 1517.40 22
1569.00 1520.28 21
1588.45 1522.43 21
1609.13 1523.70 21
1632.54 1527.47 21
1657.28 1529.69 22
1680.66 1529.88 22
1698.83 1533.35 22
1718.33 1534.62 21
805.43 1384.59 21
830.80 1388.61 20
851.01 1389.28 22
873.37 1390.75 21
902.89 1388.60 22
922.45 1395.09 23
944.51 1398.04 21
968.87 1400.02 21
986.29 1403.51 22
1010.06 1406.97 21
1032.72 1405.26 20
1055.28 1410.05 22
1082.45 1409.72 21
1098.07 1416.67 21
1123.87 1418.07 22
1143.48 1421.72 21
1166.79 1419.58 21
1192.38 1423.38 21
1211.02 1423.05 23
1234.60 1428.07 21
1259.45 1427.25 22
1278.47 1431.53 23
1303.63 1433.89 21
1324.63 1437.97 20
1347.57 1437.03 20
1371.57 1440.89 22
1390.25 1444.29 21
1413.17 1443.84 23
1436.26 1449.40 21
1461.93 1449.29 21
1484.07 1452.61 22
1506.10 1454.56 22
1526.55 1457.80 21
1549.58 1460.01 20
1568.47 1459.84 22
1596.16 1462.86 21
1615.94 1467.10 21
1639.27 1466.92 21
1661.22 1468.68 22
1684.63 1472.53 21
1704.09 1475.82 23
1728.15 1477.90 21
817.37 1327.78 24
836.69 1328.47 22
860.54 1330.99 22
883.59 1334.23 22
901.81 1333.36 21
928.26 1337.32 22
948.49 1337.95 20
973.15 1342.57 21
996.65 1344.79 22
1017.29 1348.96 22
1039.01 1350.94 21
1063.85 1350.48 22
1084.01 1353.52 22
1111.05 1346.59 22
1129.13 1359.23 21
1151.14 1362.04 23
1173.63 1362.77 22
1196.09 1364.71 21
1218.11 1363.56 21
1239.22 1368.47 19
1264.50 1371.13 22
1288.99 1371.19 22
1307.97 1374.90 21
1330.16 1377.51 21
1356.74 1381.89 20
1375.93 1380.40 22
1400.27 1383.42 21
1422.30 1383.58 22
1444.10 1389.07 20
1465.95 1389.97 22
1488.16 1395.54 22
1507.28 1394.50 21
1536.62 1399.18 21
1556.92 1400.36 22
1579.12 1401.77 21
1599.79 1402.11 19
1622.41 1406.45 21
1643.63 1410.34 22
1668.80 1411.51 20
1690.33 1414.02 22
1709.63 1415.29 19
1734.12 1418.13 21
1758.33 1422.62 22
1778.21 1422.62 22
1801.22 1423.59 21
1823.99 1428.15 22
1847.06 1429.29 22
1871.22 1430.86 22
1890.06 1433.11 20
819.30 1267.77 22
844.04 1268.98 21
889.95 1273.16 22
909.94 1277.38 21
933.44 1276.46 22
952.87 1282.83 21
979.60 1283.67 22
999.79 1282.17 21
1024.37 1288.97 22
1046.52 1289.91 22
1070.83 1294.40 22
1090.11 1292.29 22
1114.14 1297.12 22
1133.10 1298.61 20
1159.73 1298.65 22
1178.28 1302.07 23
1202.77 1306.58 22
1226.66 1312.12 22
1248.25 1309.77 20
1268.75 1313.30 21
1294.09 1314.30 22
1311.81 1317.80 22
1335.55 1319.67 21
1358.54 1323.09 21
1381.01 1324.24 20
1404.76 1325.32 21
1426.35 1330.34 21
1447.83 1327.79 21
1472.56 1331.30 21
1493.24 1334.40 21
1516.19 1335.13 22
1537.31 1339.98 23
1560.87 1341.52 22
1584.37 1344.70 21
1606.69 1347.69 22
1626.60 1346.78 21
1650.94 1350.35 21
1671.58 1351.43 22
1695.22 1353.18 21
1718.54 1357.41 20
1741.56 1359.59 22
1761.70 1360.64 23
1786.99 1362.58 22
1807.62 1366.37 21
1830.40 1366.31 21
1853.30 1371.29 22
1875.20 1370.40 22
1896.29 1372.97 22
827.04 1210.20 21
848.28 1209.27 22
869.55 1214.17 22
891.32 1215.97 22
938.26 1220.45 22
961.11 1224.91 20
982.64 1223.88 22
1006.55 1225.02 21
1030.37 1229.91 22
1050.28 1231.67 21
1073.93 1235.74 21
1093.66 1235.31 21
1118.70 1239.55 21
1142.84 1239.85 22
1163.56 1240.40 22
1183.68 1245.37 22
1208.26 1246.88 21
1230.70 1250.64 22
1252.16 1247.26 22
1273.87 1254.98 21
1299.99 1257.20 22
1319.59 1258.62 22
1340.53 1261.73 23
1365.94 1262.91 21
1386.24 1266.19 21
1408.29 1268.32 22
1433.71 1268.49 22
1453.77 1272.46 22
1477.90 1272.61 21
1500.12 1276.63 23
1524.43 1275.64 22
1543.24 1280.30 23
1588.52 1285.68 20
1613.96 1287.79 23
1633.51 1289.72 22
1655.04 1291.23 22
1678.07 1295.21 23
1699.62 1296.80 22
1725.34 1295.92 21
1745.48 1299.75 22
1768.71 1303.36 23
1788.53 1304.48 22
1811.22 1307.71 21
834.98 1149.19 21
853.03 1151.13 21
878.72 1155.05 22
899.26 1158.18 22
920.03 1158.37 20
944.97 1162.17 23
965.38 1162.30 21
988.92 1166.66 22
1009.56 1166.20 23
1034.48 1168.35 21
1056.81 1175.55 21
1079.97 1173.36 22
1103.78 1174.87 21
1123.95 1179.27 21
1146.59 1180.95 22
1168.66 1184.40 21
1189.88 1186.16 21
1217.79 1186.03 22
1234.90 1190.38 21
1261.20 1192.75 23
1281.66 1195.87 20
1303.83 1199.65 21
1326.74 1199.56 21
1373.00 1201.05 23
1394.80 1208.17 20
1415.80 1207.70 21
1436.09 1210.88 21
1462.77 1212.65 21
1479.78 1213.29 23
1508.01 1217.98 21
1528.36 1218.18 22
1549.45 1222.50 21
1572.45 1225.70 22
1596.28 1225.50 21
1619.18 1228.76 22
1642.65 1229.67 20
1660.70 1230.24 21
1687.13 1237.19 22
1707.68 1237.59 21
1728.87 1239.41 22
1754.47 1240.84 22
1775.43 1244.88 22
1793.87 1244.48 23
1821.59 1248.05 23
1842.96 1249.43 21
1865.67 1253.97 22
1885.54 1256.73 21
840.16 1090.52 21
861.75 1093.89 22
883.40 1093.95 22
908.64 1095.26 23
930.04 1099.40 22
953.05 1101.68 22
972.18 1103.41 21
995.66 1106.86 21
1019.60 1110.04 22
1041.12 1112.57 21
1066.19 1114.87 21
1083.60 1117.75 23
1107.45 1119.60 21
1130.16 1119.56 21
1151.20 1127.05 22
1175.65 1127.15 22
1196.29 1127.30 22
1219.43 1127.57 22
1244.95 1131.27 21
1265.77 1133.28 22
1289.66 1137.30 23
1309.82 1137.20 21
1331.90 1139.21 22
1354.11 1143.04 22
1376.10 1146.74 22
1397.42 1147.93 20
1423.75 1150.19 21
1442.56 1153.47 22
1468.62 1155.52 21
1488.53 1158.33 21
1511.65 1159.53 22
1535.31 1161.05 20
1555.86 1162.97 21
1581.26 1165.76 22
1601.12 1167.03 22
1618.62 1169.17 22
1648.13 1173.04 21
1670.92 1175.14 21
1688.32 1180.72 22
1713.32 1179.98 21
1734.70 1181.03 22
1755.50 1182.57 21
1782.30 1185.97 21
845.51 1029.44 22
868.23 1036.51 23
887.99 1037.11 21
913.13 1039.26 22
932.47 1038.58 21
957.18 1047.24 21
979.60 1048.32 21
1002.56 1045.96 20
1023.57 1050.89 21
1046.21 1056.18 23
1066.81 1051.74 21
1092.35 1055.75 21
1115.46 1056.64 22
1137.88 1061.39 21
1157.60 1061.13 22
1182.26 1068.41 21
1201.27 1069.09 22
1224.47 1070.14 21
1248.62 1074.00 23
1272.05 1076.80 22
1291.02 1075.60 23
1314.48 1078.57 20
1340.22 1080.39 21
1360.77 1082.96 21
1381.40 1087.59 21
1402.91 1086.56 22
1428.86 1091.26 22
1452.65 1093.33 22
1472.27 1094.44 21
1492.57 1095.51 21
1517.82 1096.82 22
1542.17 1099.09 22
1563.27 1105.58 22
1585.89 1107.00 23
1605.16 1107.52 23
1628.21 1110.42 21
1652.29 1113.44 22
1676.01 1117.68 22
1693.95 1115.43 22
1718.44 1118.43 20
1743.46 1120.86 20
850.31 973.77 20
872.15 975.39 21
895.67 979.61 21
917.22 981.05 21
938.41 983.88 22
963.82 984.63 22
983.71 986.15 23
1007.03 986.38 24
1027.42 990.94 22
1053.44 992.75 22
1073.25 997.70 22
1095.57 995.15 21
1119.00 999.52 23
1143.47 1005.02 22
1164.29 1006.05 23
1187.65 1008.03 23
1208.27 1011.43 21
1232.06 1012.11 22
1253.78 1012.22 21
1276.55 1017.26 22
1298.21 1020.12 21
1319.36 1022.98 22
1339.41 1023.88 22
1365.71 1023.44 20
1387.21 1028.80 22
1411.09 1030.17 22
1434.29 1029.59 23
1456.09 1034.06 22
1478.66 1037.86 22
1499.87 1039.37 20
1520.32 1039.20 21
1544.00 1045.05 23
1570.23 1045.41 22
1612.84 1047.11 22
1635.24 1052.24 19
1658.31 1056.92 22
1678.26 1056.40 21
1701.95 1060.57 20
1728.55 1061.62 21
1748.39 1064.76 22
1771.77 1066.19 21
1791.69 1069.00 21
857.55 916.04 23
879.70 918.41 23
901.62 917.89 20
923.11 918.99 21
945.63 923.76 22
968.39 924.94 21
991.49 931.26 23
1010.62 929.91 20
1032.38 934.33 22
1057.91 935.24 22
1078.75 938.10 21
1103.38 938.79 22
1123.87 939.63 22
1148.30 943.13 23
1172.09 945.16 22
1191.09 946.40 21
1214.11 949.34 21
1237.24 953.67 20
1260.57 954.11 22
1281.53 956.48 21
1303.98 963.10 21
1324.97 960.85 21
1350.56 965.00 23
1370.88 964.87 21
1394.62 964.65 22
1417.70 968.70 22
1438.86 971.24 20
1463.33 976.09 22
1483.40 976.54 22
1507.97 981.63 23
1529.78 980.77 21
1548.32 982.59 22
1571.83 984.87 21
1619.38 989.77 22
1643.62 993.11 21
1660.52 998.07 21
1688.11 994.62 21
1709.89 1000.06 20
1733.37 1002.49 21
1756.58 1003.05 21
1775.41 1006.06 21
1802.15 1013.12 21
1822.00 1012.30 22
1838.85 1015.61 21
1866.30 1016.56 21
1888.99 1018.87 21
1909.76 1018.94 22
1935.70 1021.35 20
605.11 505.99 15
617.36 506.80 15
635.43 503.83 13
646.18 512.16 13
655.32 512.16 13
672.55 515.64 15
685.43 521.03 14
703.18 524.36 12
716.21 524.61 14
731.21 528.23 13
742.95 528.13 12
756.66 529.07 13
772.58 530.14 14
782.68 528.24 12
801.21 531.20 13
813.92 530.07 13
826.19 529.75 11
840.47 531.52 13
851.53 529.60 13
867.58 526.86 15
879.69 524.47 14
893.83 524.34 13
906.32 523.12 14
917.70 520.60 11
935.06 516.03 15
947.58 516.72 12
960.98 512.08 12
971.44 507.85 14
987.83 506.75 13
998.54 504.10 13
1012.70 496.01 13
1030.87 496.50 14
1040.23 496.08 13
1051.91 492.78 14
1069.55 490.10 12
1081.43 489.00 13
1092.41 486.96 15
1109.38 488.04 12
1126.18 486.19 13
1137.07 486.52 14
1152.89 487.38 13
1163.56 485.47 12
1175.06 484.96 15
1190.13 486.07 12
1205.54 492.47 12
1217.77 494.71 14
1233.79 492.36 13
1245.26 497.34 14
1257.92 500.74 14
1275.52 503.51 14
598.82 473.62 13
612.33 476.52 13
625.95 477.09 13
642.17 482.85 12
656.19 482.86 13
669.50 487.82 12
682.16 488.61 12
698.05 495.30 13
708.24 496.40 15
722.75 489.06 13
742.11 501.29 13
749.52 498.39 15
767.75 500.60 14
780.02 504.25 14
791.95 503.62 14
805.30 501.10 14
823.58 499.15 13
834.09 500.45 14
849.73 501.57 14
863.07 499.37 13
877.83 494.67 13
892.05 495.79 13
902.79 494.46 14
914.94 490.42 14
931.35 486.96 13
943.62 485.39 13
960.23 481.75 14
969.74 478.52 13
983.75 476.61 12
995.87 471.53 15
1007.68 470.18 14
1022.54 466.26 14
1035.97 468.15 12
1049.98 466.29 16
1063.78 460.79 13
1076.54 458.72 13
1090.67 460.29 14
1106.12 458.61 13
1115.97 455.70 14
1132.12 457.30 15
1146.80 456.64 13
1160.22 455.27 13
1174.05 459.75 14
