0.314390 0.311967 0.023338
0.331294 0.311091 0.023338
0.360404 0.313055 0.023338
0.375003 0.310844 0.023338
0.389604 0.312671 0.023338
0.406353 0.312645 0.023338
0.420306 0.312365 0.023338
0.459390 0.313063 0.023338
0.473029 0.312034 0.023338
0.489233 0.311758 0.023338
0.504683 0.314340 0.023338
0.519406 0.313813 0.023338
0.557974 0.313913 0.023338
0.573514 0.311516 0.023338
0.587903 0.312017 0.023338
0.604706 0.313356 0.023338
0.620165 0.312783 0.023338
0.634936 0.314099 0.023338
0.671853 0.314157 0.023338
0.703980 0.314300 0.023338
0.719431 0.313756 0.023338
0.314300 0.340671 0.023338
0.328616 0.338791 0.023338
0.344514 0.339955 0.023338
0.359938 0.340690 0.023338
0.376501 0.340484 0.023338
0.389308 0.341048 0.023338
0.405746 0.342523 0.023338
0.442866 0.340703 0.023338
0.457714 0.341987 0.023338
0.474083 0.339627 0.023338
0.488605 0.341795 0.023338
0.527362 0.340945 0.023338
0.542888 0.342996 0.023338
0.558449 0.341659 0.023338
0.572611 0.339974 0.023338
0.605788 0.342277 0.023338
0.620329 0.341629 0.023338
0.658466 0.342888 0.023338
0.672720 0.342475 0.023338
0.687526 0.343132 0.023338
0.702996 0.341273 0.023338
0.717492 0.342990 0.023338
0.735453 0.343082 0.023338
0.314387 0.368863 0.023338
0.329053 0.369220 0.023338
0.344643 0.371146 0.023338
0.359690 0.370344 0.023338
0.372957 0.369615 0.023338
0.389372 0.368347 0.023338
0.428035 0.371169 0.023338
0.444123 0.371655 0.023338
0.458757 0.369369 0.023338
0.473963 0.370555 0.023338
0.489620 0.369099 0.023338
0.504809 0.370721 0.023338
0.522358 0.372749 0.023338
0.557507 0.370005 0.023338
0.571448 0.370661 0.023338
0.587745 0.370330 0.023338
0.603193 0.370929 0.023338
0.617646 0.369413 0.023338
0.313317 0.398091 0.023338
0.327654 0.398054 0.023338
0.343969 0.398700 0.023338
0.358972 0.399068 0.023338
0.375723 0.398799 0.023338
0.414920 0.400686 0.023338
0.428602 0.398041 0.023338
0.442461 0.400404 0.023338
0.459032 0.399673 0.023338
0.472419 0.400274 0.023338
0.489770 0.397999 0.023338
0.527185 0.397467 0.023338
0.543103 0.401628 0.023338
0.556633 0.400700 0.023338
0.573045 0.399718 0.023338
0.587641 0.399486 0.023338
0.605124 0.400660 0.023338
0.620803 0.401448 0.023338
0.634860 0.402192 0.023338
0.650140 0.401214 0.023338
0.664728 0.400412 0.023338
0.679622 0.401578 0.023338
0.313846 0.428528 0.023338
0.329416 0.424598 0.023338
0.344395 0.427445 0.023338
0.359766 0.429338 0.023338
0.372724 0.426839 0.023338
0.390498 0.425789 0.023338
0.406597 0.428160 0.023338
0.421285 0.427151 0.023338
0.436522 0.429155 0.023338
0.474896 0.426901 0.023338
0.489103 0.429949 0.023338
0.503807 0.427348 0.023338
0.519964 0.429389 0.023338
0.535058 0.430044 0.023338
0.551130 0.429571 0.023338
0.589755 0.426949 0.023338
0.602624 0.427026 0.023338
0.618320 0.429501 0.023338
0.634836 0.429409 0.023338
0.648303 0.426471 0.023338
0.664948 0.428715 0.023338
0.313333 0.457074 0.023338
0.326855 0.454673 0.023338
0.342615 0.453557 0.023338
0.358633 0.457250 0.023338
0.374280 0.456699 0.023338
0.412639 0.458275 0.023338
0.428104 0.455811 0.023338
0.442737 0.455147 0.023338
0.457731 0.456546 0.023338
0.496638 0.455058 0.023338
0.526807 0.456126 0.023338
0.541963 0.457963 0.023338
0.557676 0.457941 0.023338
0.596363 0.460064 0.023338
0.613271 0.457969 0.023338
0.626741 0.459224 0.023338
0.641074 0.458442 0.023338
0.657120 0.458515 0.023338
0.671646 0.456380 0.023338
0.685754 0.457015 0.023338
0.702543 0.458076 0.023338
0.314353 0.485469 0.023338
0.328340 0.485654 0.023338
0.343592 0.486307 0.023338
0.357442 0.484906 0.023338
0.372573 0.483643 0.023338
0.390991 0.486541 0.023338
0.404319 0.483823 0.023338
0.417481 0.485020 0.023338
0.437812 0.486282 0.023338
0.450287 0.486392 0.023338
0.489325 0.486861 0.023338
0.503628 0.487214 0.023338
0.521090 0.485138 0.023338
0.533990 0.487905 0.023338
0.574491 0.486165 0.023338
0.587412 0.486140 0.023338
0.604002 0.484935 0.023338
0.619447 0.486225 0.023338
0.635211 0.484154 0.023338
0.313156 0.514354 0.023338
0.328551 0.513162 0.023338
0.358903 0.513474 0.023338
0.374840 0.514550 0.023338
0.388241 0.514331 0.023338
0.405127 0.513460 0.023338
0.420337 0.512903 0.023338
0.436678 0.516154 0.023338
0.450465 0.515204 0.023338
0.463720 0.513509 0.023338
0.480983 0.513710 0.023338
0.497192 0.517388 0.023338
0.534323 0.514670 0.023338
0.550757 0.515657 0.023338
0.563600 0.516053 0.023338
0.579997 0.517036 0.023338
0.595234 0.514897 0.023338
0.611602 0.516627 0.023338
0.626801 0.513860 0.023338
0.642158 0.514711 0.023338
0.657151 0.514346 0.023338
0.672622 0.515158 0.023338
0.315510 0.542434 0.023338
0.326569 0.542611 0.023338
0.343395 0.542851 0.023338
0.357890 0.543835 0.023338
0.374714 0.541515 0.023338
0.390138 0.545746 0.023338
0.404929 0.543045 0.023338
0.444527 0.542386 0.023338
0.458780 0.544131 0.023338
0.472688 0.544048 0.023338
0.489922 0.543566 0.023338
0.502467 0.543997 0.023338
0.518485 0.543714 0.023338
0.534538 0.542218 0.023338
0.548363 0.544853 0.023338
0.590309 0.545030 0.023338
0.603712 0.544425 0.023338
0.619388 0.545442 0.023338
0.635077 0.544197 0.023338
0.648767 0.544328 0.023338
0.665186 0.546733 0.023338
0.679296 0.544573 0.023338
0.312033 0.571750 0.023338
0.329267 0.570780 0.023338
0.342694 0.572650 0.023338
0.358616 0.572848 0.023338
0.396044 0.572301 0.023338
0.433803 0.571463 0.023338
0.451852 0.572977 0.023338
0.466482 0.571403 0.023338
0.479978 0.573336 0.023338
0.496359 0.573552 0.023338
0.511405 0.573325 0.023338
0.527003 0.574001 0.023338
0.542899 0.571297 0.023338
0.581189 0.575513 0.023338
0.596085 0.573070 0.023338
0.610034 0.573600 0.023338
0.625872 0.572496 0.023338
0.643342 0.575868 0.023338
0.314462 0.602778 0.023338
0.329441 0.601147 0.023338
0.344710 0.600954 0.023338
0.381546 0.603256 0.023338
0.397745 0.601268 0.023338
0.412414 0.601394 0.023338
0.427270 0.600167 0.023338
0.442593 0.600651 0.023338
0.481884 0.601800 0.023338
0.495407 0.600570 0.023338
0.511793 0.602375 0.023338
0.527952 0.603312 0.023338
0.541904 0.600659 0.023338
0.556997 0.602454 0.023338
0.595781 0.601962 0.023338
0.610990 0.602841 0.023338
0.624969 0.602043 0.023338
0.642670 0.601354 0.023338
0.315761 0.630691 0.023338
0.342991 0.629288 0.023338
0.359458 0.629993 0.023338
0.374142 0.630060 0.023338
0.389470 0.630631 0.023338
0.402608 0.630991 0.023338
0.441361 0.629969 0.023338
0.457346 0.630484 0.023338
0.473438 0.629458 0.023338
0.489127 0.630801 0.023338
0.501953 0.628518 0.023338
0.543083 0.630544 0.023338
0.554843 0.629129 0.023338
0.571682 0.630567 0.023338
0.587353 0.631356 0.023338
0.602715 0.632627 0.023338
0.617657 0.630485 0.023338
0.634021 0.629796 0.023338
0.649205 0.631798 0.023338
0.663969 0.633619 0.023338
0.311851 0.658743 0.023338
0.327406 0.658502 0.023338
0.344987 0.658602 0.023338
0.358883 0.658612 0.023338
0.373840 0.658979 0.023338
0.389460 0.660424 0.023338
0.405866 0.659523 0.023338
0.420154 0.657904 0.023338
0.473515 0.660965 0.023338
0.510573 0.661383 0.023338
0.526059 0.662493 0.023338
0.541796 0.660446 0.023338
0.558594 0.660222 0.023338
0.571409 0.660017 0.023338
0.587599 0.658649 0.023338
0.602664 0.659465 0.023338
0.619045 0.660469 0.023338
0.633187 0.660389 0.023338
0.313791 0.687416 0.023338
0.328159 0.688525 0.023338
0.359156 0.687745 0.023338
0.372974 0.687412 0.023338
0.389528 0.687998 0.023338
0.404525 0.688865 0.023338
0.419128 0.689053 0.023338
0.435121 0.686824 0.023338
0.472629 0.689211 0.023338
0.488542 0.688952 0.023338
0.503881 0.689393 0.023338
0.516795 0.688325 0.023338
0.532001 0.688883 0.023338
0.549317 0.690164 0.023338
0.588269 0.689966 0.023338
0.601888 0.690393 0.023338
0.632629 0.688436 0.023338
0.648109 0.690164 0.023338
0.662992 0.690130 0.023338
0.678002 0.689470 0.023338
0.425775 0.347944 0.008529
0.431264 0.347403 0.008529
0.437716 0.348438 0.008529
0.442683 0.348295 0.008529
0.448736 0.348063 0.008529
0.462931 0.348604 0.008529
0.475009 0.347691 0.008529
0.480003 0.348020 0.008529
0.486372 0.347574 0.008529
0.491253 0.348522 0.008529
0.497362 0.348039 0.008529
0.502673 0.347949 0.008529
0.509047 0.348673 0.008529
0.514525 0.349015 0.008529
0.520300 0.348052 0.008529
0.526803 0.348472 0.008529
0.531827 0.348345 0.008529
0.538220 0.349075 0.008529
0.543219 0.348461 0.008529
0.557778 0.348849 0.008529
0.563392 0.348850 0.008529
0.569307 0.348221 0.008529
0.574746 0.349284 0.008529
0.580762 0.349402 0.008529
0.586383 0.348860 0.008529
0.593125 0.348325 0.008529
0.597389 0.349350 0.008529
0.425278 0.437388 0.006719
0.430418 0.437030 0.006719
0.434732 0.437131 0.006719
0.439270 0.437765 0.006719
0.450643 0.436716 0.006719
0.455108 0.437765 0.006719
0.459232 0.436928 0.006719
0.464040 0.437365 0.006719
0.468790 0.437884 0.006719
0.473720 0.437610 0.006719
0.478074 0.437601 0.006719
0.425626 0.465117 0.006611
0.430283 0.465930 0.006611
0.434667 0.465589 0.006611
0.439865 0.465438 0.006611
0.444670 0.465533 0.006611
0.450293 0.465204 0.006611
0.454383 0.465216 0.006611
0.466445 0.466055 0.006611
0.472118 0.466098 0.006611
0.476576 0.465723 0.006611
0.481791 0.465939 0.006611
0.486380 0.465301 0.006611
0.491402 0.466223 0.006611
0.495945 0.466105 0.006611
0.501242 0.466173 0.006611
0.506279 0.465725 0.006611
0.510507 0.465804 0.006611
0.523047 0.466925 0.006611
0.528203 0.465932 0.006611
0.533071 0.465780 0.006611
0.538237 0.465926 0.006611
0.542859 0.466525 0.006611
0.547720 0.466232 0.006611
0.552511 0.466211 0.006611
0.557246 0.466109 0.006611
0.562684 0.466254 0.006611
0.566972 0.466145 0.006611
0.424497 0.638607 0.007200
0.429704 0.638577 0.007200
0.434973 0.638608 0.007200
0.448031 0.638507 0.007200
0.452981 0.638866 0.007200
0.458655 0.639634 0.007200
0.462783 0.639864 0.007200
0.468147 0.639351 0.007200
0.020316 0.221677 0.012474
0.028144 0.219289 0.012474
0.034209 0.216981 0.012474
0.041511 0.214089 0.012474
0.047619 0.212263 0.012474
0.055156 0.208681 0.012474
0.061612 0.206516 0.012474
0.068177 0.203402 0.012474
0.084697 0.196022 0.012474
0.090051 0.193840 0.012474
0.097315 0.191061 0.012474
0.104330 0.187885 0.012474
0.110444 0.184957 0.012474
0.117286 0.182793 0.012474
0.139023 0.173260 0.012474
0.146544 0.170302 0.012474
0.154034 0.167562 0.012474
0.160638 0.164994 0.012474
0.176681 0.158100 0.012474
0.183812 0.156095 0.012474
0.190008 0.153501 0.012474
0.203307 0.147469 0.012474
0.209834 0.145679 0.012474
0.214727 0.141766 0.012474
0.222138 0.139409 0.012474
0.238374 0.131714 0.012474
0.245649 0.129318 0.012474
0.252154 0.126246 0.012474
0.258773 0.124672 0.012474
0.265967 0.121888 0.012474
0.271851 0.119754 0.012474
0.278664 0.116805 0.012474
0.025823 0.239172 0.012474
0.037590 0.234269 0.012474
0.044591 0.232533 0.012474
0.051306 0.229066 0.012474
0.057636 0.226421 0.012474
0.064346 0.225628 0.012474
0.026986 0.258676 0.012474
0.033594 0.256707 0.012474
0.039551 0.253147 0.012474
0.045940 0.251312 0.012474
0.053204 0.247746 0.012474
0.059766 0.245941 0.012474
0.073462 0.239273 0.012474
0.089532 0.232842 0.012474
0.095804 0.231247 0.012474
0.102765 0.229017 0.012474
0.109103 0.225922 0.012474
0.115971 0.222963 0.012474
0.122255 0.219821 0.012474
0.128964 0.216544 0.012474
0.136048 0.214606 0.012474
0.142689 0.212456 0.012474
0.149562 0.208372 0.012474
0.166212 0.202006 0.012474
0.172005 0.200168 0.012474
0.177450 0.195819 0.012474
0.195282 0.191122 0.012474
0.202154 0.187090 0.012474
0.208117 0.184265 0.012474
0.225219 0.177983 0.012474
0.231185 0.173402 0.012474
0.237700 0.173162 0.012474
0.243340 0.169803 0.012474
0.250793 0.167493 0.012474
0.257610 0.164425 0.012474
0.264917 0.162359 0.012474
0.271046 0.158878 0.012474
0.277102 0.156921 0.012474
0.031004 0.277132 0.012474
0.037705 0.275419 0.012474
0.044099 0.271999 0.012474
0.060093 0.265587 0.012474
0.066768 0.262073 0.012474
0.073496 0.258622 0.012474
0.080629 0.257792 0.012474
0.086837 0.253734 0.012474
0.092973 0.251187 0.012474
0.099707 0.248437 0.012474
0.106614 0.244705 0.012474
0.123497 0.239162 0.012474
0.128859 0.236674 0.012474
0.136518 0.233904 0.012474
0.142983 0.231070 0.012474
0.150392 0.228636 0.012474
0.154626 0.225879 0.012474
0.179777 0.215383 0.012474
0.185648 0.212094 0.012474
0.193396 0.210531 0.012474
0.199022 0.208199 0.012474
0.205163 0.206070 0.012474
0.221978 0.198831 0.012474
0.228974 0.195924 0.012474
0.245906 0.189167 0.012474
0.251819 0.185953 0.012474
0.258430 0.183632 0.012474
0.265763 0.180477 0.012474
0.271393 0.178583 0.012474
0.278840 0.175408 0.012474
0.285182 0.172190 0.012474
0.290876 0.169455 0.012474
0.037924 0.293592 0.012474
0.051477 0.289595 0.012474
0.058045 0.286555 0.012474
0.064560 0.283334 0.012474
0.070168 0.279832 0.012474
0.086650 0.272126 0.012474
0.093729 0.270592 0.012474
0.101081 0.266716 0.012474
0.107342 0.266218 0.012474
0.114046 0.262709 0.012474
0.120431 0.259929 0.012474
0.127050 0.256456 0.012474
0.133555 0.253409 0.012474
0.149412 0.247554 0.012474
0.156183 0.245213 0.012474
0.162871 0.242717 0.012474
0.169122 0.239305 0.012474
0.186862 0.233690 0.012474
0.193040 0.229880 0.012474
0.200064 0.227534 0.012474
0.204772 0.223902 0.012474
0.212688 0.221281 0.012474
0.228440 0.215675 0.012474
0.236247 0.212260 0.012474
0.242665 0.208651 0.012474
0.249815 0.205843 0.012474
0.255628 0.202973 0.012474
0.262284 0.202340 0.012474
0.269030 0.199119 0.012474
0.275623 0.195786 0.012474
0.282732 0.192774 0.012474
0.287688 0.190362 0.012474
0.538079 0.021221 0.011324
0.542885 0.027715 0.011324
0.548990 0.032543 0.011324
0.564704 0.044769 0.011324
0.570075 0.050240 0.011324
0.576256 0.055955 0.011324
0.582812 0.061573 0.011324
0.588441 0.067297 0.011324
0.604205 0.079948 0.011324
0.610205 0.084727 0.011324
0.616450 0.090207 0.011324
0.622321 0.095502 0.011324
0.628040 0.100749 0.011324
0.649515 0.119696 0.011324
0.654519 0.124331 0.011324
0.661791 0.130253 0.011324
0.667872 0.134185 0.011324
0.674232 0.140234 0.011324
0.689467 0.153311 0.011324
0.695998 0.158907 0.011324
0.701496 0.163425 0.011324
0.708009 0.169765 0.011324
0.713720 0.174161 0.011324
0.719182 0.179305 0.011324
0.725094 0.184658 0.011324
0.731391 0.191220 0.011324
0.744577 0.201775 0.011324
0.750036 0.205818 0.011324
0.765353 0.218176 0.011324
0.771120 0.224707 0.011324
0.777359 0.229685 0.011324
0.789664 0.240465 0.011324
0.796357 0.244554 0.011324
0.801820 0.249987 0.011324
0.813460 0.262036 0.011324
0.819749 0.265966 0.011324
0.826285 0.271127 0.011324
0.833408 0.276010 0.011324
0.847473 0.289839 0.011324
0.853929 0.294959 0.011324
0.860715 0.300257 0.011324
0.866994 0.305634 0.011324
0.871433 0.311755 0.011324
0.878761 0.316820 0.011324
0.884273 0.321145 0.011324
0.890575 0.326974 0.011324
0.896630 0.332152 0.011324
0.912291 0.346039 0.011324
0.917292 0.350468 0.011324
0.923970 0.355370 0.011324
0.930447 0.361018 0.011324
0.936845 0.366345 0.011324
0.942338 0.371167 0.011324
0.947917 0.377192 0.011324
0.954271 0.383096 0.011324
0.970115 0.394752 0.011324
0.976489 0.400459 0.011324
0.983180 0.406554 0.011324
0.988506 0.410569 0.011324
0.994477 0.417386 0.011324
1.000797 0.421140 0.011324
1.006792 0.426469 0.011324
0.542824 0.046751 0.011324
0.549101 0.051580 0.011324
0.555845 0.056358 0.011324
0.561450 0.062519 0.011324
0.567065 0.068028 0.011324
0.581562 0.080407 0.011324
0.588945 0.086693 0.011324
0.594244 0.091286 0.011324
0.600701 0.097468 0.011324
0.606733 0.101443 0.011324
0.618622 0.112145 0.011324
0.625460 0.117821 0.011324
0.631536 0.122825 0.011324
0.645833 0.135364 0.011324
0.652410 0.140753 0.011324
0.659257 0.146484 0.011324
0.665078 0.151744 0.011324
0.671084 0.157460 0.011324
0.676880 0.162019 0.011324
0.692379 0.175619 0.011324
0.698116 0.180929 0.011324
0.704297 0.185958 0.011324
0.711120 0.191297 0.011324
0.716868 0.195820 0.011324
0.723005 0.200680 0.011324
0.738721 0.215188 0.011324
0.744835 0.219395 0.011324
0.750680 0.225090 0.011324
0.756915 0.230128 0.011324
0.771858 0.243030 0.011324
0.777976 0.249070 0.011324
0.783534 0.253794 0.011324
0.790052 0.260217 0.011324
0.795692 0.265095 0.011324
0.809699 0.277577 0.011324
0.816341 0.282063 0.011324
0.823862 0.288761 0.011324
0.829281 0.292902 0.011324
0.842101 0.304681 0.011324
0.847501 0.308978 0.011324
0.863606 0.323255 0.011324
0.868878 0.327360 0.011324
0.875306 0.332496 0.011324
0.881721 0.338065 0.011324
0.886685 0.342933 0.011324
0.893044 0.348164 0.011324
0.899514 0.353665 0.011324
0.518874 0.045930 0.011324
0.525326 0.050737 0.011324
0.531036 0.057046 0.011324
0.536826 0.061404 0.011324
0.552903 0.074865 0.011324
0.558642 0.079722 0.011324
0.573488 0.092782 0.011324
0.580338 0.098584 0.011324
0.586628 0.103912 0.011324
0.592453 0.109088 0.011324
0.598583 0.113803 0.011324
0.614163 0.127550 0.011324
0.619093 0.132689 0.011324
0.626473 0.137366 0.011324
0.632501 0.143894 0.011324
0.637690 0.149014 0.011324
0.653660 0.160780 0.011324
0.658738 0.166472 0.011324
0.664503 0.171198 0.011324
0.671111 0.177662 0.011324
0.677366 0.182613 0.011324
0.683638 0.187649 0.011324
0.690307 0.193007 0.011324
0.704608 0.206123 0.011324
0.711405 0.211604 0.011324
0.716723 0.216652 0.011324
0.722681 0.222063 0.011324
0.730507 0.228271 0.011324
0.735973 0.232395 0.011324
0.741201 0.236831 0.011324
0.757210 0.250928 0.011324
0.763295 0.255344 0.011324
0.768479 0.260607 0.011324
0.775603 0.266049 0.011324
0.781316 0.271903 0.011324
0.786868 0.276026 0.011324
0.793586 0.282722 0.011324
0.799156 0.287371 0.011324
0.815379 0.301439 0.011324
0.820506 0.305194 0.011324
0.827420 0.311460 0.011324
0.832603 0.317092 0.011324
0.839064 0.321152 0.011324
0.845323 0.327373 0.011324
0.851392 0.332969 0.011324
0.857484 0.337935 0.011324
0.863518 0.342848 0.011324
0.869711 0.348298 0.011324
0.875968 0.353932 0.011324
0.882144 0.358321 0.011324
0.888045 0.363953 0.011324
0.893618 0.370303 0.011324
0.909143 0.383048 0.011324
0.915492 0.387430 0.011324
0.922448 0.393933 0.011324
0.927543 0.397580 0.011324
0.933135 0.403530 0.011324
0.939654 0.408598 0.011324
0.945707 0.414238 0.011324
0.951977 0.418403 0.011324
0.958039 0.424791 0.011324
0.964540 0.429428 0.011324
0.513121 0.060370 0.011324
0.519429 0.065206 0.011324
0.530817 0.074600 0.011324
0.536764 0.080435 0.011324
0.543558 0.085963 0.011324
0.550259 0.092448 0.011324
0.556154 0.096515 0.011324
0.570742 0.109374 0.011324
0.576956 0.115171 0.011324
0.583157 0.121205 0.011324
0.589206 0.125366 0.011324
0.595374 0.131424 0.011324
0.601109 0.136497 0.011324
0.616086 0.148941 0.011324
0.622451 0.154429 0.011324
0.628762 0.159058 0.011324
0.635005 0.165308 0.011324
0.640846 0.171752 0.011324
0.647148 0.176018 0.011324
0.653073 0.179910 0.011324
0.669084 0.194058 0.011324
0.673866 0.199391 0.011324
0.680963 0.204438 0.011324
0.686306 0.208963 0.011324
0.692611 0.215722 0.011324
0.698575 0.220007 0.011324
0.714275 0.233479 0.011324
0.720311 0.239367 0.011324
0.726645 0.244141 0.011324
0.731867 0.248482 0.011324
0.738931 0.254139 0.011324
0.744728 0.260520 0.011324
0.751392 0.263532 0.011324
0.756020 0.270939 0.011324
0.763123 0.274401 0.011324
0.778139 0.289515 0.011324
0.784815 0.294194 0.011324
0.790640 0.300155 0.011324
0.797580 0.304988 0.011324
0.802438 0.309486 0.011324
0.808651 0.314445 0.011324
0.813809 0.319210 0.011324
0.821088 0.325452 0.011324
0.827673 0.331485 0.011324
0.841920 0.345311 0.011324
0.848105 0.349397 0.011324
0.854636 0.355530 0.011324
0.860935 0.358537 0.011324
0.867188 0.364046 0.011324
0.873185 0.370869 0.011324
0.879308 0.375414 0.011324
0.884227 0.380461 0.011324
0.899607 0.395461 0.011324
0.915111 0.407493 0.011324
0.921101 0.411981 0.011324
0.926983 0.418214 0.011324
0.933778 0.423492 0.011324
0.939956 0.428349 0.011324
0.507092 0.075518 0.011324
0.513974 0.078678 0.011324
0.520018 0.085093 0.011324
0.525808 0.090512 0.011324
0.541320 0.103346 0.011324
0.546769 0.108356 0.011324
0.553274 0.113830 0.011324
0.559615 0.119439 0.011324
0.565698 0.125191 0.011324
0.571415 0.129334 0.011324
0.576903 0.134867 0.011324
0.584057 0.139205 0.011324
0.589770 0.145149 0.011324
0.596828 0.150688 0.011324
0.601182 0.156384 0.011324
0.608731 0.161620 0.011324
0.623088 0.175305 0.011324
0.630309 0.180358 0.011324
0.635081 0.186130 0.011324
0.640790 0.190508 0.011324
0.647277 0.195469 0.011324
0.653894 0.200448 0.011324
0.668489 0.214214 0.011324
0.674839 0.220979 0.011324
0.681165 0.224328 0.011324
0.687409 0.230597 0.011324
0.693284 0.234824 0.011324
0.699875 0.240219 0.011324
0.705414 0.245632 0.011324
0.720368 0.258369 0.011324
0.726629 0.263394 0.011324
0.732823 0.268920 0.011324
0.739462 0.275410 0.011324
0.755223 0.287947 0.011324
0.760536 0.293115 0.011324
0.766529 0.298233 0.011324
0.779249 0.309287 0.011324
0.785286 0.314015 0.011324
0.791376 0.319229 0.011324
0.796937 0.326078 0.011324
0.803541 0.328741 0.011324
0.808733 0.335583 0.011324
0.824702 0.349149 0.011324
0.831035 0.354227 0.011324
0.837045 0.358955 0.011324
0.851656 0.371783 0.011324
0.858389 0.377969 0.011324
0.863475 0.381827 0.011324
0.870878 0.388217 0.011324
0.885025 0.401319 0.011324
0.891042 0.406557 0.011324
0.897743 0.411717 0.011324
0.912963 0.425014 0.011324
0.919150 0.429801 0.011324
0.925327 0.435322 0.011324
0.931004 0.440037 0.011324
0.938345 0.445391 0.011324
0.943859 0.450188 0.011324
