390.40 311.97 23.34
411.39 311.09 23.34
447.54 313.06 23.34
465.67 310.84 23.34
483.80 312.67 23.34
504.60 312.64 23.34
521.92 312.36 23.34
570.46 313.06 23.34
587.39 312.03 23.34
607.52 311.76 23.34
626.70 314.34 23.34
644.98 313.81 23.34
692.88 313.91 23.34
712.17 311.52 23.34
730.04 312.02 23.34
750.90 313.36 23.34
770.10 312.78 23.34
788.44 314.10 23.34
834.29 314.16 23.34
874.18 314.30 23.34
893.37 313.76 23.34
390.29 340.67 23.34
408.07 338.79 23.34
427.81 339.96 23.34
446.96 340.69 23.34
467.53 340.48 23.34
483.43 341.05 23.34
503.84 342.52 23.34
549.94 340.70 23.34
568.37 341.99 23.34
588.70 339.63 23.34
606.74 341.80 23.34
654.86 340.95 23.34
674.14 343.00 23.34
693.47 341.66 23.34
711.05 339.97 23.34
752.25 342.28 23.34
770.31 341.63 23.34
817.66 342.89 23.34
835.36 342.48 23.34
853.75 343.13 23.34
872.96 341.27 23.34
890.96 342.99 23.34
913.26 343.08 23.34
390.40 368.86 23.34
408.61 369.22 23.34
427.97 371.15 23.34
446.65 370.34 23.34
463.13 369.61 23.34
483.51 368.35 23.34
531.52 371.17 23.34
551.50 371.66 23.34
569.67 369.37 23.34
588.55 370.55 23.34
608.00 369.10 23.34
626.86 370.72 23.34
648.65 372.75 23.34
692.30 370.00 23.34
709.61 370.66 23.34
729.84 370.33 23.34
749.03 370.93 23.34
766.97 369.41 23.34
389.07 398.09 23.34
406.87 398.05 23.34
427.13 398.70 23.34
445.76 399.07 23.34
466.56 398.80 23.34
515.24 400.69 23.34
532.22 398.04 23.34
549.43 400.40 23.34
570.01 399.67 23.34
586.64 400.27 23.34
608.18 398.00 23.34
654.64 397.47 23.34
674.41 401.63 23.34
691.21 400.70 23.34
711.59 399.72 23.34
729.71 399.49 23.34
751.42 400.66 23.34
770.89 401.45 23.34
788.35 402.19 23.34
807.32 401.21 23.34
825.44 400.41 23.34
843.93 401.58 23.34
389.72 428.53 23.34
409.06 424.60 23.34
427.66 427.44 23.34
446.75 429.34 23.34
462.84 426.84 23.34
484.91 425.79 23.34
504.90 428.16 23.34
523.14 427.15 23.34
542.06 429.16 23.34
589.71 426.90 23.34
607.35 429.95 23.34
625.61 427.35 23.34
645.68 429.39 23.34
664.42 430.04 23.34
684.38 429.57 23.34
732.34 426.95 23.34
748.32 427.03 23.34
767.81 429.50 23.34
788.32 429.41 23.34
805.04 426.47 23.34
825.71 428.71 23.34
389.09 457.07 23.34
405.88 454.67 23.34
425.45 453.56 23.34
445.34 457.25 23.34
464.77 456.70 23.34
512.40 458.28 23.34
531.61 455.81 23.34
549.78 455.15 23.34
568.40 456.55 23.34
616.71 455.06 23.34
654.17 456.13 23.34
672.99 457.96 23.34
692.50 457.94 23.34
740.55 460.06 23.34
761.54 457.97 23.34
778.27 459.22 23.34
796.07 458.44 23.34
815.99 458.51 23.34
834.03 456.38 23.34
851.55 457.01 23.34
872.40 458.08 23.34
390.35 485.47 23.34
407.72 485.65 23.34
426.66 486.31 23.34
443.86 484.91 23.34
462.65 483.64 23.34
485.52 486.54 23.34
502.07 483.82 23.34
518.41 485.02 23.34
543.66 486.28 23.34
559.15 486.39 23.34
607.63 486.86 23.34
625.39 487.21 23.34
647.07 485.14 23.34
663.09 487.91 23.34
713.39 486.16 23.34
729.43 486.14 23.34
750.03 484.94 23.34
769.21 486.23 23.34
788.79 484.15 23.34
388.87 514.35 23.34
407.98 513.16 23.34
445.68 513.47 23.34
465.47 514.55 23.34
482.11 514.33 23.34
503.07 513.46 23.34
521.96 512.90 23.34
542.25 516.15 23.34
559.37 515.20 23.34
575.83 513.51 23.34
597.27 513.71 23.34
617.40 517.39 23.34
663.51 514.67 23.34
683.91 515.66 23.34
699.86 516.05 23.34
720.22 517.04 23.34
739.14 514.90 23.34
759.47 516.63 23.34
778.34 513.86 23.34
797.41 514.71 23.34
816.03 514.35 23.34
835.24 515.16 23.34
391.79 542.43 23.34
405.52 542.61 23.34
426.42 542.85 23.34
444.42 543.84 23.34
465.31 541.52 23.34
484.46 545.75 23.34
502.83 543.04 23.34
552.00 542.39 23.34
569.70 544.13 23.34
586.97 544.05 23.34
608.37 543.57 23.34
623.95 544.00 23.34
643.84 543.71 23.34
663.77 542.22 23.34
680.94 544.85 23.34
733.03 545.03 23.34
749.67 544.42 23.34
769.14 545.44 23.34
788.62 544.20 23.34
805.62 544.33 23.34
826.01 546.73 23.34
843.53 544.57 23.34
387.47 571.75 23.34
408.87 570.78 23.34
425.55 572.65 23.34
445.32 572.85 23.34
491.79 572.30 23.34
538.68 571.46 23.34
561.10 572.98 23.34
579.26 571.40 23.34
596.02 573.34 23.34
616.36 573.55 23.34
635.05 573.33 23.34
654.42 574.00 23.34
674.16 571.30 23.34
721.70 575.51 23.34
740.20 573.07 23.34
757.52 573.60 23.34
777.19 572.50 23.34
798.88 575.87 23.34
390.49 602.78 23.34
409.09 601.15 23.34
428.05 600.95 23.34
473.79 603.26 23.34
493.91 601.27 23.34
512.12 601.39 23.34
530.57 600.17 23.34
549.60 600.65 23.34
598.39 601.80 23.34
615.18 600.57 23.34
635.53 602.37 23.34
655.59 603.31 23.34
672.92 600.66 23.34
691.66 602.45 23.34
739.82 601.96 23.34
758.71 602.84 23.34
776.07 602.04 23.34
798.05 601.35 23.34
392.10 630.69 23.34
425.92 629.29 23.34
446.36 629.99 23.34
464.60 630.06 23.34
483.63 630.63 23.34
499.95 630.99 23.34
548.07 629.97 23.34
567.92 630.48 23.34
587.90 629.46 23.34
607.38 630.80 23.34
623.31 628.52 23.34
674.38 630.54 23.34
688.99 629.13 23.34
709.90 630.57 23.34
729.36 631.36 23.34
748.43 632.63 23.34
766.99 630.48 23.34
787.31 629.80 23.34
806.16 631.80 23.34
824.50 633.62 23.34
387.25 658.74 23.34
406.56 658.50 23.34
428.39 658.60 23.34
445.65 658.61 23.34
464.22 658.98 23.34
483.62 660.42 23.34
503.99 659.52 23.34
521.73 657.90 23.34
588.00 660.96 23.34
634.01 661.38 23.34
653.24 662.49 23.34
672.79 660.45 23.34
693.64 660.22 23.34
709.56 660.02 23.34
729.66 658.65 23.34
748.37 659.47 23.34
768.71 660.47 23.34
786.27 660.39 23.34
389.66 687.42 23.34
407.50 688.52 23.34
445.99 687.74 23.34
463.15 687.41 23.34
483.70 688.00 23.34
502.33 688.87 23.34
520.46 689.05 23.34
540.32 686.82 23.34
586.90 689.21 23.34
606.66 688.95 23.34
625.70 689.39 23.34
641.74 688.33 23.34
660.62 688.88 23.34
682.12 690.16 23.34
730.49 689.97 23.34
747.41 690.39 23.34
785.58 688.44 23.34
804.80 690.16 23.34
823.28 690.13 23.34
841.92 689.47 23.34
528.71 347.94 8.53
535.53 347.40 8.53
543.54 348.44 8.53
549.71 348.29 8.53
557.23 348.06 8.53
574.85 348.60 8.53
589.85 347.69 8.53
596.05 348.02 8.53
603.96 347.57 8.53
610.02 348.52 8.53
617.61 348.04 8.53
624.20 347.95 8.53
632.12 348.67 8.53
638.92 349.02 8.53
646.09 348.05 8.53
654.17 348.47 8.53
660.41 348.35 8.53
668.35 349.07 8.53
674.55 348.46 8.53
692.63 348.85 8.53
699.60 348.85 8.53
706.95 348.22 8.53
713.70 349.28 8.53
721.17 349.40 8.53
728.15 348.86 8.53
736.52 348.32 8.53
741.82 349.35 8.53
528.10 437.39 6.72
534.48 437.03 6.72
539.84 437.13 6.72
545.47 437.76 6.72
559.59 436.72 6.72
565.14 437.77 6.72
570.26 436.93 6.72
576.23 437.36 6.72
582.13 437.88 6.72
588.25 437.61 6.72
593.66 437.60 6.72
528.53 465.12 6.61
534.31 465.93 6.61
539.76 465.59 6.61
546.21 465.44 6.61
552.18 465.53 6.61
559.16 465.20 6.61
564.24 465.22 6.61
579.22 466.06 6.61
586.26 466.10 6.61
591.80 465.72 6.61
598.27 465.94 6.61
603.97 465.30 6.61
610.21 466.22 6.61
615.85 466.10 6.61
622.43 466.17 6.61
628.68 465.73 6.61
633.93 465.80 6.61
649.50 466.93 6.61
655.91 465.93 6.61
661.95 465.78 6.61
668.37 465.93 6.61
674.11 466.52 6.61
680.14 466.23 6.61
686.09 466.21 6.61
691.97 466.11 6.61
698.72 466.25 6.61
704.05 466.14 6.61
527.13 638.61 7.20
533.59 638.58 7.20
540.14 638.61 7.20
556.35 638.51 7.20
562.50 638.87 7.20
569.54 639.63 7.20
574.67 639.86 7.20
581.33 639.35 7.20
25.23 221.68 12.47
34.95 219.29 12.47
42.48 216.98 12.47
51.55 214.09 12.47
59.13 212.26 12.47
68.49 208.68 12.47
76.51 206.52 12.47
84.66 203.40 12.47
105.17 196.02 12.47
111.82 193.84 12.47
120.84 191.06 12.47
129.55 187.88 12.47
137.15 184.96 12.47
145.64 182.79 12.47
172.63 173.26 12.47
181.97 170.30 12.47
191.27 167.56 12.47
199.48 164.99 12.47
219.40 158.10 12.47
228.25 156.09 12.47
235.95 153.50 12.47
252.46 147.47 12.47
260.57 145.68 12.47
266.64 141.77 12.47
275.84 139.41 12.47
296.01 131.71 12.47
305.04 129.32 12.47
313.12 126.25 12.47
321.34 124.67 12.47
330.27 121.89 12.47
337.58 119.75 12.47
346.04 116.81 12.47
32.07 239.17 12.47
46.68 234.27 12.47
55.37 232.53 12.47
63.71 229.07 12.47
71.57 226.42 12.47
79.90 225.63 12.47
33.51 258.68 12.47
41.72 256.71 12.47
49.11 253.15 12.47
57.05 251.31 12.47
66.07 247.75 12.47
74.22 245.94 12.47
91.22 239.27 12.47
111.18 232.84 12.47
118.97 231.25 12.47
127.61 229.02 12.47
135.48 225.92 12.47
144.01 222.96 12.47
151.81 219.82 12.47
160.14 216.54 12.47
168.94 214.61 12.47
177.19 212.46 12.47
185.72 208.37 12.47
206.40 202.01 12.47
213.59 200.17 12.47
220.35 195.82 12.47
242.50 191.12 12.47
251.03 187.09 12.47
258.43 184.27 12.47
279.67 177.98 12.47
287.08 173.40 12.47
295.17 173.16 12.47
302.17 169.80 12.47
311.43 167.49 12.47
319.89 164.42 12.47
328.97 162.36 12.47
336.58 158.88 12.47
344.10 156.92 12.47
38.50 277.13 12.47
46.82 275.42 12.47
54.76 272.00 12.47
74.62 265.59 12.47
82.91 262.07 12.47
91.27 258.62 12.47
100.12 257.79 12.47
107.83 253.73 12.47
115.45 251.19 12.47
123.81 248.44 12.47
132.39 244.70 12.47
153.36 239.16 12.47
160.01 236.67 12.47
169.52 233.90 12.47
177.55 231.07 12.47
186.75 228.64 12.47
192.01 225.88 12.47
223.24 215.38 12.47
230.53 212.09 12.47
240.15 210.53 12.47
247.14 208.20 12.47
254.77 206.07 12.47
275.64 198.83 12.47
284.33 195.92 12.47
305.36 189.17 12.47
312.70 185.95 12.47
320.91 183.63 12.47
330.02 180.48 12.47
337.01 178.58 12.47
346.25 175.41 12.47
354.13 172.19 12.47
361.20 169.45 12.47
47.09 293.59 12.47
63.92 289.60 12.47
72.08 286.55 12.47
80.17 283.33 12.47
87.13 279.83 12.47
107.60 272.13 12.47
116.39 270.59 12.47
125.52 266.72 12.47
133.29 266.22 12.47
141.62 262.71 12.47
149.55 259.93 12.47
157.77 256.46 12.47
165.84 253.41 12.47
185.54 247.55 12.47
193.94 245.21 12.47
202.25 242.72 12.47
210.01 239.30 12.47
232.04 233.69 12.47
239.71 229.88 12.47
248.43 227.53 12.47
254.28 223.90 12.47
264.11 221.28 12.47
283.67 215.67 12.47
293.36 212.26 12.47
301.33 208.65 12.47
310.21 205.84 12.47
317.43 202.97 12.47
325.70 202.34 12.47
334.07 199.12 12.47
342.26 195.79 12.47
351.09 192.77 12.47
357.24 190.36 12.47
668.17 21.22 11.32
674.14 27.72 11.32
681.72 32.54 11.32
701.23 44.77 11.32
707.90 50.24 11.32
715.58 55.95 11.32
723.72 61.57 11.32
730.71 67.30 11.32
750.28 79.95 11.32
757.73 84.73 11.32
765.49 90.21 11.32
772.78 95.50 11.32
779.88 100.75 11.32
806.55 119.70 11.32
812.76 124.33 11.32
821.79 130.25 11.32
829.34 134.19 11.32
837.24 140.23 11.32
856.16 153.31 11.32
864.27 158.91 11.32
871.10 163.43 11.32
879.18 169.77 11.32
886.28 174.16 11.32
893.06 179.31 11.32
900.40 184.66 11.32
908.22 191.22 11.32
924.59 201.77 11.32
931.37 205.82 11.32
950.39 218.18 11.32
957.55 224.71 11.32
965.30 229.68 11.32
980.58 240.47 11.32
988.89 244.55 11.32
995.68 249.99 11.32
1010.13 262.04 11.32
1017.94 265.97 11.32
1026.06 271.13 11.32
1034.90 276.01 11.32
1052.37 289.84 11.32
1060.38 294.96 11.32
1068.81 300.26 11.32
1076.61 305.63 11.32
1082.12 311.75 11.32
1091.22 316.82 11.32
1098.06 321.14 11.32
1105.89 326.97 11.32
1113.41 332.15 11.32
1132.86 346.04 11.32
1139.06 350.47 11.32
1147.36 355.37 11.32
1155.40 361.02 11.32
1163.34 366.34 11.32
1170.17 371.17 11.32
1177.09 377.19 11.32
1184.98 383.10 11.32
1204.66 394.75 11.32
1212.57 400.46 11.32
1220.88 406.55 11.32
1227.50 410.57 11.32
1234.91 417.39 11.32
1242.76 421.14 11.32
1250.20 426.47 11.32
674.06 46.75 11.32
681.86 51.58 11.32
690.23 56.36 11.32
697.19 62.52 11.32
704.16 68.03 11.32
722.17 80.41 11.32
731.33 86.69 11.32
737.91 91.29 11.32
745.93 97.47 11.32
753.42 101.44 11.32
768.19 112.14 11.32
776.68 117.82 11.32
784.22 122.82 11.32
801.98 135.36 11.32
810.14 140.75 11.32
818.64 146.48 11.32
825.87 151.74 11.32
833.33 157.46 11.32
840.53 162.02 11.32
859.78 175.62 11.32
866.90 180.93 11.32
874.57 185.96 11.32
883.05 191.30 11.32
890.18 195.82 11.32
897.81 200.68 11.32
917.32 215.19 11.32
924.91 219.40 11.32
932.17 225.09 11.32
939.91 230.13 11.32
958.47 243.03 11.32
966.07 249.07 11.32
972.97 253.79 11.32
981.06 260.22 11.32
988.07 265.10 11.32
1005.46 277.58 11.32
1013.71 282.06 11.32
1023.05 288.76 11.32
1029.78 292.90 11.32
1045.70 304.68 11.32
1052.40 308.98 11.32
1072.40 323.25 11.32
1078.95 327.36 11.32
1086.93 332.50 11.32
1094.89 338.06 11.32
1101.06 342.93 11.32
1108.96 348.16 11.32
1116.99 353.67 11.32
644.32 45.93 11.32
652.33 50.74 11.32
659.42 57.05 11.32
666.61 61.40 11.32
686.58 74.87 11.32
693.70 79.72 11.32
712.14 92.78 11.32
720.65 98.58 11.32
728.46 103.91 11.32
735.69 109.09 11.32
743.30 113.80 11.32
762.65 127.55 11.32
768.77 132.69 11.32
777.93 137.37 11.32
785.42 143.89 11.32
791.86 149.01 11.32
811.69 160.78 11.32
818.00 166.47 11.32
825.16 171.20 11.32
833.37 177.66 11.32
841.13 182.61 11.32
848.92 187.65 11.32
857.20 193.01 11.32
874.96 206.12 11.32
883.40 211.60 11.32
890.00 216.65 11.32
897.40 222.06 11.32
907.12 228.27 11.32
913.91 232.40 11.32
920.40 236.83 11.32
940.28 250.93 11.32
947.84 255.34 11.32
954.27 260.61 11.32
963.12 266.05 11.32
970.21 271.90 11.32
977.11 276.03 11.32
985.45 282.72 11.32
992.37 287.37 11.32
1012.51 301.44 11.32
1018.88 305.19 11.32
1027.46 311.46 11.32
1033.90 317.09 11.32
1041.92 321.15 11.32
1049.70 327.37 11.32
1057.23 332.97 11.32
1064.80 337.94 11.32
1072.29 342.85 11.32
1079.98 348.30 11.32
1087.75 353.93 11.32
1095.42 358.32 11.32
1102.75 363.95 11.32
1109.67 370.30 11.32
1128.95 383.05 11.32
1136.83 387.43 11.32
1145.47 393.93 11.32
1151.79 397.58 11.32
1158.74 403.53 11.32
1166.83 408.60 11.32
1174.35 414.24 11.32
1182.14 418.40 11.32
1189.66 424.79 11.32
1197.74 429.43 11.32
637.18 60.37 11.32
645.01 65.21 11.32
659.15 74.60 11.32
666.54 80.44 11.32
674.97 85.96 11.32
683.29 92.45 11.32
690.61 96.51 11.32
708.73 109.37 11.32
716.45 115.17 11.32
724.15 121.20 11.32
731.66 125.37 11.32
739.32 131.42 11.32
746.44 136.50 11.32
765.04 148.94 11.32
772.94 154.43 11.32
780.78 159.06 11.32
788.53 165.31 11.32
795.78 171.75 11.32
803.61 176.02 11.32
810.97 179.91 11.32
830.85 194.06 11.32
836.79 199.39 11.32
845.60 204.44 11.32
852.23 208.96 11.32
860.06 215.72 11.32
867.47 220.01 11.32
886.96 233.48 11.32
894.46 239.37 11.32
902.33 244.14 11.32
908.81 248.48 11.32
917.58 254.14 11.32
924.78 260.52 11.32
933.06 263.53 11.32
938.80 270.94 11.32
947.62 274.40 11.32
966.27 289.52 11.32
974.56 294.19 11.32
981.79 300.16 11.32
990.41 304.99 11.32
996.44 309.49 11.32
1004.16 314.45 11.32
1010.56 319.21 11.32
1019.60 325.45 11.32
1027.78 331.48 11.32
1045.47 345.31 11.32
1053.15 349.40 11.32
1061.26 355.53 11.32
1069.08 358.54 11.32
1076.85 364.05 11.32
1084.29 370.87 11.32
1091.90 375.41 11.32
1098.01 380.46 11.32
1117.10 395.46 11.32
1136.36 407.49 11.32
1143.79 411.98 11.32
1151.10 418.21 11.32
1159.54 423.49 11.32
1167.21 428.35 11.32
629.69 75.52 11.32
638.24 78.68 11.32
645.74 85.09 11.32
652.93 90.51 11.32
672.19 103.35 11.32
678.96 108.36 11.32
687.04 113.83 11.32
694.91 119.44 11.32
702.47 125.19 11.32
709.57 129.33 11.32
716.38 134.87 11.32
725.26 139.20 11.32
732.36 145.15 11.32
741.12 150.69 11.32
746.53 156.38 11.32
755.90 161.62 11.32
773.73 175.31 11.32
782.70 180.36 11.32
788.62 186.13 11.32
795.71 190.51 11.32
803.77 195.47 11.32
811.99 200.45 11.32
830.11 214.21 11.32
837.99 220.98 11.32
845.85 224.33 11.32
853.60 230.60 11.32
860.90 234.82 11.32
869.08 240.22 11.32
875.96 245.63 11.32
894.53 258.37 11.32
902.31 263.39 11.32
910.00 268.92 11.32
918.24 275.41 11.32
937.81 287.95 11.32
944.41 293.11 11.32
951.85 298.23 11.32
967.65 309.29 11.32
975.14 314.02 11.32
982.71 319.23 11.32
989.61 326.08 11.32
997.81 328.74 11.32
1004.26 335.58 11.32
1024.09 349.15 11.32
1031.95 354.23 11.32
1039.42 358.95 11.32
1057.56 371.78 11.32
1065.92 377.97 11.32
1072.24 381.83 11.32
1081.43 388.22 11.32
1099.00 401.32 11.32
1106.47 406.56 11.32
1114.79 411.72 11.32
1133.69 425.01 11.32
1141.37 429.80 11.32
1149.04 435.32 11.32
1156.09 440.04 11.32
1165.21 445.39 11.32
1172.06 450.19 11.32
