393.33 299.37 23.34
414.47 302.89 23.34
430.41 305.64 23.34
450.27 311.65 23.34
486.61 316.37 23.34
507.42 318.25 23.34
524.80 318.89 23.34
573.26 318.85 23.34
590.40 316.44 23.34
610.59 313.81 23.34
629.36 313.53 23.34
647.76 309.81 23.34
695.72 300.16 23.34
715.48 293.63 23.34
733.29 290.38 23.34
753.96 287.61 23.34
773.29 283.65 23.34
791.43 282.19 23.34
837.32 277.84 23.34
857.24 276.77 23.34
877.22 277.59 23.34
388.07 328.06 23.34
406.18 329.92 23.34
425.71 335.01 23.34
444.73 339.19 23.34
465.34 342.15 23.34
481.14 344.70 23.34
501.31 348.05 23.34
547.75 347.38 23.34
565.98 347.88 23.34
586.75 343.86 23.34
604.43 343.91 23.34
652.79 335.02 23.34
671.74 333.16 23.34
691.33 327.72 23.34
709.25 322.27 23.34
728.53 320.14 23.34
750.12 316.23 23.34
815.52 307.67 23.34
833.31 306.08 23.34
851.60 306.18 23.34
871.16 304.51 23.34
888.86 307.09 23.34
911.16 309.16 23.34
383.65 356.28 23.34
401.81 360.46 23.34
420.90 366.23 23.34
439.69 368.79 23.34
456.26 370.65 23.34
476.82 372.00 23.34
524.46 377.90 23.34
544.39 378.27 23.34
562.89 375.15 23.34
581.63 374.77 23.34
601.30 371.01 23.34
619.96 369.80 23.34
641.51 367.96 23.34
685.60 356.27 23.34
702.85 353.21 23.34
723.17 348.63 23.34
742.30 345.44 23.34
760.48 340.71 23.34
379.25 385.24 23.34
397.05 388.95 23.34
417.25 393.64 23.34
435.85 397.38 23.34
456.66 400.33 23.34
505.20 406.89 23.34
522.37 404.77 23.34
539.43 407.05 23.34
560.06 405.41 23.34
576.66 404.65 23.34
598.38 399.85 23.34
644.93 391.49 23.34
664.44 391.64 23.34
681.32 387.15 23.34
701.80 381.80 23.34
719.96 377.77 23.34
741.62 374.68 23.34
761.06 372.05 23.34
778.49 370.17 23.34
797.54 366.91 23.34
815.72 364.55 23.34
834.15 364.79 23.34
379.22 415.84 23.34
398.46 415.97 23.34
417.09 422.51 23.34
436.20 427.83 23.34
452.22 427.86 23.34
474.26 429.61 23.34
494.28 433.76 23.34
512.50 433.67 23.34
531.46 435.91 23.34
579.07 430.95 23.34
596.78 431.89 23.34
615.00 426.57 23.34
635.12 425.10 23.34
653.89 422.09 23.34
673.86 417.45 23.34
721.82 404.67 23.34
737.81 401.60 23.34
757.36 400.59 23.34
777.88 397.37 23.34
794.57 392.39 23.34
815.28 392.82 23.34
380.41 444.29 23.34
396.93 445.43 23.34
416.37 448.23 23.34
436.59 455.54 23.34
455.95 458.02 23.34
503.69 464.35 23.34
522.64 462.54 23.34
540.73 461.78 23.34
559.49 462.37 23.34
607.66 455.66 23.34
628.01 453.87 23.34
645.24 450.19 23.34
683.77 444.06 23.34
732.05 436.12 23.34
752.84 430.11 23.34
769.70 428.63 23.34
787.42 425.39 23.34
807.36 423.37 23.34
825.18 419.99 23.34
842.76 420.05 23.34
863.70 421.28 23.34
385.47 473.00 23.34
402.83 476.84 23.34
421.84 481.26 23.34
438.79 482.98 23.34
457.35 484.70 23.34
480.65 490.49 23.34
496.75 489.26 23.34
513.27 491.41 23.34
538.69 493.04 23.34
554.19 492.72 23.34
602.73 488.75 23.34
620.54 486.45 23.34
641.90 480.56 23.34
658.36 480.19 23.34
708.39 467.80 23.34
724.43 464.42 23.34
744.85 459.16 23.34
764.23 457.06 23.34
783.48 452.04 23.34
389.00 501.62 23.34
407.86 504.45 23.34
428.11 510.26 23.34
445.54 511.91 23.34
482.07 517.94 23.34
502.86 519.01 23.34
521.62 519.45 23.34
542.48 522.95 23.34
559.42 521.54 23.34
575.56 518.83 23.34
597.03 516.92 23.34
617.82 517.88 23.34
663.43 506.87 23.34
684.02 503.60 23.34
700.04 500.58 23.34
720.59 497.22 23.34
739.12 491.22 23.34
759.76 489.13 23.34
778.13 483.25 23.34
797.35 481.51 23.34
815.90 479.21 23.34
835.24 478.74 23.34
396.83 530.38 23.34
410.57 533.44 23.34
431.47 537.86 23.34
449.60 542.10 23.34
470.08 543.04 23.34
489.89 549.66 23.34
507.80 548.61 23.34
556.82 549.02 23.34
574.79 549.91 23.34
592.04 548.39 23.34
613.36 545.37 23.34
629.01 543.47 23.34
648.86 539.73 23.34
668.55 534.36 23.34
686.15 533.42 23.34
738.28 522.57 23.34
754.83 518.71 23.34
774.46 516.29 23.34
793.74 512.12 23.34
810.75 510.20 23.34
831.52 510.85 23.34
848.69 507.85 23.34
396.54 558.82 23.34
417.80 562.35 23.34
434.65 567.54 23.34
454.42 571.31 23.34
500.78 576.98 23.34
547.55 578.32 23.34
570.11 579.26 23.34
588.11 576.47 23.34
605.07 576.71 23.34
625.44 574.20 23.34
644.11 570.93 23.34
663.55 568.00 23.34
683.01 561.28 23.34
731.03 555.37 23.34
749.28 549.17 23.34
766.67 546.44 23.34
786.22 542.07 23.34
808.27 542.50 23.34
401.54 590.54 23.34
420.09 592.80 23.34
439.02 596.35 23.34
484.77 605.98 23.34
504.83 606.16 23.34
523.04 607.59 23.34
541.45 606.99 23.34
560.49 607.37 23.34
609.32 604.88 23.34
626.09 601.39 23.34
646.50 599.88 23.34
666.60 597.06 23.34
683.87 590.88 23.34
702.68 588.70 23.34
750.87 578.12 23.34
769.80 575.46 23.34
787.15 571.77 23.34
809.12 568.08 23.34
402.52 618.82 23.34
416.93 622.05 23.34
436.40 624.30 23.34
475.02 631.57 23.34
494.01 634.52 23.34
510.30 636.40 23.34
558.49 636.72 23.34
578.32 636.38 23.34
598.38 633.69 23.34
617.79 632.70 23.34
633.87 628.06 23.34
684.89 620.43 23.34
699.59 615.92 23.34
720.45 612.87 23.34
739.88 609.58 23.34
758.90 607.09 23.34
777.61 601.65 23.34
797.99 597.87 23.34
816.75 597.60 23.34
834.98 597.84 23.34
394.86 645.85 23.34
414.20 649.68 23.34
436.01 654.10 23.34
453.26 657.19 23.34
471.78 660.44 23.34
490.98 664.31 23.34
511.48 665.22 23.34
529.44 664.51 23.34
576.10 666.33 23.34
595.35 665.16 23.34
660.48 656.63 23.34
680.33 650.62 23.34
701.26 645.97 23.34
717.22 642.35 23.34
737.54 636.77 23.34
756.17 633.91 23.34
776.41 631.31 23.34
794.01 628.57 23.34
392.76 675.05 23.34
410.40 679.90 23.34
429.22 682.96 23.34
449.03 686.39 23.34
486.70 691.89 23.34
505.18 694.43 23.34
523.29 695.59 23.34
543.56 693.65 23.34
589.77 693.48 23.34
609.60 690.88 23.34
628.60 688.46 23.34
644.85 684.60 23.34
663.67 681.51 23.34
684.99 678.32 23.34
733.48 667.87 23.34
750.35 664.96 23.34
771.45 660.34 23.34
788.93 656.67 23.34
826.38 654.38 23.34
845.16 652.76 23.34
525.25 354.64 8.53
532.17 354.19 8.53
540.01 355.22 8.53
546.21 354.97 8.53
553.77 354.51 8.53
571.32 354.05 8.53
578.74 352.97 8.53
586.50 351.80 8.53
600.65 350.04 8.53
606.55 350.18 8.53
614.23 348.61 8.53
620.85 347.49 8.53
628.66 346.91 8.53
635.41 346.06 8.53
642.76 343.79 8.53
650.78 342.67 8.53
657.05 341.31 8.53
664.88 340.43 8.53
671.20 338.53 8.53
689.25 335.08 8.53
696.23 333.58 8.53
703.70 331.38 8.53
710.28 331.00 8.53
717.75 329.54 8.53
724.83 327.55 8.53
733.31 325.31 8.53
738.44 325.28 8.53
517.78 444.05 6.72
524.15 443.78 6.72
529.51 443.90 6.72
535.17 444.48 6.72
549.24 443.01 6.72
554.84 443.78 6.72
559.92 442.63 6.72
565.91 442.64 6.72
571.84 442.66 6.72
577.95 441.80 6.72
583.35 441.22 6.72
520.58 471.80 6.61
526.46 472.69 6.61
531.86 472.37 6.61
538.29 472.15 6.61
544.26 472.11 6.61
551.20 471.52 6.61
556.28 471.29 6.61
571.36 471.09 6.61
578.41 470.49 6.61
583.90 469.54 6.61
590.40 469.02 6.61
596.02 467.68 6.61
602.37 467.76 6.61
608.00 466.83 6.61
614.58 465.89 6.61
620.78 464.42 6.61
626.05 463.61 6.61
641.76 461.89 6.61
648.04 459.65 6.61
654.07 458.30 6.61
660.51 457.14 6.61
666.32 456.55 6.61
672.32 454.99 6.61
678.27 453.70 6.61
684.14 452.34 6.61
690.92 451.03 6.61
696.23 449.78 6.61
536.92 645.36 7.20
543.39 645.43 7.20
549.94 645.47 7.20
566.17 644.99 7.20
572.29 645.07 7.20
579.27 645.42 7.20
584.38 645.28 7.20
591.09 644.21 7.20
14.99 205.35 12.47
24.46 203.36 12.47
32.08 201.58 12.47
41.41 199.61 12.47
49.04 198.79 12.47
59.02 196.49 12.47
67.24 195.52 12.47
75.92 193.50 12.47
97.35 188.13 12.47
104.09 186.26 12.47
113.05 183.58 12.47
121.78 180.07 12.47
129.36 176.54 12.47
137.31 173.62 12.47
144.50 170.04 12.47
163.30 160.26 12.47
181.00 152.38 12.47
188.94 149.20 12.47
208.88 142.00 12.47
217.54 140.57 12.47
225.47 138.65 12.47
234.07 135.86 12.47
242.89 134.65 12.47
258.17 130.91 12.47
267.49 129.84 12.47
288.68 123.84 12.47
297.54 121.76 12.47
305.74 118.51 12.47
313.36 116.69 12.47
321.97 113.15 12.47
328.89 110.23 12.47
337.03 106.12 12.47
23.59 222.29 12.47
31.39 221.72 12.47
38.42 218.14 12.47
56.32 214.75 12.47
64.52 213.21 12.47
74.36 213.22 12.47
31.87 239.51 12.47
40.08 237.84 12.47
47.76 234.75 12.47
55.88 233.72 12.47
65.33 231.26 12.47
73.75 230.61 12.47
82.72 229.67 12.47
91.68 226.34 12.47
120.08 220.74 12.47
128.65 218.61 12.47
136.52 215.25 12.47
144.87 211.70 12.47
152.48 207.74 12.47
160.51 203.39 12.47
168.80 200.27 12.47
176.57 196.96 12.47
184.87 191.62 12.47
204.81 183.23 12.47
211.83 181.11 12.47
218.78 176.62 12.47
241.04 173.27 12.47
250.08 170.19 12.47
257.86 168.36 12.47
280.00 165.10 12.47
287.91 161.40 12.47
296.01 161.99 12.47
303.31 159.07 12.47
312.56 157.07 12.47
321.03 153.89 12.47
329.81 151.39 12.47
337.33 147.18 12.47
344.50 144.40 12.47
32.44 259.44 12.47
40.83 257.99 12.47
48.97 255.14 12.47
69.60 251.05 12.47
78.32 248.76 12.47
87.12 246.53 12.47
96.27 246.79 12.47
104.31 243.64 12.47
112.13 241.72 12.47
120.63 239.36 12.47
129.28 235.67 12.47
149.75 228.90 12.47
156.16 225.64 12.47
165.25 221.62 12.47
172.90 217.61 12.47
181.66 213.90 12.47
186.69 210.39 12.47
195.85 205.18 12.47
217.19 197.66 12.47
234.29 193.44 12.47
241.48 191.73 12.47
249.38 190.45 12.47
271.24 186.15 12.47
280.33 184.45 12.47
302.04 179.79 12.47
309.51 176.90 12.47
317.73 174.63 12.47
326.73 171.14 12.47
333.55 168.76 12.47
342.48 164.63 12.47
350.03 160.37 12.47
356.78 156.61 12.47
43.72 275.00 12.47
51.99 273.56 12.47
60.81 271.81 12.47
77.69 267.42 12.47
84.98 264.99 12.47
106.36 260.23 12.47
115.52 259.57 12.47
124.87 256.47 12.47
132.78 256.26 12.47
141.13 252.81 12.47
148.97 249.77 12.47
156.97 245.70 12.47
164.75 241.81 12.47
183.60 233.32 12.47
191.63 229.79 12.47
199.57 226.21 12.47
207.01 221.88 12.47
228.66 215.09 12.47
236.37 211.39 12.47
245.25 209.49 12.47
251.23 206.45 12.47
261.45 204.89 12.47
281.92 201.97 12.47
292.07 199.92 12.47
300.34 197.34 12.47
309.50 195.34 12.47
316.83 192.92 12.47
325.21 192.45 12.47
333.56 189.12 12.47
341.59 185.34 12.47
350.15 181.53 12.47
356.05 178.39 12.47
681.34 -1.26 11.32
688.03 4.15 11.32
696.26 8.04 11.32
716.94 18.62 11.32
723.84 23.74 11.32
731.64 29.27 11.32
739.77 34.90 11.32
746.62 40.82 11.32
765.28 54.79 11.32
772.18 60.37 11.32
779.23 66.87 11.32
785.73 73.29 11.32
791.96 79.79 11.32
800.86 87.00 11.32
814.70 104.39 11.32
827.32 118.71 11.32
833.65 124.43 11.32
840.01 132.67 11.32
855.34 150.92 11.32
861.91 158.73 11.32
867.48 165.06 11.32
874.00 173.65 11.32
879.88 179.80 11.32
885.44 186.69 11.32
891.54 193.82 11.32
898.05 202.28 11.32
904.99 207.55 11.32
912.22 216.00 11.32
935.46 236.10 11.32
942.05 243.43 11.32
949.40 248.99 11.32
956.88 254.53 11.32
964.24 260.40 11.32
979.41 269.82 11.32
986.91 275.20 11.32
994.46 281.01 11.32
1011.45 288.58 11.32
1021.08 292.37 11.32
1040.71 303.03 11.32
1049.83 306.58 11.32
1059.50 310.11 11.32
1068.55 313.67 11.32
1075.21 318.12 11.32
1085.80 321.04 11.32
1093.86 323.63 11.32
1103.18 327.30 11.32
1112.12 330.43 11.32
1135.31 338.93 11.32
1142.69 341.67 11.32
1152.43 344.51 11.32
1161.90 348.09 11.32
1171.19 351.50 11.32
1179.12 354.72 11.32
1187.21 359.06 11.32
1196.25 363.31 11.32
1218.16 371.76 11.32
1226.85 376.36 11.32
1235.82 381.49 11.32
1242.84 384.93 11.32
1250.65 391.17 11.32
1258.72 394.62 11.32
1266.28 399.78 11.32
669.99 11.86 11.32
690.26 22.77 11.32
707.08 30.98 11.32
714.46 36.90 11.32
721.64 42.31 11.32
739.39 55.02 11.32
748.15 61.86 11.32
754.34 67.03 11.32
761.80 74.18 11.32
768.51 78.93 11.32
775.86 86.11 11.32
781.65 92.09 11.32
795.45 105.85 11.32
810.35 122.55 11.32
817.08 129.93 11.32
824.04 137.84 11.32
829.93 145.09 11.32
835.98 152.97 11.32
841.80 159.40 11.32
857.40 178.30 11.32
863.22 185.59 11.32
869.51 192.53 11.32
876.51 199.84 11.32
882.46 205.95 11.32
888.87 212.42 11.32
905.79 230.94 11.32
912.45 236.18 11.32
919.03 243.03 11.32
926.09 248.95 11.32
943.59 263.38 11.32
951.06 269.82 11.32
957.87 274.65 11.32
966.12 281.08 11.32
973.29 285.72 11.32
991.62 296.96 11.32
1000.28 300.50 11.32
1010.54 305.94 11.32
1017.90 309.02 11.32
1027.96 313.16 11.32
1036.02 317.83 11.32
1066.99 330.27 11.32
1074.59 332.73 11.32
1083.93 335.80 11.32
1093.40 339.22 11.32
1100.87 342.37 11.32
1110.21 345.45 11.32
1119.76 348.75 11.32
661.35 26.29 11.32
670.09 29.92 11.32
677.98 35.32 11.32
685.63 38.91 11.32
706.45 51.06 11.32
713.68 55.75 11.32
731.89 69.18 11.32
740.02 75.50 11.32
747.35 81.50 11.32
754.04 87.49 11.32
760.93 93.14 11.32
778.04 110.16 11.32
783.33 116.65 11.32
791.10 123.03 11.32
797.40 131.51 11.32
802.76 138.29 11.32
819.02 154.84 11.32
824.14 162.47 11.32
829.94 169.11 11.32
836.57 177.97 11.32
842.87 184.97 11.32
849.19 192.04 11.32
855.95 199.52 11.32
870.61 217.22 11.32
877.70 224.59 11.32
883.31 231.14 11.32
889.68 238.08 11.32
898.16 245.98 11.32
904.17 251.12 11.32
910.00 256.48 11.32
928.44 272.72 11.32
935.60 277.54 11.32
941.90 283.14 11.32
950.58 288.69 11.32
957.80 294.54 11.32
964.78 298.42 11.32
973.54 304.68 11.32
980.82 308.77 11.32
1002.66 320.41 11.32
1009.64 323.18 11.32
1019.31 327.92 11.32
1026.79 332.26 11.32
1035.76 334.69 11.32
1044.88 339.12 11.32
1053.73 342.89 11.32
1062.56 345.98 11.32
1071.35 348.97 11.32
1080.49 352.37 11.32
1089.76 355.87 11.32
1098.73 358.23 11.32
1107.55 361.81 11.32
1116.04 366.15 11.32
1138.76 373.84 11.32
1147.84 376.31 11.32
1157.99 380.73 11.32
1165.20 382.98 11.32
1173.34 387.40 11.32
1182.46 390.90 11.32
1190.97 395.19 11.32
1199.44 398.13 11.32
1207.85 403.47 11.32
1216.45 407.17 11.32
653.54 40.17 11.32
662.24 43.94 11.32
671.04 48.93 11.32
677.58 51.73 11.32
694.15 61.91 11.32
702.57 68.04 11.32
710.07 72.16 11.32
727.74 85.58 11.32
734.99 91.92 11.32
742.04 98.66 11.32
749.11 103.79 11.32
755.88 110.90 11.32
762.18 117.12 11.32
778.37 133.18 11.32
785.06 140.42 11.32
791.78 146.91 11.32
798.02 155.06 11.32
803.68 163.35 11.32
810.32 169.71 11.32
816.55 175.60 11.32
832.57 195.20 11.32
837.13 202.13 11.32
844.53 209.56 11.32
849.97 215.82 11.32
856.15 224.55 11.32
862.48 230.65 11.32
879.01 248.41 11.32
885.38 255.71 11.32
892.43 261.88 11.32
898.25 267.23 11.32
906.28 274.08 11.32
912.69 281.17 11.32
920.90 285.08 11.32
925.85 292.61 11.32
934.83 296.67 11.32
953.19 311.53 11.32
961.90 315.95 11.32
969.36 321.29 11.32
978.69 325.46 11.32
985.18 329.21 11.32
993.66 333.18 11.32
1000.73 336.90 11.32
1010.87 341.56 11.32
1020.13 345.93 11.32
1040.41 355.53 11.32
1049.52 357.98 11.32
1059.02 361.94 11.32
1068.47 363.35 11.32
1077.68 366.75 11.32
1086.42 371.22 11.32
1095.53 373.82 11.32
1102.74 377.04 11.32
1125.24 386.58 11.32
1147.94 394.09 11.32
1156.62 397.01 11.32
1164.89 401.49 11.32
1174.54 405.21 11.32
1183.21 408.79 11.32
642.28 52.77 11.32
652.05 55.13 11.32
660.06 60.39 11.32
667.72 64.99 11.32
687.92 76.66 11.32
694.74 81.48 11.32
702.84 86.97 11.32
710.54 92.78 11.32
717.74 98.88 11.32
724.61 103.62 11.32
730.82 109.75 11.32
739.33 115.27 11.32
745.52 122.15 11.32
753.41 129.15 11.32
757.72 135.75 11.32
766.07 142.89 11.32
780.81 160.58 11.32
788.50 167.87 11.32
792.99 175.16 11.32
798.90 181.42 11.32
805.59 188.55 11.32
812.42 195.78 11.32
826.81 214.51 11.32
832.94 223.39 11.32
839.84 228.80 11.32
846.03 237.03 11.32
852.29 243.04 11.32
859.23 250.32 11.32
864.93 257.21 11.32
881.11 273.44 11.32
888.13 279.69 11.32
895.06 286.24 11.32
902.53 293.59 11.32
921.37 307.55 11.32
927.74 312.83 11.32
935.17 317.98 11.32
942.58 323.56 11.32
951.33 328.50 11.32
967.32 337.28 11.32
974.53 343.01 11.32
983.88 345.05 11.32
990.75 350.47 11.32
1013.23 360.29 11.32
1022.33 363.72 11.32
1031.05 366.79 11.32
1052.35 375.00 11.32
1062.23 378.87 11.32
1069.78 381.13 11.32
1080.73 385.00 11.32
1101.56 393.11 11.32
1110.41 396.34 11.32
1120.29 399.47 11.32
1142.35 408.16 11.32
1151.26 411.37 11.32
1160.00 415.30 11.32
1167.98 418.73 11.32
1178.28 422.73 11.32
1185.82 426.51 11.32
