0.316750 0.299372 0.023338
0.333775 0.302894 0.023338
0.346613 0.305638 0.023338
0.362606 0.311654 0.023338
0.391865 0.316375 0.023338
0.408625 0.318246 0.023338
0.422626 0.318893 0.023338
0.461647 0.318854 0.023338
0.475447 0.316436 0.023338
0.491713 0.313815 0.023338
0.506821 0.313535 0.023338
0.521644 0.309814 0.023338
0.560268 0.300157 0.023338
0.576175 0.293626 0.023338
0.590520 0.290382 0.023338
0.607164 0.287609 0.023338
0.622730 0.283648 0.023338
0.637339 0.282187 0.023338
0.674295 0.277845 0.023338
0.690336 0.276772 0.023338
0.706430 0.277592 0.023338
0.312512 0.328057 0.023338
0.327094 0.329916 0.023338
0.342824 0.335006 0.023338
0.358143 0.339190 0.023338
0.374737 0.342150 0.023338
0.387466 0.344702 0.023338
0.403703 0.348054 0.023338
0.441107 0.347380 0.023338
0.455788 0.347877 0.023338
0.472515 0.343861 0.023338
0.486748 0.343911 0.023338
0.525690 0.335017 0.023338
0.540952 0.333159 0.023338
0.556732 0.327724 0.023338
0.571161 0.322270 0.023338
0.586691 0.320144 0.023338
0.604070 0.316229 0.023338
0.656740 0.307675 0.023338
0.671070 0.306078 0.023338
0.685797 0.306182 0.023338
0.701545 0.304508 0.023338
0.715805 0.307094 0.023338
0.733759 0.309157 0.023338
0.308958 0.356279 0.023338
0.323578 0.360463 0.023338
0.338953 0.366232 0.023338
0.354084 0.368793 0.023338
0.367430 0.370654 0.023338
0.383987 0.372003 0.023338
0.422351 0.377900 0.023338
0.438397 0.378266 0.023338
0.453295 0.375149 0.023338
0.468386 0.374766 0.023338
0.484225 0.371008 0.023338
0.499254 0.369801 0.023338
0.516608 0.367963 0.023338
0.552116 0.356270 0.023338
0.566007 0.353210 0.023338
0.582367 0.348631 0.023338
0.597773 0.345438 0.023338
0.612420 0.340708 0.023338
0.305414 0.385238 0.023338
0.319744 0.388953 0.023338
0.336014 0.393638 0.023338
0.350989 0.397375 0.023338
0.367747 0.400333 0.023338
0.406841 0.406888 0.023338
0.420665 0.404771 0.023338
0.434402 0.407049 0.023338
0.451020 0.405405 0.023338
0.464385 0.404647 0.023338
0.481875 0.399849 0.023338
0.519364 0.391493 0.023338
0.535077 0.391641 0.023338
0.548671 0.387151 0.023338
0.565158 0.381800 0.023338
0.579786 0.377770 0.023338
0.597227 0.374677 0.023338
0.612884 0.372051 0.023338
0.626918 0.370174 0.023338
0.642261 0.366911 0.023338
0.656901 0.364546 0.023338
0.671743 0.364790 0.023338
0.305384 0.415843 0.023338
0.320883 0.415970 0.023338
0.335881 0.422507 0.023338
0.351271 0.427833 0.023338
0.364176 0.427859 0.023338
0.381926 0.429609 0.023338
0.398048 0.433757 0.023338
0.412716 0.433675 0.023338
0.427983 0.435908 0.023338
0.466329 0.430948 0.023338
0.480591 0.431887 0.023338
0.495263 0.426569 0.023338
0.511463 0.425095 0.023338
0.526581 0.422086 0.023338
0.542659 0.417450 0.023338
0.581283 0.404667 0.023338
0.594164 0.401600 0.023338
0.609906 0.400588 0.023338
0.626430 0.397374 0.023338
0.639868 0.392393 0.023338
0.656545 0.392818 0.023338
0.306341 0.444291 0.023338
0.319651 0.445427 0.023338
0.335304 0.448227 0.023338
0.351591 0.455538 0.023338
0.367174 0.458025 0.023338
0.405627 0.464352 0.023338
0.420880 0.462540 0.023338
0.435455 0.461782 0.023338
0.450556 0.462370 0.023338
0.489348 0.455655 0.023338
0.505738 0.453871 0.023338
0.519611 0.450192 0.023338
0.550641 0.444061 0.023338
0.589525 0.436119 0.023338
0.606265 0.430112 0.023338
0.619842 0.428628 0.023338
0.634114 0.425391 0.023338
0.650166 0.423366 0.023338
0.664520 0.419989 0.023338
0.678673 0.420054 0.023338
0.695538 0.421278 0.023338
0.310416 0.473004 0.023338
0.324402 0.476839 0.023338
0.339712 0.481260 0.023338
0.353360 0.482982 0.023338
0.368308 0.484700 0.023338
0.387070 0.490485 0.023338
0.400035 0.489260 0.023338
0.413335 0.491406 0.023338
0.433811 0.493044 0.023338
0.446292 0.492721 0.023338
0.485377 0.488751 0.023338
0.499726 0.486451 0.023338
0.516923 0.480557 0.023338
0.530181 0.480187 0.023338
0.570468 0.467799 0.023338
0.583389 0.464420 0.023338
0.599830 0.459159 0.023338
0.615439 0.457061 0.023338
0.630941 0.452045 0.023338
0.313262 0.501625 0.023338
0.328454 0.504450 0.023338
0.344762 0.510259 0.023338
0.358798 0.511906 0.023338
0.388215 0.517940 0.023338
0.404953 0.519006 0.023338
0.420065 0.519450 0.023338
0.436864 0.522954 0.023338
0.450502 0.521541 0.023338
0.463502 0.518831 0.023338
0.480788 0.516921 0.023338
0.497531 0.517882 0.023338
0.534265 0.506865 0.023338
0.550845 0.503598 0.023338
0.563747 0.500576 0.023338
0.580290 0.497221 0.023338
0.595217 0.491217 0.023338
0.611837 0.489129 0.023338
0.626632 0.483254 0.023338
0.642110 0.481505 0.023338
0.657044 0.479212 0.023338
0.672625 0.478737 0.023338
0.319571 0.530381 0.023338
0.330634 0.533445 0.023338
0.347463 0.537857 0.023338
0.362062 0.542104 0.023338
0.378556 0.543039 0.023338
0.394509 0.549656 0.023338
0.408933 0.548608 0.023338
0.448409 0.549016 0.023338
0.462883 0.549911 0.023338
0.476775 0.548392 0.023338
0.493942 0.545365 0.023338
0.506543 0.543472 0.023338
0.522526 0.539734 0.023338
0.538384 0.534355 0.023338
0.552557 0.533420 0.023338
0.594536 0.522570 0.023338
0.607863 0.518712 0.023338
0.623672 0.516293 0.023338
0.639198 0.512122 0.023338
0.652902 0.510203 0.023338
0.669627 0.510855 0.023338
0.683449 0.507848 0.023338
0.319335 0.558824 0.023338
0.336459 0.562350 0.023338
0.350027 0.567536 0.023338
0.365945 0.571312 0.023338
0.403283 0.576979 0.023338
0.440942 0.578322 0.023338
0.459115 0.579263 0.023338
0.473606 0.576466 0.023338
0.487267 0.576705 0.023338
0.503670 0.574202 0.023338
0.518700 0.570927 0.023338
0.534361 0.567995 0.023338
0.550032 0.561284 0.023338
0.588700 0.555372 0.023338
0.603398 0.549171 0.023338
0.617398 0.546442 0.023338
0.633146 0.542067 0.023338
0.650902 0.542497 0.023338
0.323362 0.590537 0.023338
0.338296 0.592801 0.023338
0.353545 0.596351 0.023338
0.390390 0.605980 0.023338
0.406543 0.606161 0.023338
0.421208 0.607586 0.023338
0.436033 0.606986 0.023338
0.451365 0.607368 0.023338
0.490690 0.604881 0.023338
0.504192 0.601387 0.023338
0.520629 0.599876 0.023338
0.536817 0.597057 0.023338
0.550726 0.590885 0.023338
0.565872 0.588702 0.023338
0.604680 0.578119 0.023338
0.619919 0.575455 0.023338
0.633891 0.571774 0.023338
0.651585 0.568076 0.023338
0.324153 0.618819 0.023338
0.335758 0.622053 0.023338
0.351434 0.624302 0.023338
0.382531 0.631571 0.023338
0.397826 0.634519 0.023338
0.410944 0.636396 0.023338
0.449754 0.636717 0.023338
0.465722 0.636378 0.023338
0.481873 0.633693 0.023338
0.497512 0.632704 0.023338
0.510457 0.628056 0.023338
0.551542 0.620432 0.023338
0.563383 0.615920 0.023338
0.580177 0.612872 0.023338
0.595831 0.609583 0.023338
0.611148 0.607093 0.023338
0.626212 0.601649 0.023338
0.642624 0.597870 0.023338
0.657727 0.597599 0.023338
0.672408 0.597838 0.023338
0.317978 0.645851 0.023338
0.333553 0.649678 0.023338
0.351118 0.654100 0.023338
0.365009 0.657194 0.023338
0.379925 0.660443 0.023338
0.395390 0.664313 0.023338
0.411898 0.665220 0.023338
0.426363 0.664505 0.023338
0.463937 0.666326 0.023338
0.479439 0.665159 0.023338
0.531887 0.656625 0.023338
0.547874 0.650623 0.023338
0.564724 0.645968 0.023338
0.577583 0.642351 0.023338
0.593943 0.636775 0.023338
0.608947 0.633907 0.023338
0.625245 0.631310 0.023338
0.639415 0.628570 0.023338
0.316289 0.675047 0.023338
0.330497 0.679900 0.023338
0.345649 0.682959 0.023338
0.361603 0.686385 0.023338
0.391945 0.691889 0.023338
0.406825 0.694433 0.023338
0.421410 0.695593 0.023338
0.437729 0.693648 0.023338
0.474942 0.693483 0.023338
0.490914 0.690880 0.023338
0.506215 0.688458 0.023338
0.519301 0.684596 0.023338
0.534455 0.681507 0.023338
0.551622 0.678320 0.023338
0.590674 0.667868 0.023338
0.604258 0.664965 0.023338
0.621249 0.660338 0.023338
0.635324 0.656674 0.023338
0.665490 0.654379 0.023338
0.680608 0.652764 0.023338
0.422988 0.354640 0.008529
0.428555 0.354194 0.008529
0.434870 0.355215 0.008529
0.439861 0.354970 0.008529
0.445952 0.354506 0.008529
0.460088 0.354046 0.008529
0.466061 0.352968 0.008529
0.472307 0.351798 0.008529
0.483701 0.350044 0.008529
0.488459 0.350182 0.008529
0.494643 0.348605 0.008529
0.499975 0.347492 0.008529
0.506260 0.346907 0.008529
0.511700 0.346061 0.008529
0.517617 0.343787 0.008529
0.524073 0.342666 0.008529
0.529124 0.341308 0.008529
0.535428 0.340427 0.008529
0.540520 0.338529 0.008529
0.555053 0.335079 0.008529
0.560677 0.333583 0.008529
0.566689 0.331379 0.008529
0.571992 0.330998 0.008529
0.578003 0.329538 0.008529
0.583708 0.327545 0.008529
0.590536 0.325309 0.008529
0.594667 0.325283 0.008529
0.416972 0.444047 0.006719
0.422097 0.443784 0.006719
0.426414 0.443898 0.006719
0.430975 0.444480 0.006719
0.442308 0.443010 0.006719
0.446812 0.443781 0.006719
0.450905 0.442630 0.006719
0.455730 0.442636 0.006719
0.460500 0.442661 0.006719
0.465421 0.441803 0.006719
0.469776 0.441221 0.006719
0.419223 0.471799 0.006611
0.423957 0.472695 0.006611
0.428304 0.472367 0.006611
0.433484 0.472151 0.006611
0.438297 0.472108 0.006611
0.443886 0.471523 0.006611
0.447975 0.471285 0.006611
0.460116 0.471085 0.006611
0.465792 0.470487 0.006611
0.470214 0.469543 0.006611
0.475449 0.469022 0.006611
0.479976 0.467675 0.006611
0.485089 0.467758 0.006611
0.489620 0.466828 0.006611
0.494925 0.465887 0.006611
0.499919 0.464424 0.006611
0.504156 0.463608 0.006611
0.516809 0.461888 0.006611
0.521870 0.459654 0.006611
0.526724 0.458299 0.006611
0.531908 0.457139 0.006611
0.536589 0.456547 0.006611
0.541424 0.454985 0.006611
0.546215 0.453699 0.006611
0.550943 0.452340 0.006611
0.556397 0.451034 0.006611
0.560676 0.449781 0.006611
0.432385 0.645362 0.007200
0.437596 0.645428 0.007200
0.442865 0.645465 0.007200
0.455936 0.644994 0.007200
0.460866 0.645069 0.007200
0.466491 0.645416 0.007200
0.470606 0.645277 0.007200
0.476010 0.644209 0.007200
0.012071 0.205352 0.012474
0.019697 0.203357 0.012474
0.025838 0.201582 0.012474
0.033346 0.199611 0.012474
0.039494 0.198788 0.012474
0.047530 0.196486 0.012474
0.054145 0.195519 0.012474
0.061138 0.193504 0.012474
0.078394 0.188129 0.012474
0.083822 0.186255 0.012474
0.091042 0.183584 0.012474
0.098070 0.180074 0.012474
0.104172 0.176541 0.012474
0.110578 0.173623 0.012474
0.116367 0.170042 0.012474
0.131505 0.160260 0.012474
0.145762 0.152385 0.012474
0.152150 0.149201 0.012474
0.168214 0.141997 0.012474
0.175182 0.140571 0.012474
0.181573 0.138652 0.012474
0.188500 0.135858 0.012474
0.195601 0.134647 0.012474
0.207909 0.130906 0.012474
0.215409 0.129839 0.012474
0.232475 0.123836 0.012474
0.239609 0.121761 0.012474
0.246217 0.118515 0.012474
0.252349 0.116690 0.012474
0.259283 0.113155 0.012474
0.264859 0.110228 0.012474
0.271411 0.106120 0.012474
0.019001 0.222287 0.012474
0.025282 0.221719 0.012474
0.030938 0.218137 0.012474
0.045356 0.214745 0.012474
0.051961 0.213209 0.012474
0.059883 0.213219 0.012474
0.025666 0.239514 0.012474
0.032276 0.237839 0.012474
0.038465 0.234753 0.012474
0.044996 0.233715 0.012474
0.052611 0.231259 0.012474
0.059392 0.230615 0.012474
0.066611 0.229667 0.012474
0.073827 0.226341 0.012474
0.096700 0.220741 0.012474
0.103604 0.218615 0.012474
0.109936 0.215247 0.012474
0.116663 0.211696 0.012474
0.122792 0.207737 0.012474
0.129262 0.203392 0.012474
0.135933 0.200271 0.012474
0.142189 0.196964 0.012474
0.148874 0.191623 0.012474
0.164935 0.183233 0.012474
0.170584 0.181111 0.012474
0.176186 0.176621 0.012474
0.194108 0.173271 0.012474
0.201389 0.170188 0.012474
0.207655 0.168356 0.012474
0.225484 0.165104 0.012474
0.231853 0.161396 0.012474
0.238380 0.161988 0.012474
0.244256 0.159068 0.012474
0.251709 0.157068 0.012474
0.258527 0.153886 0.012474
0.265596 0.151393 0.012474
0.271656 0.147182 0.012474
0.277426 0.144398 0.012474
0.026123 0.259438 0.012474
0.032884 0.257987 0.012474
0.039433 0.255135 0.012474
0.056047 0.251051 0.012474
0.063068 0.248763 0.012474
0.070155 0.246534 0.012474
0.077524 0.246790 0.012474
0.083998 0.243637 0.012474
0.090301 0.241715 0.012474
0.097140 0.239363 0.012474
0.104107 0.235671 0.012474
0.120596 0.228896 0.012474
0.125760 0.225636 0.012474
0.133076 0.221619 0.012474
0.139233 0.217615 0.012474
0.146291 0.213902 0.012474
0.150346 0.210388 0.012474
0.157719 0.205180 0.012474
0.174908 0.197662 0.012474
0.188671 0.193442 0.012474
0.194463 0.191730 0.012474
0.200827 0.190454 0.012474
0.218429 0.186152 0.012474
0.225748 0.184451 0.012474
0.243236 0.179791 0.012474
0.249253 0.176898 0.012474
0.255865 0.174625 0.012474
0.263114 0.171141 0.012474
0.268605 0.168759 0.012474
0.275799 0.164630 0.012474
0.281880 0.160371 0.012474
0.287318 0.156611 0.012474
0.035208 0.275003 0.012474
0.041868 0.273560 0.012474
0.048967 0.271812 0.012474
0.062567 0.267425 0.012474
0.068438 0.264993 0.012474
0.085652 0.260227 0.012474
0.093032 0.259571 0.012474
0.100557 0.256469 0.012474
0.106930 0.256255 0.012474
0.113656 0.252809 0.012474
0.119969 0.249767 0.012474
0.126410 0.245698 0.012474
0.132673 0.241809 0.012474
0.147854 0.233317 0.012474
0.154319 0.229795 0.012474
0.160717 0.226208 0.012474
0.166709 0.221879 0.012474
0.184140 0.215090 0.012474
0.190353 0.211391 0.012474
0.197502 0.209491 0.012474
0.202317 0.206449 0.012474
0.210548 0.204894 0.012474
0.227034 0.201967 0.012474
0.235203 0.199916 0.012474
0.241866 0.197336 0.012474
0.249239 0.195342 0.012474
0.255148 0.192922 0.012474
0.261895 0.192453 0.012474
0.268615 0.189120 0.012474
0.275080 0.185338 0.012474
0.281975 0.181533 0.012474
0.286725 0.178393 0.012474
0.548682 -0.001257 0.011324
0.554070 0.004150 0.011324
0.560699 0.008045 0.011324
0.577352 0.018618 0.011324
0.582907 0.023740 0.011324
0.589192 0.029265 0.011324
0.595739 0.034899 0.011324
0.601253 0.040824 0.011324
0.616282 0.054795 0.011324
0.621842 0.060367 0.011324
0.627513 0.066871 0.011324
0.632750 0.073294 0.011324
0.637768 0.079789 0.011324
0.644932 0.087004 0.011324
0.656079 0.104389 0.011324
0.666246 0.118713 0.011324
0.671337 0.124434 0.011324
0.676463 0.132675 0.011324
0.688807 0.150919 0.011324
0.694100 0.158729 0.011324
0.698584 0.165062 0.011324
0.703835 0.173648 0.011324
0.708568 0.179797 0.011324
0.713049 0.186687 0.011324
0.717963 0.193820 0.011324
0.723201 0.202277 0.011324
0.728787 0.207549 0.011324
0.734613 0.215999 0.011324
0.753331 0.236098 0.011324
0.758637 0.243433 0.011324
0.764551 0.248992 0.011324
0.770578 0.254526 0.011324
0.776503 0.260403 0.011324
0.788722 0.269824 0.011324
0.794760 0.275198 0.011324
0.800842 0.281007 0.011324
0.814521 0.288581 0.011324
0.822279 0.292367 0.011324
0.838090 0.303032 0.011324
0.845428 0.306582 0.011324
0.853215 0.310106 0.011324
0.860509 0.313669 0.011324
0.865868 0.318121 0.011324
0.874397 0.321044 0.011324
0.880885 0.323632 0.011324
0.888395 0.327297 0.011324
0.895595 0.330430 0.011324
0.914268 0.338930 0.011324
0.920214 0.341668 0.011324
0.928052 0.344510 0.011324
0.935684 0.348093 0.011324
0.943160 0.351498 0.011324
0.949550 0.354716 0.011324
0.956060 0.359062 0.011324
0.963343 0.363307 0.011324
0.980991 0.371763 0.011324
0.987982 0.376364 0.011324
0.995211 0.381491 0.011324
1.000865 0.384932 0.011324
1.007148 0.391166 0.011324
1.013652 0.394617 0.011324
1.019738 0.399780 0.011324
0.539543 0.011862 0.011324
0.555867 0.022772 0.011324
0.569416 0.030982 0.011324
0.575360 0.036904 0.011324
0.581137 0.042313 0.011324
0.595431 0.055019 0.011324
0.602487 0.061863 0.011324
0.607469 0.067029 0.011324
0.613480 0.074184 0.011324
0.618882 0.078930 0.011324
0.624804 0.086115 0.011324
0.629465 0.092092 0.011324
0.640579 0.105854 0.011324
0.652580 0.122553 0.011324
0.658001 0.129928 0.011324
0.663601 0.137836 0.011324
0.668343 0.145092 0.011324
0.673220 0.152975 0.011324
0.677904 0.159396 0.011324
0.690469 0.178302 0.011324
0.695156 0.185592 0.011324
0.700221 0.192525 0.011324
0.705854 0.199836 0.011324
0.710644 0.205948 0.011324
0.715813 0.212420 0.011324
0.729431 0.230937 0.011324
0.734800 0.236181 0.011324
0.740100 0.243028 0.011324
0.745786 0.248952 0.011324
0.759873 0.263384 0.011324
0.765889 0.269819 0.011324
0.771375 0.274651 0.011324
0.778018 0.281076 0.011324
0.783791 0.285722 0.011324
0.798556 0.296964 0.011324
0.805528 0.300502 0.011324
0.813789 0.305938 0.011324
0.819715 0.309023 0.011324
0.827821 0.313163 0.011324
0.834307 0.317835 0.011324
0.859249 0.330272 0.011324
0.865371 0.332734 0.011324
0.872893 0.335799 0.011324
0.880514 0.339223 0.011324
0.886534 0.342367 0.011324
0.894056 0.345449 0.011324
0.901743 0.348752 0.011324
0.532585 0.026294 0.011324
0.539627 0.029917 0.011324
0.545976 0.035315 0.011324
0.552137 0.038907 0.011324
0.568908 0.051058 0.011324
0.574729 0.055750 0.011324
0.589395 0.069177 0.011324
0.595943 0.075499 0.011324
0.601846 0.081501 0.011324
0.607231 0.087490 0.011324
0.612782 0.093137 0.011324
0.626556 0.110164 0.011324
0.630815 0.116652 0.011324
0.637074 0.123031 0.011324
0.642148 0.131505 0.011324
0.646461 0.138295 0.011324
0.659560 0.154836 0.011324
0.663683 0.162474 0.011324
0.668354 0.169112 0.011324
0.673694 0.177968 0.011324
0.678763 0.184966 0.011324
0.683857 0.192042 0.011324
0.689297 0.199524 0.011324
0.701108 0.217224 0.011324
0.706814 0.224590 0.011324
0.711336 0.231139 0.011324
0.716462 0.238080 0.011324
0.723291 0.245979 0.011324
0.728128 0.251121 0.011324
0.732829 0.256484 0.011324
0.747672 0.272717 0.011324
0.753438 0.277543 0.011324
0.758518 0.283143 0.011324
0.765508 0.288691 0.011324
0.771321 0.294538 0.011324
0.776942 0.298417 0.011324
0.783994 0.304678 0.011324
0.789860 0.308770 0.011324
0.807448 0.320412 0.011324
0.813062 0.323176 0.011324
0.820857 0.327922 0.011324
0.826875 0.332259 0.011324
0.834099 0.334691 0.011324
0.841444 0.339120 0.011324
0.848568 0.342892 0.011324
0.855683 0.345982 0.011324
0.862765 0.348971 0.011324
0.870119 0.352365 0.011324
0.877588 0.355874 0.011324
0.884809 0.358226 0.011324
0.891914 0.361807 0.011324
0.898747 0.366155 0.011324
0.917046 0.373843 0.011324
0.924360 0.376313 0.011324
0.932535 0.380727 0.011324
0.938336 0.382977 0.011324
0.944893 0.387400 0.011324
0.952239 0.390897 0.011324
0.959088 0.395186 0.011324
0.965915 0.398130 0.011324
0.972682 0.403468 0.011324
0.979612 0.407165 0.011324
0.526294 0.040169 0.011324
0.533305 0.043939 0.011324
0.540387 0.048927 0.011324
0.545661 0.051734 0.011324
0.559002 0.061915 0.011324
0.565778 0.068044 0.011324
0.571824 0.072158 0.011324
0.586050 0.085583 0.011324
0.591887 0.091918 0.011324
0.597570 0.098660 0.011324
0.603264 0.103793 0.011324
0.608715 0.110899 0.011324
0.613785 0.117121 0.011324
0.626824 0.133180 0.011324
0.632210 0.140420 0.011324
0.637620 0.146909 0.011324
0.642649 0.155063 0.011324
0.647203 0.163347 0.011324
0.652550 0.169708 0.011324
0.657567 0.175596 0.011324
0.670472 0.195195 0.011324
0.674143 0.202135 0.011324
0.680100 0.209559 0.011324
0.684484 0.215823 0.011324
0.689456 0.224548 0.011324
0.694556 0.230653 0.011324
0.707868 0.248415 0.011324
0.712996 0.255711 0.011324
0.718675 0.261875 0.011324
0.723361 0.267225 0.011324
0.729829 0.274079 0.011324
0.734991 0.281165 0.011324
0.741602 0.285084 0.011324
0.745586 0.292606 0.011324
0.752818 0.296669 0.011324
0.767608 0.311527 0.011324
0.774617 0.315953 0.011324
0.780629 0.321285 0.011324
0.788143 0.325456 0.011324
0.793365 0.329210 0.011324
0.800201 0.333178 0.011324
0.805889 0.336901 0.011324
0.814059 0.341563 0.011324
0.821514 0.345934 0.011324
0.837846 0.355532 0.011324
0.845182 0.357975 0.011324
0.852835 0.361943 0.011324
0.860443 0.363348 0.011324
0.867860 0.366747 0.011324
0.874897 0.371221 0.011324
0.882236 0.373820 0.011324
0.888041 0.377036 0.011324
0.906155 0.386575 0.011324
0.924438 0.394095 0.011324
0.931427 0.397014 0.011324
0.938088 0.401485 0.011324
0.945859 0.405212 0.011324
0.952838 0.408786 0.011324
0.517231 0.052765 0.011324
0.525098 0.055127 0.011324
0.531547 0.060386 0.011324
0.537713 0.064985 0.011324
0.553982 0.076659 0.011324
0.559479 0.081475 0.011324
0.565998 0.086974 0.011324
0.572202 0.092781 0.011324
0.577995 0.098879 0.011324
0.583530 0.103619 0.011324
0.588531 0.109749 0.011324
0.595385 0.115271 0.011324
0.600368 0.122154 0.011324
0.606721 0.129149 0.011324
0.610196 0.135747 0.011324
0.616921 0.142889 0.011324
0.628790 0.160582 0.011324
0.634980 0.167874 0.011324
0.638596 0.175164 0.011324
0.643354 0.181417 0.011324
0.648742 0.188554 0.011324
0.654240 0.195784 0.011324
0.665836 0.214509 0.011324
0.670771 0.223395 0.011324
0.676329 0.228802 0.011324
0.681313 0.237026 0.011324
0.686349 0.243037 0.011324
0.691938 0.250324 0.011324
0.696533 0.257207 0.011324
0.709563 0.273438 0.011324
0.715210 0.279690 0.011324
0.720798 0.286237 0.011324
0.726811 0.293587 0.011324
0.741979 0.307546 0.011324
0.747114 0.312831 0.011324
0.753098 0.317984 0.011324
0.759064 0.323563 0.011324
0.766106 0.328497 0.011324
0.778984 0.337279 0.011324
0.784792 0.343011 0.011324
0.792323 0.345048 0.011324
0.797854 0.350466 0.011324
0.815953 0.360295 0.011324
0.823284 0.363718 0.011324
0.830306 0.366794 0.011324
0.847463 0.374997 0.011324
0.855418 0.378874 0.011324
0.861499 0.381133 0.011324
0.870312 0.385003 0.011324
0.887088 0.393111 0.011324
0.894218 0.396345 0.011324
0.902171 0.399473 0.011324
0.919939 0.408164 0.011324
0.927113 0.411374 0.011324
0.934149 0.415295 0.011324
0.940580 0.418726 0.011324
0.948871 0.422730 0.011324
0.954944 0.426514 0.011324
