0.926321 0.663925 0.012274
0.926370 0.650943 0.012139
0.925338 0.637755 0.012413
0.925737 0.626911 0.012200
0.923824 0.613452 0.012322
0.927945 0.601018 0.012247
0.927599 0.588359 0.012452
0.926447 0.575207 0.012432
0.927021 0.565856 0.012423
0.926066 0.551877 0.012430
0.928499 0.537470 0.012465
0.927924 0.526641 0.012386
0.928553 0.512539 0.012434
0.931383 0.498868 0.012204
0.931681 0.486287 0.012314
0.935960 0.474563 0.012390
0.931357 0.462171 0.012318
0.937618 0.448765 0.012581
0.936057 0.437108 0.012307
0.933828 0.422480 0.012328
0.936701 0.411698 0.012231
0.938723 0.397893 0.012569
0.937646 0.385879 0.012329
0.939263 0.373238 0.012329
0.939235 0.361510 0.012472
0.938647 0.346550 0.012348
0.938741 0.335559 0.012182
0.939124 0.321596 0.012434
0.936778 0.310724 0.012505
0.939569 0.298874 0.012512
0.940184 0.286987 0.012277
0.938648 0.274280 0.012266
0.935339 0.260033 0.012212
0.931775 0.248308 0.012446
0.931251 0.239143 0.012209
0.930190 0.224611 0.012261
0.928209 0.212251 0.012335
0.927180 0.200027 0.012200
0.927142 0.186022 0.012336
0.921945 0.172933 0.012445
0.919488 0.162429 0.012360
0.918230 0.148705 0.012444
0.911303 0.125789 0.012496
0.895990 0.665187 0.012331
0.896308 0.654412 0.012263
0.898283 0.641316 0.012175
0.896514 0.625507 0.012431
0.897170 0.613410 0.012312
0.898657 0.603924 0.012710
0.898358 0.591422 0.012408
0.897694 0.578087 0.012384
0.897460 0.565879 0.012083
0.901390 0.553359 0.012516
0.899642 0.539528 0.012455
0.901448 0.527198 0.012360
0.900287 0.515220 0.012235
0.903818 0.501663 0.012106
0.902791 0.490400 0.012246
0.905839 0.476882 0.012186
0.904740 0.464482 0.012326
0.906205 0.449951 0.012398
0.908617 0.439316 0.012383
0.908923 0.424158 0.012402
0.909026 0.412129 0.012502
0.908571 0.403077 0.012310
0.907747 0.389648 0.012297
0.910549 0.374182 0.012183
0.909178 0.365048 0.012299
0.909505 0.351109 0.012557
0.911042 0.339525 0.012542
0.909989 0.323919 0.012346
0.909294 0.313276 0.012205
0.911376 0.299874 0.012386
0.908229 0.287994 0.012218
0.908836 0.273791 0.012294
0.905864 0.261439 0.012502
0.905510 0.249719 0.012167
0.902017 0.238208 0.012218
0.901844 0.226161 0.012104
0.902060 0.212150 0.012495
0.898763 0.200155 0.012390
0.894913 0.187783 0.012420
0.891479 0.179055 0.012313
0.870090 0.665408 0.012531
0.866835 0.654530 0.012337
0.867898 0.641190 0.012264
0.869621 0.629481 0.012219
0.868368 0.618927 0.012326
0.868103 0.604070 0.012644
0.867404 0.591787 0.012354
0.870222 0.580209 0.012290
0.870173 0.565139 0.012459
0.869160 0.553734 0.012240
0.871045 0.541679 0.012376
0.873579 0.516650 0.012468
0.874635 0.505290 0.012493
0.875287 0.492010 0.012396
0.876107 0.479177 0.012466
0.877785 0.464913 0.012418
0.877434 0.453438 0.012226
0.878670 0.440123 0.012331
0.880159 0.429382 0.012173
0.880506 0.412754 0.012369
0.881142 0.402433 0.012439
0.881797 0.389244 0.012236
0.880265 0.379130 0.012396
0.882933 0.362985 0.012205
0.882950 0.351360 0.012206
0.882604 0.337060 0.012427
0.883735 0.326471 0.012439
0.881175 0.311995 0.012117
0.882289 0.301496 0.012349
0.879700 0.289091 0.012168
0.878899 0.276588 0.012433
0.878439 0.263537 0.012534
0.875657 0.250890 0.012266
0.874946 0.238660 0.012294
0.874873 0.228188 0.012248
0.870951 0.215326 0.012140
0.867853 0.202764 0.012172
0.865442 0.189308 0.012364
0.863005 0.176658 0.012234
0.841928 0.666706 0.012220
0.841662 0.654042 0.012520
0.842508 0.643901 0.012442
0.840139 0.630962 0.012213
0.839602 0.619441 0.012412
0.841338 0.603776 0.012573
0.840676 0.590630 0.012075
0.842936 0.579522 0.012237
0.842112 0.564677 0.012108
0.843088 0.555140 0.012384
0.844538 0.542972 0.012543
0.845871 0.530338 0.012563
0.844140 0.517660 0.012416
0.847575 0.501555 0.012455
0.847677 0.489570 0.012473
0.846144 0.480187 0.012328
0.848717 0.465284 0.012212
0.850798 0.452238 0.012408
0.850976 0.440846 0.012213
0.850899 0.429691 0.012147
0.853283 0.414239 0.012328
0.855186 0.402624 0.012628
0.854834 0.377355 0.012193
0.852630 0.366103 0.012417
0.854028 0.353578 0.012393
0.854305 0.340560 0.012431
0.852841 0.328850 0.012126
0.853055 0.317034 0.012347
0.852804 0.303179 0.012370
0.850902 0.286492 0.012511
0.847903 0.275223 0.012535
0.849735 0.264283 0.012283
0.848652 0.252250 0.012266
0.844466 0.239149 0.012200
0.846230 0.225917 0.012089
0.839583 0.214683 0.012277
0.839708 0.204256 0.012403
0.837690 0.191074 0.012177
0.834257 0.180360 0.012472
0.832120 0.167680 0.012230
0.829662 0.154807 0.012263
0.823766 0.141060 0.012384
0.822443 0.129285 0.012194
0.820105 0.117626 0.012393
0.817238 0.104552 0.012426
0.811346 0.091103 0.012284
0.811114 0.081742 0.012382
0.805387 0.069053 0.012340
0.811671 0.668926 0.012383
0.810776 0.656025 0.012037
0.812324 0.641733 0.012451
0.810947 0.630195 0.012564
0.809255 0.620222 0.012315
0.812818 0.604613 0.012293
0.811231 0.592835 0.012592
0.812358 0.581133 0.012141
0.814633 0.567679 0.012448
0.815626 0.556058 0.012243
0.815284 0.543989 0.012440
0.817297 0.531463 0.012146
0.816200 0.516695 0.012252
0.819076 0.502457 0.012396
0.819379 0.491405 0.012268
0.819909 0.477914 0.012277
0.821530 0.465721 0.012379
0.822150 0.453151 0.012569
0.821004 0.441099 0.012309
0.824196 0.428217 0.012445
0.822839 0.413067 0.012424
0.822915 0.404568 0.012345
0.824554 0.391266 0.012257
0.824194 0.378604 0.012189
0.827315 0.365346 0.012282
0.824316 0.352767 0.012278
0.825401 0.339827 0.012231
0.824117 0.327079 0.012193
0.824519 0.314878 0.012424
0.824534 0.306356 0.012046
0.821595 0.290433 0.012071
0.821563 0.278603 0.012425
0.822955 0.266301 0.012432
0.819902 0.253647 0.012260
0.814433 0.240266 0.012228
0.814191 0.225688 0.012349
0.811292 0.214776 0.012341
0.811466 0.202810 0.012328
0.807774 0.189073 0.012585
0.804897 0.177250 0.012265
0.802815 0.167486 0.012427
0.802042 0.154054 0.012422
0.795369 0.137960 0.012468
0.796338 0.130532 0.012491
0.792028 0.119027 0.012490
0.788522 0.105707 0.012263
0.783420 0.092593 0.012406
0.783213 0.668727 0.012267
0.783253 0.656104 0.012157
0.783070 0.644669 0.012655
0.782915 0.629788 0.012281
0.784662 0.619046 0.012377
0.782961 0.606128 0.012702
0.783555 0.592230 0.012262
0.785233 0.579661 0.012406
0.784809 0.566883 0.012501
0.785603 0.555716 0.012304
0.786113 0.542817 0.012644
0.785972 0.529989 0.012218
0.789505 0.514381 0.012285
0.790351 0.503489 0.012353
0.788547 0.491205 0.012311
0.792083 0.479611 0.012339
0.792317 0.467524 0.012455
0.794889 0.453066 0.012480
0.794501 0.438866 0.012300
0.793418 0.427719 0.012495
0.795083 0.414832 0.012247
0.795103 0.402191 0.012534
0.797361 0.388958 0.012367
0.794311 0.377793 0.012075
0.796553 0.366291 0.012527
0.797410 0.351596 0.012110
0.793792 0.338919 0.012288
0.795014 0.329082 0.012552
0.794166 0.315609 0.012178
0.795678 0.301290 0.012283
0.795113 0.290420 0.012074
0.791790 0.277933 0.012271
0.791033 0.266565 0.012623
0.790165 0.254266 0.012394
0.788442 0.239931 0.012482
0.783296 0.215581 0.012417
0.780840 0.202149 0.012594
0.779180 0.190789 0.012393
0.776508 0.177368 0.012163
0.771446 0.165695 0.012399
0.769760 0.151434 0.012285
0.767688 0.142446 0.012340
0.753997 0.669795 0.012349
0.753716 0.655816 0.012398
0.752742 0.641298 0.012406
0.753157 0.627587 0.012628
0.751839 0.616241 0.012326
0.756474 0.604312 0.012301
0.754232 0.592054 0.012434
0.754563 0.577556 0.012331
0.756499 0.567157 0.012426
0.758126 0.553637 0.012281
0.773357 0.533941 0.012298
0.760126 0.527799 0.012495
0.762475 0.515776 0.012512
0.762865 0.502447 0.012084
0.762191 0.490832 0.012321
0.761731 0.478726 0.012489
0.764938 0.465389 0.012465
0.765279 0.438746 0.012528
0.765808 0.427042 0.012407
0.766501 0.413316 0.012357
0.768289 0.401546 0.012510
0.768630 0.390642 0.012468
0.768781 0.375624 0.012274
0.768076 0.364729 0.012238
0.769053 0.353314 0.012494
0.766955 0.338259 0.012387
0.765476 0.328588 0.012440
0.766402 0.314890 0.012284
0.764329 0.301647 0.012178
0.766013 0.289042 0.012433
0.762629 0.276570 0.012240
0.759746 0.265451 0.012469
0.759664 0.251735 0.012463
0.758900 0.238197 0.012252
0.752724 0.226425 0.012488
0.756425 0.216774 0.012265
0.750424 0.203686 0.012378
0.749144 0.189450 0.012059
0.746986 0.178271 0.012697
0.743807 0.165483 0.012349
0.741541 0.152946 0.012342
0.737925 0.139305 0.012330
0.735409 0.130810 0.012569
0.729194 0.118593 0.012264
0.726582 0.103906 0.012326
0.724740 0.091137 0.012428
0.722069 0.078794 0.012425
0.719991 0.069765 0.012378
0.714831 0.056183 0.012505
0.722875 0.665893 0.012467
0.720494 0.652131 0.012099
0.724880 0.641865 0.012390
0.723386 0.628475 0.012468
0.725480 0.615943 0.012389
0.727110 0.604523 0.012428
0.726179 0.590615 0.012386
0.728234 0.579802 0.012250
0.725574 0.565919 0.012543
0.726228 0.551965 0.012413
0.728403 0.540357 0.012551
0.729121 0.527860 0.012592
0.730212 0.516137 0.012505
0.732456 0.502652 0.012284
0.733701 0.489234 0.012440
0.733736 0.476513 0.012489
0.734039 0.463189 0.012340
0.734879 0.449553 0.012352
0.735188 0.438552 0.012367
0.738504 0.424810 0.012322
0.742116 0.412109 0.012157
0.739797 0.401181 0.012393
0.737282 0.388479 0.012381
0.736784 0.376774 0.012459
0.738530 0.362670 0.012370
0.737895 0.352280 0.012541
0.737420 0.338873 0.012278
0.737680 0.325847 0.012200
0.737683 0.312825 0.012355
0.737406 0.299756 0.012555
0.735295 0.287382 0.012392
0.733924 0.276326 0.012497
0.730697 0.263891 0.012226
0.732869 0.251846 0.012411
0.728989 0.239446 0.012196
0.725146 0.225820 0.012365
0.726133 0.213055 0.012096
0.723037 0.200268 0.012681
0.719570 0.188275 0.012515
0.715917 0.176438 0.012483
0.714696 0.164760 0.012424
0.711032 0.156176 0.012157
0.708298 0.138953 0.012294
0.705770 0.128358 0.012258
0.702807 0.116482 0.012457
0.696689 0.665511 0.012309
0.695676 0.650659 0.012228
0.697773 0.639867 0.012211
0.695208 0.627216 0.012547
0.695645 0.614446 0.012283
0.696646 0.600118 0.012320
0.697558 0.590710 0.012385
0.696667 0.564368 0.012491
0.699738 0.552678 0.012528
0.699531 0.537735 0.012148
0.701995 0.525550 0.012661
0.702224 0.512328 0.012302
0.703190 0.501675 0.012337
0.704066 0.487741 0.012172
0.706814 0.474317 0.012449
0.707496 0.461092 0.012305
0.705611 0.451812 0.012260
0.708167 0.437261 0.012266
0.708102 0.427936 0.012356
0.708863 0.415067 0.012541
0.709073 0.399311 0.012572
0.711464 0.387567 0.012616
0.711554 0.371410 0.012480
0.707471 0.360502 0.012001
0.709066 0.347140 0.012375
0.710778 0.338019 0.012236
0.709448 0.322722 0.012411
0.707967 0.310388 0.012192
0.706137 0.289023 0.012158
0.706098 0.274429 0.012484
0.702070 0.261724 0.012314
0.700191 0.248667 0.012505
0.699009 0.237338 0.012325
0.698562 0.225025 0.012272
0.696305 0.212810 0.012370
0.691836 0.199534 0.012346
0.692093 0.189196 0.012400
0.685558 0.174104 0.012187
0.668814 0.663067 0.012333
0.666486 0.651527 0.012429
0.667324 0.635352 0.012292
0.666172 0.625215 0.012466
0.666688 0.611104 0.012451
0.667545 0.598391 0.012261
0.668273 0.585385 0.012448
0.670026 0.576141 0.012377
0.671908 0.563330 0.012350
0.672553 0.549083 0.012561
0.674115 0.534602 0.012480
0.670992 0.525209 0.012167
0.667007 0.510862 0.012284
0.672138 0.497023 0.012643
0.674890 0.487597 0.012265
0.675566 0.471232 0.012573
0.676446 0.460704 0.012360
0.680612 0.449290 0.012568
0.679710 0.432327 0.012542
0.678734 0.422132 0.012305
0.678097 0.409166 0.012285
0.680753 0.397418 0.012131
0.680993 0.384848 0.012457
0.682056 0.372358 0.012054
0.680311 0.359935 0.012060
0.681672 0.346554 0.012326
0.679465 0.333269 0.012435
0.679828 0.322750 0.012259
0.679149 0.311487 0.012652
0.678307 0.298597 0.012353
0.676442 0.282936 0.012363
0.674976 0.272014 0.012337
0.673796 0.259535 0.012260
0.674886 0.247068 0.012390
0.670194 0.236115 0.012302
0.668853 0.222696 0.012368
0.666650 0.211101 0.012247
0.663149 0.197644 0.012207
0.660929 0.187528 0.012647
0.657523 0.172046 0.012406
0.655063 0.159490 0.012341
0.649736 0.147106 0.012307
0.649159 0.137073 0.012412
0.646673 0.124998 0.012242
0.641461 0.112842 0.012251
0.637970 0.660713 0.012288
0.638020 0.647220 0.012222
0.637411 0.634557 0.012334
0.638791 0.623455 0.012403
0.637880 0.611412 0.012118
0.640536 0.597012 0.012511
0.637544 0.587105 0.012357
0.640908 0.571637 0.012314
0.641239 0.559935 0.012310
0.643847 0.545280 0.012165
0.642838 0.534479 0.012423
0.644617 0.522755 0.012126
0.644678 0.508925 0.012445
0.647413 0.497237 0.012234
0.648557 0.472281 0.012479
0.648230 0.459638 0.012159
0.650360 0.446002 0.012453
0.650530 0.434333 0.012429
0.650295 0.419159 0.012448
0.653248 0.407194 0.012297
0.649538 0.396863 0.012372
0.651485 0.384979 0.012525
0.652348 0.371165 0.012399
0.651602 0.356929 0.012318
0.650655 0.344105 0.012093
0.649914 0.332348 0.012192
0.651596 0.321792 0.012369
0.649485 0.307398 0.012332
0.650079 0.296313 0.012255
0.645774 0.282804 0.012271
0.648795 0.269151 0.012412
0.643894 0.257247 0.012245
0.643165 0.244421 0.012377
0.639029 0.222716 0.012245
0.635752 0.206108 0.012187
0.634558 0.194961 0.012303
0.629098 0.185597 0.012480
0.625861 0.172818 0.012439
0.624764 0.158948 0.012414
0.623630 0.147043 0.012225
0.619141 0.136791 0.012469
0.617537 0.122350 0.012500
0.612011 0.110233 0.012461
0.608201 0.659800 0.012321
0.609399 0.645381 0.012318
0.608053 0.634158 0.012219
0.610419 0.620117 0.012457
0.609648 0.608946 0.012377
0.611322 0.594686 0.012483
0.611453 0.585918 0.012350
0.614944 0.570541 0.012360
0.614846 0.555757 0.012533
0.612996 0.545102 0.012320
0.614034 0.532422 0.012233
0.615252 0.518959 0.012257
0.616290 0.505921 0.012407
0.617492 0.494142 0.012342
0.619315 0.480202 0.012514
0.618357 0.466839 0.012578
0.618954 0.455689 0.012278
0.620158 0.444858 0.012278
0.620607 0.432842 0.012309
0.621798 0.419017 0.012475
0.620805 0.406830 0.012524
0.624292 0.393185 0.012720
0.623969 0.380556 0.012448
0.622671 0.365714 0.012398
0.624167 0.354932 0.012511
0.624214 0.342753 0.012510
0.618562 0.334185 0.012262
0.623208 0.317760 0.012469
0.620848 0.306022 0.012424
0.621561 0.291051 0.012282
0.618066 0.282704 0.012578
0.616716 0.268051 0.012394
0.612941 0.254674 0.012129
0.613679 0.243200 0.012444
0.612507 0.230712 0.012361
0.609933 0.219968 0.012458
0.607882 0.204686 0.012636
0.605016 0.193028 0.012446
0.601577 0.181597 0.012374
0.588819 0.165827 0.012371
0.594975 0.155865 0.012506
0.594560 0.144862 0.012164
0.590083 0.131954 0.012153
0.586988 0.121480 0.012315
0.583344 0.109718 0.012255
0.578490 0.097119 0.012313
0.576208 0.083835 0.012459
0.574620 0.071541 0.012506
0.568496 0.059524 0.012162
0.581050 0.655693 0.012233
0.584273 0.646797 0.012314
0.579767 0.633391 0.012436
0.579700 0.618138 0.012479
0.581154 0.606565 0.012241
0.580585 0.593847 0.012276
0.582749 0.578421 0.012288
0.583418 0.566847 0.012328
0.583853 0.554327 0.012200
0.584933 0.543631 0.012599
0.587443 0.517054 0.012303
0.590218 0.503127 0.012284
0.589042 0.493596 0.012035
0.588527 0.480892 0.012274
0.590372 0.466213 0.012143
0.590901 0.454714 0.012580
0.593122 0.441827 0.012593
0.592226 0.427851 0.012352
0.593474 0.415411 0.012255
0.594972 0.405792 0.012301
0.593680 0.391061 0.012484
0.593534 0.377292 0.012277
0.595974 0.366939 0.012481
0.593400 0.353044 0.012518
0.592814 0.340356 0.012154
0.595166 0.328682 0.012400
0.591592 0.316211 0.012476
0.589562 0.303150 0.012457
0.589991 0.290067 0.012305
0.587835 0.280027 0.012442
0.588418 0.264292 0.012352
0.584009 0.253178 0.012393
0.581932 0.240372 0.012441
0.582363 0.228624 0.012334
0.581464 0.215368 0.012099
0.575479 0.205649 0.012316
0.574074 0.191994 0.012242
0.570576 0.181310 0.012198
0.567505 0.168008 0.012238
0.565060 0.155778 0.012445
0.564189 0.142813 0.012441
0.560164 0.130169 0.012102
0.555018 0.115581 0.012409
0.552752 0.106523 0.012198
0.549241 0.094198 0.012304
0.546867 0.080718 0.012117
0.543174 0.069658 0.012490
0.552879 0.654381 0.012411
0.548727 0.640848 0.012252
0.551180 0.630246 0.012102
0.552073 0.616658 0.012387
0.551396 0.603211 0.012302
0.551146 0.590797 0.012372
0.551827 0.577545 0.012358
0.553738 0.565523 0.012076
0.556506 0.553242 0.012213
0.554027 0.538541 0.012385
0.555220 0.526294 0.012515
0.558538 0.517016 0.012435
0.559145 0.505529 0.012436
0.559844 0.490716 0.012410
0.560769 0.476318 0.012568
0.561346 0.466167 0.012355
0.562326 0.451547 0.012408
0.562205 0.440294 0.012283
0.564059 0.426086 0.012018
0.564962 0.415597 0.012265
0.565607 0.401167 0.012465
0.563182 0.387463 0.012246
0.566889 0.376356 0.012293
0.566614 0.364105 0.012330
0.565995 0.352496 0.012087
0.565241 0.340183 0.012241
0.564010 0.325598 0.012489
0.563249 0.315141 0.012260
0.563502 0.301673 0.012380
0.562344 0.289175 0.012072
0.560776 0.279319 0.012357
0.559140 0.263796 0.012395
0.556997 0.252490 0.012010
0.553532 0.239338 0.012276
0.551767 0.229184 0.012076
0.550763 0.216410 0.012270
0.545791 0.201747 0.012284
0.545294 0.191742 0.012201
0.544200 0.181555 0.012345
0.540631 0.168341 0.012373
0.535694 0.153086 0.012392
0.534507 0.142397 0.012338
0.531907 0.127650 0.012237
0.527714 0.117605 0.012312
0.523762 0.104262 0.012517
0.524315 0.650991 0.012392
0.524589 0.639596 0.012249
0.522701 0.625272 0.012011
0.523992 0.613795 0.012252
0.520815 0.600407 0.012318
0.522178 0.590895 0.012080
0.526418 0.577176 0.012229
0.526642 0.563038 0.012343
0.527206 0.550490 0.012514
0.527962 0.541196 0.012505
0.528199 0.525269 0.012470
0.529330 0.513898 0.012416
0.529669 0.501581 0.012327
0.531257 0.488458 0.012219
0.531754 0.477456 0.012427
0.533852 0.463319 0.012668
0.533137 0.450851 0.012399
0.535640 0.438856 0.012127
0.534476 0.425213 0.012413
0.538411 0.409794 0.012247
0.535455 0.399357 0.012386
0.537498 0.386643 0.012112
0.535996 0.375020 0.012436
0.535858 0.363345 0.012303
0.534505 0.349875 0.012340
0.535794 0.336399 0.012535
0.534401 0.325401 0.012372
0.535252 0.311882 0.012498
0.532053 0.300919 0.012388
0.532531 0.287492 0.012269
0.529320 0.274735 0.012329
0.528655 0.261157 0.012379
0.525328 0.250215 0.012329
0.525114 0.234797 0.012594
0.523119 0.225862 0.012215
0.520076 0.212372 0.012529
0.517800 0.202244 0.012383
0.514926 0.188475 0.012400
0.510744 0.177725 0.012289
0.509397 0.164558 0.012333
0.493134 0.652682 0.012194
0.494003 0.641834 0.012386
0.495082 0.625393 0.012382
0.496051 0.611887 0.012182
0.494938 0.602346 0.012239
0.495419 0.589337 0.012341
0.496758 0.576919 0.012270
0.499099 0.563852 0.012458
0.499945 0.550727 0.012334
0.501383 0.537222 0.012464
0.499625 0.523302 0.012282
0.500275 0.511016 0.012294
0.504281 0.500247 0.012432
0.501472 0.488152 0.012203
0.503427 0.474955 0.012376
0.504438 0.461486 0.012308
0.504807 0.450060 0.012322
0.505136 0.436677 0.012506
0.508308 0.425810 0.012218
0.506290 0.412518 0.012491
0.506784 0.399557 0.012511
0.507171 0.384883 0.012517
0.508321 0.374524 0.012495
0.505806 0.361173 0.012188
0.505491 0.349004 0.012229
0.505041 0.337488 0.012388
0.507076 0.325405 0.012406
0.505068 0.312468 0.012182
0.501999 0.300081 0.012313
0.502776 0.288310 0.012356
0.501023 0.274990 0.012182
0.501415 0.261257 0.012268
0.496051 0.248109 0.012436
0.495945 0.238819 0.012124
0.494138 0.226220 0.012416
0.491182 0.213927 0.012214
0.487362 0.198452 0.012280
0.485137 0.188633 0.012279
0.482147 0.176236 0.012191
0.480215 0.164182 0.012438
0.471459 0.152294 0.012353
0.475405 0.139637 0.012262
0.467191 0.114263 0.012537
0.463142 0.101692 0.012476
0.461172 0.089336 0.012488
0.455676 0.078427 0.012318
0.453107 0.064753 0.012372
0.451820 0.054186 0.012366
0.446195 0.039330 0.012386
0.465126 0.652707 0.012307
0.464863 0.638319 0.012403
0.465875 0.628682 0.012314
0.466066 0.613062 0.012322
0.469056 0.602512 0.012324
0.467108 0.575656 0.012225
0.469044 0.564190 0.012430
0.471148 0.550345 0.012377
0.468984 0.536823 0.012479
0.472940 0.524649 0.012404
0.472757 0.513889 0.012416
0.473666 0.502444 0.012228
0.475518 0.485304 0.012408
0.475369 0.476043 0.012731
0.475968 0.460774 0.012380
0.478255 0.448897 0.012218
0.479775 0.432757 0.012367
0.477373 0.423219 0.012229
0.478577 0.411473 0.012313
0.476990 0.398744 0.012480
0.478645 0.386090 0.012453
0.480683 0.371949 0.012392
0.479394 0.361335 0.012388
0.477598 0.348271 0.012402
0.478336 0.335912 0.012313
0.474989 0.322420 0.012362
0.475400 0.313402 0.012548
0.474636 0.299796 0.012387
0.473780 0.286045 0.012250
0.470717 0.274741 0.012318
0.468971 0.259810 0.012402
0.458874 0.251024 0.012235
0.464320 0.223435 0.012330
0.461584 0.213992 0.012525
0.457149 0.199753 0.012419
0.457684 0.186934 0.012217
0.453736 0.176759 0.012078
0.452067 0.164475 0.012041
0.446429 0.149366 0.012326
0.443159 0.138606 0.012115
0.441179 0.125353 0.012233
0.438377 0.116064 0.012147
0.435173 0.100939 0.012299
0.431568 0.088932 0.012219
0.428594 0.078992 0.012236
0.424038 0.063372 0.012350
0.418669 0.051932 0.012336
0.435800 0.650526 0.012265
0.437358 0.642638 0.012312
0.438255 0.625189 0.012522
0.438631 0.613400 0.012623
0.435963 0.602041 0.012338
0.438178 0.591363 0.012352
0.438835 0.574745 0.012063
0.439262 0.562524 0.012539
0.442417 0.549384 0.012459
0.441572 0.537539 0.012274
0.443273 0.526330 0.012568
0.444278 0.510750 0.012204
0.445420 0.501814 0.012587
0.445732 0.486520 0.012161
0.446351 0.474355 0.012213
0.446209 0.461853 0.012310
0.451170 0.450381 0.012468
0.448603 0.435999 0.012329
0.448253 0.424233 0.012336
0.449644 0.410592 0.012114
0.451746 0.399860 0.012245
0.452020 0.387948 0.012164
0.448579 0.374635 0.012311
0.449993 0.360560 0.012440
0.449854 0.348037 0.012347
0.449497 0.334705 0.012407
0.448490 0.322583 0.012492
0.448235 0.312707 0.012166
0.446109 0.298146 0.012421
0.443867 0.285180 0.012212
0.442978 0.274452 0.012404
0.440320 0.260079 0.012400
0.440159 0.247781 0.012162
0.433174 0.238103 0.012685
0.436154 0.223617 0.012002
0.429178 0.213595 0.012387
0.428165 0.200497 0.012263
0.426705 0.188775 0.012471
0.423776 0.173364 0.012511
0.417433 0.151168 0.012454
0.411948 0.137062 0.012113
0.413119 0.126340 0.012281
0.407065 0.112646 0.012092
0.405153 0.102676 0.012600
0.402020 0.090723 0.012372
0.409099 0.651851 0.012153
0.407693 0.639440 0.012405
0.408427 0.628031 0.012284
0.405574 0.614305 0.012233
0.410345 0.601914 0.012008
0.409148 0.588829 0.012380
0.426813 0.576727 0.012355
0.412556 0.564497 0.012304
0.412745 0.550843 0.012363
0.412601 0.538849 0.012435
0.415058 0.526854 0.012396
0.416300 0.513224 0.012319
0.415778 0.497866 0.012439
0.417698 0.488205 0.012623
0.417992 0.475073 0.012238
0.418590 0.462164 0.012362
0.419443 0.450516 0.012338
0.420317 0.437544 0.012418
0.422774 0.425554 0.012410
0.420712 0.410400 0.012380
0.423171 0.398288 0.012143
0.420900 0.388863 0.012340
0.421570 0.372233 0.012118
0.420729 0.363843 0.012524
0.422538 0.349748 0.012636
0.419536 0.336320 0.012461
0.419316 0.324288 0.012509
0.418631 0.312177 0.012464
0.418889 0.302015 0.012433
0.414265 0.286070 0.012607
0.414614 0.275496 0.012303
0.412604 0.261414 0.012081
0.408133 0.249367 0.012398
0.408388 0.236636 0.012155
0.402907 0.225449 0.012199
0.400706 0.210877 0.012089
0.403346 0.198346 0.012319
0.397515 0.187353 0.012407
0.395335 0.175495 0.012270
0.391243 0.162841 0.012267
0.388107 0.152263 0.012398
0.386243 0.137673 0.012321
0.376829 0.654301 0.012430
0.379934 0.640694 0.012443
0.378576 0.627735 0.012039
0.382209 0.617423 0.012484
0.382760 0.603105 0.012216
0.381866 0.589300 0.012407
0.381733 0.577742 0.012373
0.384095 0.565494 0.012351
0.386293 0.550167 0.012194
0.383877 0.538608 0.012228
0.386201 0.527091 0.012313
0.388216 0.515680 0.012163
0.388833 0.501507 0.012506
0.388112 0.489059 0.012402
0.389444 0.478709 0.012505
0.390770 0.464826 0.012250
0.392623 0.450395 0.012088
0.390712 0.439644 0.012458
0.390035 0.425780 0.012525
0.394283 0.414258 0.012197
0.390666 0.406809 0.012457
0.394383 0.389193 0.012317
0.391930 0.376073 0.012532
0.393197 0.364020 0.012227
0.392079 0.348432 0.012165
0.390537 0.336914 0.012287
0.388860 0.325460 0.012348
0.388311 0.313773 0.012279
0.388438 0.301158 0.012281
0.386916 0.287787 0.012185
0.385319 0.277167 0.012286
0.381425 0.263073 0.012408
0.381466 0.250145 0.012424
0.376228 0.238615 0.012144
0.376296 0.226298 0.012161
0.372243 0.215137 0.012241
0.370684 0.201947 0.012440
0.365733 0.186896 0.012349
0.365307 0.176547 0.012379
0.361121 0.164909 0.012567
0.360134 0.151374 0.012193
0.351545 0.656170 0.012166
0.350995 0.642396 0.012157
0.351450 0.630905 0.012214
0.350712 0.619423 0.012452
0.352138 0.605190 0.012155
0.354795 0.592279 0.012309
0.354169 0.578981 0.012269
0.355824 0.568488 0.012478
0.356292 0.553367 0.012355
0.357105 0.540799 0.012284
0.358032 0.529267 0.012204
0.358938 0.515455 0.012061
0.360104 0.504568 0.012484
0.359243 0.490251 0.012373
0.362325 0.479678 0.012399
0.363272 0.464022 0.012435
0.362671 0.451780 0.012339
0.363406 0.440160 0.012318
0.364217 0.427656 0.012378
0.362605 0.415080 0.012360
0.363891 0.400486 0.012567
0.365461 0.388219 0.012190
0.364883 0.378686 0.012403
0.363501 0.364822 0.012279
0.361354 0.351574 0.012251
0.361869 0.338269 0.012401
0.360523 0.316188 0.012362
0.358563 0.302253 0.012283
0.358149 0.287547 0.012308
0.357133 0.276609 0.012614
0.355322 0.267171 0.012332
0.352075 0.251925 0.012227
0.351413 0.240931 0.012224
0.347570 0.229366 0.012318
0.345707 0.216639 0.012228
0.340950 0.203474 0.012514
0.338275 0.189174 0.012385
0.337962 0.177653 0.012365
0.333248 0.166629 0.012191
0.322804 0.148728 0.012251
0.329261 0.143100 0.012546
0.324829 0.128627 0.012157
0.323433 0.658365 0.012661
0.324739 0.643142 0.012458
0.322978 0.631011 0.012453
0.323341 0.619977 0.012445
0.325422 0.606498 0.012071
0.325198 0.592838 0.012315
0.325951 0.581521 0.012413
0.327663 0.569286 0.012285
0.326319 0.556622 0.012356
0.328386 0.542659 0.012460
0.329036 0.529797 0.012369
0.329704 0.518720 0.012461
0.332850 0.506539 0.012543
0.330721 0.490729 0.012334
0.333634 0.479290 0.012252
0.332483 0.465194 0.012281
0.334849 0.455809 0.012419
0.336211 0.442079 0.012474
0.335578 0.429537 0.012375
0.334049 0.416970 0.012026
0.336879 0.402447 0.012398
0.334410 0.392448 0.012132
0.338115 0.379789 0.012391
0.335433 0.368134 0.012224
0.334933 0.353781 0.012340
0.333460 0.339890 0.012425
0.334133 0.328809 0.012276
0.330798 0.316880 0.012430
0.330381 0.303940 0.012492
0.329394 0.291113 0.012236
0.326825 0.278109 0.012457
0.324981 0.266843 0.012382
0.323809 0.253543 0.012242
0.320147 0.242356 0.012305
0.317707 0.232268 0.012381
0.316019 0.216869 0.012099
0.313851 0.206776 0.012136
0.310381 0.193239 0.012497
0.306184 0.180704 0.012417
0.296464 0.180022 0.012373
0.300642 0.156373 0.012295
0.296946 0.143322 0.012439
0.293786 0.129875 0.012159
0.288437 0.120280 0.012350
0.286724 0.107576 0.012317
