2504.77 1795.25 26
2504.90 1760.15 26
2502.11 1724.49 27
2503.19 1695.17 26
2498.02 1658.77 26
2509.16 1625.15 26
2508.23 1590.92 27
2505.11 1555.36 27
2506.66 1530.07 27
2504.08 1492.28 27
2510.66 1453.32 27
2509.11 1424.04 27
2510.81 1385.91 27
2518.46 1348.94 26
2519.26 1314.92 26
2530.84 1283.22 27
2518.39 1249.71 26
2535.32 1213.46 27
2531.10 1181.94 26
2525.07 1142.38 26
2532.84 1113.23 26
2538.31 1075.90 27
2535.39 1043.42 26
2539.77 1009.23 26
2539.69 977.52 27
2538.10 937.07 27
2538.36 907.35 26
2539.39 869.60 27
2533.05 840.20 27
2540.60 808.16 27
2542.26 776.01 26
2538.11 741.65 26
2529.16 703.13 26
2519.52 671.42 27
2518.10 646.64 26
2515.23 607.35 26
2509.88 573.93 26
2507.09 540.87 26
2506.99 503.00 26
2492.94 467.61 27
2486.30 439.21 27
2482.89 402.10 27
2464.16 340.13 27
2422.76 1798.67 26
2423.62 1769.53 26
2428.96 1734.12 26
2424.17 1691.37 27
2425.95 1658.66 26
2429.97 1633.01 27
2429.16 1599.20 27
2427.36 1563.15 27
2426.73 1530.14 26
2437.36 1496.28 27
2432.63 1458.88 27
2437.51 1425.54 27
2434.38 1393.15 26
2443.92 1356.50 26
2441.15 1326.04 26
2449.39 1289.49 26
2446.42 1255.96 26
2450.38 1216.67 27
2456.90 1187.91 27
2457.73 1146.92 27
2458.01 1114.40 27
2456.78 1089.92 26
2454.55 1053.61 26
2462.12 1011.79 26
2458.42 987.09 26
2459.30 949.40 27
2463.46 918.07 27
2460.61 875.88 26
2458.73 847.10 26
2464.36 810.86 27
2455.85 778.73 26
2457.49 740.33 26
2449.46 706.93 27
2448.50 675.24 26
2439.05 644.11 26
2438.58 611.54 26
2439.17 573.65 27
2430.26 541.22 27
2419.85 507.76 27
2410.56 484.16 26
2352.72 1799.26 27
2343.92 1769.85 26
2346.80 1733.78 26
2351.45 1702.12 26
2348.07 1673.58 26
2347.35 1633.41 27
2345.46 1600.19 27
2353.08 1568.88 26
2352.95 1528.13 27
2350.21 1497.30 26
2355.31 1464.70 27
2362.16 1397.02 27
2365.01 1366.30 27
2366.78 1330.40 27
2368.99 1295.69 27
2373.53 1257.12 27
2372.58 1226.10 26
2375.92 1190.09 26
2379.95 1161.05 26
2380.89 1116.09 27
2382.61 1088.18 27
2384.38 1052.52 26
2380.24 1025.17 27
2387.45 981.51 26
2387.50 950.08 26
2386.56 911.41 27
2389.62 882.78 27
2382.70 843.63 26
2385.71 815.24 27
2378.71 781.70 26
2376.54 747.89 27
2375.30 712.60 27
2367.78 678.41 26
2365.85 645.34 26
2365.66 617.02 26
2355.05 582.24 26
2346.67 548.27 26
2340.15 511.89 27
2333.57 477.68 26
2276.57 1802.77 26
2275.85 1768.53 27
2278.14 1741.11 27
2271.73 1706.12 26
2270.28 1674.97 27
2274.98 1632.61 27
2273.19 1597.06 26
2279.30 1567.03 26
2277.07 1526.89 26
2279.71 1501.10 27
2283.63 1468.20 27
2287.24 1434.04 27
2282.55 1399.75 27
2291.84 1356.21 27
2292.12 1323.80 27
2287.97 1298.43 26
2294.93 1258.13 26
2300.56 1222.85 27
2301.04 1192.05 26
2300.83 1161.88 26
2307.28 1120.10 26
2312.42 1088.69 27
2311.47 1020.37 26
2305.51 989.94 27
2309.29 956.07 27
2310.04 920.87 27
2306.08 889.21 26
2306.66 857.26 27
2305.98 819.80 27
2300.84 774.67 27
2292.73 744.20 27
2297.68 714.62 26
2294.76 682.08 26
2283.44 646.66 26
2288.21 610.88 26
2270.23 580.50 26
2270.57 552.31 27
2265.11 516.67 26
2255.83 487.69 27
2250.05 453.41 26
2243.41 418.60 26
2227.46 381.43 27
2223.89 349.59 26
2217.56 318.06 27
2209.81 282.71 27
2193.88 246.34 26
2193.25 221.03 27
2177.77 186.72 26
2194.76 1808.78 27
2192.34 1773.89 26
2196.52 1735.25 27
2192.80 1704.05 27
2188.23 1677.08 26
2197.86 1634.87 26
2193.57 1603.03 27
2196.61 1571.38 26
2202.77 1535.00 27
2205.45 1503.58 26
2204.53 1470.95 27
2209.97 1437.08 26
2207.00 1397.14 26
2214.78 1358.64 27
2215.60 1328.76 26
2217.03 1292.28 26
2221.42 1259.31 27
2223.09 1225.32 27
2219.99 1192.73 26
2228.63 1157.90 27
2224.96 1116.93 27
2225.16 1093.95 26
2229.59 1057.98 26
2228.62 1023.74 26
2237.06 987.90 26
2228.95 953.88 26
2231.88 918.89 26
2228.41 884.42 26
2229.50 851.43 27
2229.54 828.39 26
2221.59 785.33 26
2221.51 753.34 27
2225.27 720.08 27
2217.01 685.86 26
2202.23 649.68 26
2201.57 610.26 27
2193.73 580.75 26
2194.20 548.40 26
2184.22 511.25 27
2176.44 479.28 26
2170.81 452.88 27
2168.72 416.56 27
2150.68 373.04 27
2153.30 352.96 27
2141.64 321.85 27
2132.16 285.83 26
2118.37 250.37 27
2117.81 1808.24 26
2117.92 1774.10 26
2117.42 1743.19 27
2117.00 1702.95 26
2121.73 1673.90 27
2117.13 1638.97 27
2118.73 1601.39 26
2123.27 1567.40 27
2122.12 1532.85 27
2124.27 1502.66 26
2125.65 1467.78 27
2125.27 1433.09 26
2134.82 1390.89 26
2137.11 1361.43 27
2132.23 1328.22 26
2141.79 1296.87 26
2142.43 1264.18 27
2149.38 1225.09 27
2148.33 1186.69 26
2145.40 1156.55 27
2149.91 1121.71 26
2149.96 1087.52 27
2156.06 1051.74 27
2147.82 1021.55 26
2153.88 990.45 27
2156.20 950.72 26
2146.41 916.44 26
2149.72 889.84 27
2147.42 853.41 26
2151.51 814.69 26
2149.99 785.29 26
2141.00 751.53 26
2138.95 720.79 27
2136.61 687.53 27
2131.95 648.77 27
2118.03 582.93 27
2111.39 546.61 27
2106.90 515.89 27
2099.68 479.60 26
2085.99 448.04 27
2081.43 409.48 26
2075.83 385.17 26
2038.81 1811.13 27
2038.05 1773.33 27
2035.41 1734.07 27
2036.54 1696.99 27
2032.97 1666.32 26
2045.51 1634.06 26
2039.44 1600.91 27
2040.34 1561.71 26
2045.57 1533.59 27
2049.97 1497.03 26
2091.16 1443.78 26
2055.38 1427.17 27
2061.73 1394.66 27
2062.79 1358.62 26
2060.96 1327.21 26
2059.72 1294.48 27
2068.39 1258.41 27
2069.31 1186.37 27
2070.75 1154.72 27
2072.62 1117.61 27
2077.45 1085.78 27
2078.37 1056.30 27
2078.78 1015.69 26
2076.88 986.23 26
2079.52 955.36 27
2073.85 914.65 27
2069.85 888.50 27
2072.35 851.46 26
2066.75 815.65 26
2071.30 781.57 27
2062.15 747.85 26
2054.35 717.78 27
2054.13 680.69 27
2052.07 644.08 26
2035.37 612.25 27
2045.37 586.16 26
2029.15 550.77 27
2025.69 512.27 26
2019.85 482.05 27
2011.25 447.47 27
2005.13 413.57 26
1995.35 376.68 26
1988.54 353.71 27
1971.74 320.68 26
1964.68 280.96 26
1959.70 246.43 27
1952.47 213.06 27
1946.85 188.65 27
1932.90 151.92 27
1954.65 1800.57 27
1948.22 1763.36 26
1960.08 1735.60 27
1956.04 1699.40 27
1961.70 1665.51 27
1966.10 1634.63 27
1963.59 1597.02 27
1969.14 1567.79 26
1961.95 1530.24 27
1963.72 1492.51 27
1969.60 1461.12 27
1971.54 1427.33 27
1974.49 1395.63 27
1980.56 1359.17 26
1983.93 1322.89 27
1984.02 1288.49 27
1984.84 1252.46 26
1987.11 1215.59 27
1987.95 1185.84 27
1996.92 1148.69 26
2006.68 1114.34 26
2000.41 1084.79 27
1993.61 1050.45 27
1992.26 1018.80 27
1996.99 980.66 27
1995.27 952.57 27
1993.98 916.31 26
1994.69 881.09 26
1994.70 845.88 27
1993.95 810.54 27
1988.24 777.08 27
1984.53 747.18 27
1975.80 713.56 26
1981.68 680.99 27
1971.19 647.46 26
1960.79 610.62 27
1963.46 576.10 26
1955.09 541.53 27
1945.72 509.09 27
1935.84 477.09 27
1932.54 445.51 27
1922.63 422.30 26
1915.24 375.73 26
1908.40 347.08 26
1900.39 314.97 27
1883.85 1799.54 26
1881.11 1759.38 26
1886.78 1730.20 26
1879.84 1695.99 27
1881.02 1661.46 26
1883.73 1622.72 26
1886.20 1597.28 27
1883.79 1526.05 27
1892.09 1494.44 27
1891.53 1454.03 26
1898.20 1421.09 27
1898.81 1385.33 26
1901.43 1356.53 26
1903.79 1318.85 26
1911.23 1282.55 27
1913.07 1246.79 26
1907.97 1221.70 26
1914.88 1182.35 26
1914.71 1157.14 27
1916.77 1122.34 27
1917.33 1079.74 27
1923.80 1047.98 27
1924.04 1004.29 27
1913.00 974.80 26
1917.31 938.67 27
1921.94 914.00 26
1918.35 872.64 27
1914.34 839.29 26
1909.39 781.52 26
1909.29 742.06 27
1898.40 707.70 26
1893.32 672.40 27
1890.12 641.76 26
1888.91 608.47 26
1882.81 575.44 27
1870.72 539.54 27
1871.42 511.59 27
1853.75 470.78 26
1808.47 1792.93 26
1802.18 1761.73 27
1804.44 1717.99 26
1801.33 1690.58 27
1802.72 1652.42 27
1805.04 1618.05 26
1807.01 1582.88 27
1811.75 1557.89 27
1816.84 1523.24 27
1818.58 1484.72 27
1822.81 1445.56 27
1814.36 1420.16 26
1803.59 1381.37 26
1817.46 1343.95 27
1824.90 1318.46 26
1826.73 1274.21 27
1829.11 1245.74 27
1840.37 1214.88 27
1837.94 1169.01 27
1835.30 1141.44 26
1833.57 1106.38 26
1840.76 1074.62 26
1841.41 1040.63 27
1844.28 1006.86 26
1839.56 973.26 26
1843.24 937.08 26
1837.27 901.16 27
1838.26 872.71 26
1836.42 842.26 27
1834.14 807.41 27
1829.10 765.06 27
1825.13 735.53 26
1821.95 701.78 26
1824.89 668.07 27
1812.20 638.45 26
1808.58 602.17 27
1802.62 570.82 26
1793.16 534.43 26
1787.15 507.08 27
1777.94 465.21 27
1771.29 431.26 26
1756.89 397.77 26
1755.33 370.64 27
1748.61 337.99 26
1734.51 305.13 26
1725.07 1786.57 26
1725.21 1750.08 26
1723.56 1715.84 26
1727.29 1685.82 27
1724.83 1653.26 26
1732.01 1614.32 27
1723.92 1587.53 27
1733.02 1545.71 26
1733.91 1514.07 26
1740.96 1474.44 26
1738.23 1445.23 27
1743.04 1413.53 26
1743.21 1376.13 27
1750.61 1344.53 26
1753.70 1277.05 27
1752.81 1242.86 26
1758.57 1205.99 27
1759.03 1174.44 27
1758.40 1133.41 27
1766.38 1101.05 26
1756.35 1073.12 27
1761.62 1040.98 27
1763.95 1003.63 27
1761.93 965.14 26
1759.37 930.46 26
1757.37 898.67 26
1761.92 870.13 27
1756.21 831.20 26
1757.81 801.23 26
1746.17 764.70 26
1754.34 727.78 27
1741.09 695.60 26
1739.12 660.91 27
1727.93 602.22 26
1719.07 557.32 26
1715.85 527.18 26
1701.08 501.85 27
1692.33 467.30 27
1689.36 429.80 27
1686.29 397.60 26
1674.16 369.88 27
1669.82 330.83 27
1654.88 298.07 27
1644.58 1784.10 26
1647.81 1745.11 26
1644.18 1714.76 26
1650.57 1676.80 27
1648.49 1646.59 27
1653.02 1608.03 27
1653.37 1584.32 27
1662.81 1542.74 27
1662.54 1502.77 27
1657.54 1473.96 26
1660.35 1439.67 26
1663.64 1403.26 26
1666.45 1368.01 27
1669.70 1336.16 26
1674.63 1298.47 27
1672.04 1262.33 27
1673.65 1232.18 26
1676.91 1202.90 26
1678.12 1170.40 26
1681.34 1133.02 27
1678.66 1100.07 27
1688.08 1063.17 27
1687.21 1029.02 27
1683.70 988.89 27
1687.75 959.74 27
1687.87 926.80 27
1672.59 903.64 26
1685.16 859.22 27
1678.77 827.48 27
1680.70 787.00 26
1671.25 764.43 27
1667.60 724.81 27
1657.39 688.64 26
1659.39 657.61 27
1656.22 623.85 27
1649.26 594.79 27
1643.71 553.47 27
1635.96 521.95 27
1626.66 491.04 27
1592.17 448.40 27
1608.81 421.46 27
1607.69 391.71 26
1595.58 356.80 26
1587.21 328.48 26
1577.36 296.68 26
1564.24 262.61 26
1558.07 226.69 27
1553.77 193.45 27
1537.21 160.95 26
1571.16 1772.99 26
1579.88 1748.94 26
1567.69 1712.69 27
1567.51 1671.44 27
1571.44 1640.15 26
1569.90 1605.76 26
1575.75 1564.05 26
1577.56 1532.75 26
1578.74 1498.90 26
1581.66 1469.98 27
1588.45 1398.11 26
1595.95 1360.45 26
1592.77 1334.68 26
1591.38 1300.33 26
1596.37 1260.64 26
1597.80 1229.55 27
1603.80 1194.70 27
1601.38 1156.91 27
1604.75 1123.27 26
1608.80 1097.26 26
1605.31 1057.43 27
1604.92 1020.20 26
1611.51 992.20 27
1604.55 954.63 27
1602.97 920.32 26
1609.33 888.76 27
1599.67 855.04 27
1594.18 819.72 27
1595.34 784.34 26
1589.51 757.19 27
1591.08 714.65 27
1579.16 684.59 27
1573.54 649.96 27
1574.71 618.20 26
1572.28 582.35 26
1556.10 556.08 26
1552.30 519.15 26
1542.84 490.26 26
1534.53 454.29 26
1527.92 421.22 27
1525.57 386.17 27
1514.68 351.98 26
1500.77 312.53 27
1494.64 288.04 26
1485.15 254.71 26
1478.73 218.26 26
1468.74 188.35 27
1494.98 1769.45 27
1483.76 1732.85 26
1490.39 1704.18 26
1492.81 1667.44 27
1490.97 1631.08 26
1490.30 1597.51 27
1492.14 1561.68 27
1497.31 1529.17 26
1504.79 1495.97 26
1498.09 1456.21 27
1501.32 1423.10 27
1510.29 1398.01 27
1511.93 1366.95 27
1513.82 1326.89 27
1516.32 1287.96 27
1517.88 1260.51 27
1520.53 1220.98 27
1520.20 1190.55 26
1525.21 1152.14 26
1527.66 1123.77 26
1529.40 1084.75 27
1522.85 1047.70 26
1532.87 1017.67 26
1532.13 984.54 26
1530.45 953.15 26
1528.41 919.85 26
1525.08 880.42 27
1523.03 852.14 26
1523.71 815.72 27
1520.58 781.93 26
1516.34 755.28 27
1511.92 713.30 27
1506.12 682.73 26
1496.75 647.17 26
1491.98 619.71 26
1489.26 585.17 26
1475.82 545.52 26
1474.47 518.47 26
1471.52 490.92 26
1461.87 455.19 27
1448.52 413.94 27
1445.31 385.04 26
1438.28 345.17 26
1426.94 318.00 26
1416.25 281.92 27
1417.75 1760.28 27
1418.49 1729.47 26
1413.38 1690.74 26
1416.87 1659.70 26
1408.28 1623.50 26
1411.97 1597.78 26
1423.43 1560.68 26
1424.04 1522.46 26
1425.57 1488.52 27
1427.61 1463.39 27
1428.25 1420.33 27
1431.31 1389.58 27
1432.23 1356.27 26
1436.52 1320.79 26
1437.86 1291.04 27
1443.53 1252.82 27
1441.60 1219.10 27
1448.37 1186.67 26
1445.22 1149.78 27
1455.86 1108.08 26
1447.87 1079.86 27
1453.40 1045.48 26
1449.33 1014.05 27
1448.96 982.48 26
1445.30 946.06 26
1448.79 909.62 27
1445.02 879.89 27
1447.32 843.33 27
1438.67 813.69 27
1439.96 777.38 26
1431.28 742.88 26
1429.48 706.17 27
1420.49 676.58 26
1419.91 634.89 27
1414.51 610.73 26
1406.29 574.25 27
1400.13 546.87 27
1392.36 509.64 27
1381.05 480.57 26
1377.41 444.97 26
1333.44 1764.85 26
1335.78 1735.52 27
1338.70 1691.06 27
1341.32 1654.54 26
1338.31 1628.74 26
1339.61 1593.57 26
1343.23 1559.99 26
1349.56 1524.66 27
1351.85 1489.17 26
1355.74 1452.65 27
1350.99 1415.01 26
1352.74 1381.79 26
1363.58 1352.67 27
1355.98 1319.96 26
1361.27 1284.28 27
1364.00 1247.86 26
1365.00 1216.96 26
1365.89 1180.77 27
1374.46 1151.39 26
1369.01 1115.45 27
1370.34 1080.40 27
1371.39 1040.72 27
1374.50 1012.71 27
1367.70 976.61 26
1366.85 943.71 26
1365.63 912.57 27
1371.13 879.89 27
1365.70 844.91 26
1357.40 811.42 26
1359.51 779.59 27
1354.77 743.57 26
1355.82 706.44 26
1341.32 670.89 27
1341.03 645.77 26
1336.15 611.70 27
1328.16 578.46 26
1317.83 536.61 26
1311.81 510.06 26
1303.73 476.54 26
1298.50 443.95 27
1274.82 411.80 27
1285.49 377.58 26
1263.29 308.97 27
1252.34 274.98 27
1247.01 241.56 27
1232.15 212.07 26
1225.20 175.09 27
1221.72 146.52 27
1206.51 106.35 27
1257.70 1764.92 26
1256.99 1726.01 27
1259.72 1699.96 26
1260.24 1657.72 26
1268.33 1629.19 26
1263.06 1556.57 26
1268.30 1525.57 27
1273.98 1488.13 27
1268.13 1451.57 27
1278.83 1418.65 27
1278.33 1389.56 27
1280.79 1358.61 26
1285.80 1312.26 27
1285.40 1287.22 27
1287.02 1245.93 27
1293.20 1213.82 26
1297.31 1170.18 27
1290.82 1144.38 26
1294.07 1112.62 26
1289.78 1078.20 27
1294.26 1043.99 27
1299.77 1005.75 27
1296.28 977.05 27
1291.42 941.73 27
1293.42 908.31 26
1284.37 871.82 27
1285.48 847.44 27
1283.41 810.65 27
1281.10 773.47 26
1272.82 742.90 26
1268.10 702.53 27
1240.80 678.77 26
1255.52 604.17 26
1248.12 578.64 27
1236.13 540.13 27
1237.58 505.47 26
1226.90 477.96 26
1222.39 444.74 26
1207.15 403.89 26
1198.30 374.79 26
1192.95 338.95 26
1185.37 313.84 26
1176.71 272.94 26
1166.96 240.47 26
1158.92 213.59 26
1146.60 171.36 27
1132.08 140.42 26
1178.40 1759.02 26
1182.62 1737.69 26
1185.04 1690.51 27
1186.06 1658.63 27
1178.84 1627.92 26
1184.83 1599.05 27
1186.61 1554.11 26
1187.77 1521.07 27
1196.30 1485.53 27
1194.01 1453.51 26
1198.61 1423.20 27
1201.33 1381.07 26
1204.42 1356.91 27
1205.26 1315.55 26
1206.93 1282.66 26
1206.55 1248.85 26
1219.96 1217.83 27
1213.02 1178.94 26
1212.08 1147.13 26
1215.84 1110.24 26
1221.52 1081.22 26
1222.26 1049.01 26
1212.96 1013.01 26
1216.78 974.95 27
1216.41 941.09 27
1215.44 905.04 27
1212.72 872.27 27
1212.03 845.56 26
1206.28 806.19 27
1200.22 771.13 26
1197.81 742.12 27
1190.62 703.25 27
1190.19 670.00 26
1171.30 643.83 27
1179.36 604.66 26
1160.50 577.56 27
1157.76 542.14 26
1153.81 510.45 27
1145.89 468.78 27
1128.74 408.76 27
1113.91 370.62 26
1117.07 341.62 26
1100.70 304.59 26
1095.53 277.63 27
1087.06 245.32 27
1106.20 1762.61 26
1102.40 1729.05 27
1104.39 1698.20 26
1096.67 1661.08 26
1109.57 1627.58 26
1106.34 1592.19 27
1154.10 1559.47 27
1115.55 1526.40 26
1116.06 1489.48 27
1115.67 1457.05 27
1122.32 1424.61 27
1125.68 1387.76 26
1124.26 1346.23 27
1129.46 1320.11 27
1130.25 1284.60 26
1131.87 1249.69 27
1134.17 1218.20 26
1136.54 1183.12 27
1143.18 1150.70 27
1137.61 1109.72 27
1144.26 1076.97 26
1138.11 1051.49 26
1139.93 1006.52 26
1137.65 983.83 27
1142.54 945.72 27
1134.43 909.41 27
1133.83 876.88 27
1131.98 844.13 27
1132.68 816.65 27
1120.17 773.53 27
1121.12 744.94 26
1115.68 706.86 26
1103.59 674.29 27
1104.28 639.86 26
1089.46 609.61 26
1083.51 570.21 26
1090.65 536.33 26
1074.88 506.60 27
1068.99 474.54 26
1057.92 440.32 26
1049.44 411.72 27
1044.40 372.27 26
1018.95 1769.23 27
1027.34 1732.44 27
1023.67 1697.40 26
1033.49 1669.51 27
1034.98 1630.80 26
1032.57 1593.47 27
1032.21 1562.22 27
1038.59 1529.09 27
1044.54 1487.65 26
1038.00 1456.40 26
1044.29 1425.25 26
1049.74 1394.40 26
1051.40 1356.08 27
1049.46 1322.42 27
1053.06 1294.43 27
1056.64 1256.89 26
1061.65 1217.87 26
1056.49 1188.80 27
1054.66 1151.31 27
1066.14 1120.15 26
1056.36 1100.01 27
1066.41 1052.38 26
1059.78 1016.90 27
1063.20 984.31 26
1060.18 942.16 26
1056.01 911.02 26
1051.48 880.04 27
1049.99 848.44 26
1050.34 814.33 26
1046.22 778.18 26
1041.90 749.46 26
1031.37 711.35 27
1031.48 676.39 27
1017.32 645.22 26
1017.50 611.91 26
1006.55 581.73 26
1002.33 546.06 27
988.94 505.37 27
987.79 477.38 27
976.47 445.92 27
973.80 409.31 26
950.58 1774.28 26
949.09 1737.04 26
950.32 1705.97 26
948.33 1674.92 27
952.18 1636.43 26
959.36 1601.52 26
957.67 1565.56 26
962.15 1537.19 27
963.41 1496.31 27
965.61 1462.32 26
968.12 1431.14 26
970.57 1393.79 26
973.72 1364.35 27
971.39 1325.64 27
979.73 1297.05 27
982.29 1254.71 27
980.66 1221.61 26
982.65 1190.19 26
984.84 1156.38 27
980.48 1122.38 27
983.96 1082.91 27
988.21 1049.74 26
986.64 1023.97 27
982.91 986.48 26
977.10 950.66 26
978.49 914.68 27
974.85 854.97 27
969.55 817.29 26
968.44 777.53 26
965.69 747.95 27
960.79 722.43 26
952.01 681.20 26
950.22 651.48 26
939.83 620.21 26
934.79 585.79 26
921.93 550.19 27
914.69 511.53 27
913.85 480.37 27
901.10 450.56 26
872.86 402.16 26
890.32 386.94 27
878.34 347.81 26
874.56 1780.22 27
878.09 1739.06 27
873.33 1706.25 27
874.32 1676.42 27
879.94 1639.97 26
879.34 1603.03 26
881.37 1572.43 27
886.00 1539.35 26
882.37 1505.11 27
887.96 1467.35 27
889.71 1432.57 27
891.52 1402.62 27
900.03 1369.68 27
894.27 1326.93 26
902.15 1296.00 26
899.03 1257.88 26
905.43 1232.51 27
909.12 1195.38 27
907.40 1161.47 27
903.27 1127.49 26
910.92 1088.22 27
904.25 1061.18 26
914.26 1026.95 27
907.01 995.43 26
905.66 956.62 26
901.67 919.06 27
903.50 889.10 26
894.48 856.84 27
893.35 821.85 27
890.68 787.17 26
883.74 752.01 27
878.75 721.54 27
875.58 685.58 26
865.68 655.33 26
859.08 628.05 27
854.52 586.41 26
848.65 559.12 26
839.27 522.52 27
827.92 488.62 27
801.64 486.78 27
812.93 422.83 26
802.94 387.54 27
794.40 351.18 26
779.93 325.24 27
775.30 290.89 26
