576.58 1692.57 19
588.61 1671.65 19
600.11 1650.53 18
611.76 1633.00 18
627.49 1612.00 19
638.58 1592.93 18
654.99 1571.93 18
674.19 1553.61 18
689.69 1536.99 18
707.47 1516.04 19
728.82 1498.41 18
750.04 1479.16 19
770.60 1460.18 19
792.56 1441.77 19
814.02 1422.52 18
834.01 1404.00 18
857.70 1385.66 19
881.22 1367.07 19
898.42 1349.71 19
924.14 1331.74 19
943.96 1314.26 18
965.69 1295.20 18
987.03 1274.83 19
1005.32 1256.12 18
1024.11 1237.09 18
1039.30 1216.04 18
1055.65 1198.22 19
1071.81 1179.03 19
1085.18 1158.80 18
1099.52 1137.78 19
1108.44 1119.96 19
1117.95 1100.15 19
1128.45 1077.08 18
1135.45 1058.19 19
1143.48 1035.11 19
1147.79 1014.91 18
1155.46 994.12 18
1160.74 971.79 18
1166.82 953.69 18
1170.77 930.22 18
1176.61 907.16 19
1184.64 885.10 19
543.10 1659.58 19
555.02 1640.03 18
564.34 1621.10 19
579.47 1601.21 19
595.04 1579.53 19
608.71 1560.65 19
625.02 1541.63 18
643.43 1523.00 19
660.39 1503.72 19
678.38 1485.15 18
702.11 1467.85 18
722.31 1448.64 18
743.12 1428.62 19
765.19 1411.16 18
788.48 1392.77 19
809.59 1373.91 19
835.71 1356.60 18
852.81 1340.11 19
877.34 1319.18 18
900.23 1301.67 19
918.27 1281.49 18
938.89 1262.15 18
959.56 1245.14 19
977.74 1225.70 18
992.33 1206.66 19
1009.30 1186.78 18
1028.40 1168.32 18
1039.35 1149.21 18
1051.54 1126.22 19
1064.14 1107.02 18
1070.74 1084.15 19
1081.85 1066.96 19
1087.82 1044.55 19
1095.38 1026.26 18
1120.60 1012.53 19
1107.63 981.00 18
1115.55 961.35 18
1119.82 939.20 18
1127.43 918.38 19
1131.54 897.70 18
1136.57 873.92 18
487.79 1670.36 18
500.45 1649.38 18
506.85 1631.33 19
519.35 1610.46 19
531.46 1590.93 18
546.87 1571.47 19
563.49 1550.20 19
579.45 1529.57 18
595.32 1512.65 19
612.68 1493.20 19
632.25 1475.09 18
652.04 1456.85 19
673.32 1438.32 18
696.60 1418.16 19
718.36 1399.84 19
738.26 1381.67 19
765.80 1364.90 18
784.15 1347.95 19
806.97 1328.24 19
830.74 1309.41 19
850.47 1291.84 19
872.75 1272.06 18
894.94 1252.82 19
910.07 1234.78 18
930.46 1215.76 19
961.71 1176.39 18
977.56 1157.02 19
988.55 1138.85 19
1004.37 1118.34 18
1015.23 1098.80 19
1026.43 1076.09 18
1034.25 1054.53 19
1040.48 1034.19 18
1049.24 1015.58 19
1056.75 993.29 18
1058.77 972.57 19
1067.30 948.51 19
1071.66 928.92 18
1075.03 906.44 19
1083.83 886.39 18
1090.50 863.21 19
461.04 1622.83 19
470.40 1599.29 18
479.57 1579.78 19
498.52 1561.92 19
510.51 1542.01 19
531.91 1521.32 19
547.95 1503.42 18
567.05 1483.87 18
581.36 1464.79 18
606.34 1445.51 19
626.32 1428.00 18
646.58 1408.96 18
673.35 1391.46 19
693.95 1371.47 18
715.76 1354.45 19
733.89 1337.78 19
764.19 1316.57 18
781.33 1298.96 19
801.75 1281.72 19
825.61 1263.72 18
842.90 1242.63 19
863.71 1225.35 18
881.53 1206.42 19
898.57 1189.91 18
912.85 1167.02 18
929.48 1148.19 19
944.29 1126.12 19
956.46 1108.22 18
964.75 1087.94 18
973.34 1066.14 19
984.04 1045.22 19
990.93 1024.38 19
1000.39 1004.01 18
1006.75 982.17 19
1013.18 963.24 18
1015.92 941.26 18
1026.48 918.77 18
1029.12 896.87 19
1035.55 876.42 18
1039.27 857.08 19
350.41 1760.36 19
359.71 1741.95 18
365.25 1714.11 19
370.97 1695.05 18
381.49 1674.11 19
390.32 1654.21 19
396.51 1634.44 19
408.82 1612.27 18
418.73 1593.42 19
434.56 1573.08 19
446.06 1554.44 19
464.36 1535.12 19
499.04 1494.39 18
516.24 1477.54 18
537.80 1456.93 19
555.07 1438.86 18
576.25 1419.69 19
600.46 1399.84 18
620.97 1383.52 18
645.48 1365.40 19
662.81 1345.84 18
688.33 1329.08 18
711.34 1309.13 19
731.50 1292.92 18
750.30 1273.92 19
772.11 1255.48 18
794.14 1236.09 18
815.75 1214.77 19
831.50 1198.89 19
850.41 1179.81 19
862.30 1158.30 18
878.41 1140.46 19
890.83 1120.19 19
905.64 1099.96 18
913.79 1080.85 19
924.44 1058.84 18
934.39 1037.72 19
943.51 1016.96 18
947.52 996.97 19
954.45 972.15 19
961.79 955.38 18
968.66 933.77 19
970.08 912.12 19
980.16 891.62 18
984.44 868.90 19
991.19 848.73 18
285.79 1816.11 19
289.34 1795.56 19
297.95 1773.18 19
303.46 1753.26 19
311.63 1732.11 18
316.89 1710.23 19
324.59 1688.76 18
331.32 1668.84 19
338.12 1647.12 18
349.87 1626.25 19
360.01 1607.68 19
371.55 1586.79 19
384.00 1565.85 18
397.56 1546.12 19
412.95 1526.58 18
429.57 1506.76 19
445.91 1488.04 19
463.55 1467.41 19
488.38 1449.87 18
505.14 1431.98 18
526.27 1412.94 18
550.55 1394.18 18
566.99 1376.20 18
593.31 1358.78 19
615.81 1340.87 19
637.45 1323.70 18
658.46 1303.04 18
681.21 1283.99 19
704.86 1266.96 18
721.26 1250.12 19
742.22 1228.89 18
764.52 1210.60 19
775.28 1193.07 18
794.87 1172.52 19
815.19 1153.84 19
828.89 1132.63 18
841.93 1112.56 18
855.55 1091.66 18
865.17 1072.26 19
885.22 1089.35 18
883.47 1031.87 19
896.34 1010.91 18
903.62 989.90 18
904.17 967.74 19
913.49 948.15 18
920.41 926.28 18
923.62 903.30 18
931.75 883.72 19
934.10 862.60 19
941.14 841.28 19
266.06 1702.19 18
275.22 1683.13 18
280.10 1662.69 18
285.08 1639.59 18
298.23 1620.63 18
307.46 1598.27 18
320.35 1580.30 18
332.30 1559.76 18
347.50 1540.35 18
364.86 1520.25 19
378.53 1503.00 19
399.38 1480.72 19
416.15 1460.32 18
436.69 1444.06 19
455.30 1425.03 19
473.77 1407.92 18
499.12 1387.63 18
518.56 1371.45 18
540.87 1351.45 19
567.85 1333.10 18
586.41 1316.15 19
608.43 1298.26 18
630.00 1278.22 18
650.36 1259.53 19
673.06 1241.57 18
692.88 1221.99 19
712.69 1202.99 19
734.83 1185.82 18
746.36 1165.56 18
764.41 1144.67 19
777.20 1126.14 18
790.09 1106.57 18
803.98 1086.91 18
813.45 1066.33 19
825.13 1046.25 18
832.61 1024.84 18
840.26 1003.93 18
846.33 981.48 19
858.57 962.94 19
860.25 941.03 19
865.52 919.62 19
880.35 876.63 18
883.23 855.48 18
888.29 833.85 19
256.90 1593.22 18
270.75 1572.50 18
283.41 1553.64 19
296.37 1531.62 19
313.83 1513.11 19
327.69 1493.83 18
342.64 1474.83 18
363.60 1454.25 19
384.84 1436.42 18
405.27 1419.93 19
423.30 1400.98 18
448.86 1380.56 18
468.11 1363.37 18
492.95 1343.56 19
516.60 1324.96 19
537.85 1308.69 19
559.15 1291.59 18
587.04 1270.34 19
599.46 1254.62 19
619.54 1235.11 18
643.30 1215.49 19
659.29 1197.13 18
691.68 1173.43 18
695.67 1159.30 19
709.64 1138.73 19
728.93 1118.98 18
745.06 1099.48 19
753.18 1079.46 18
766.46 1060.68 18
774.12 1040.17 18
782.43 1015.85 18
794.19 997.29 19
798.22 974.81 18
805.78 955.69 18
811.47 934.49 18
817.46 910.88 19
824.56 891.98 18
829.59 870.80 19
833.80 847.61 19
836.21 828.19 19
163.51 1690.16 18
171.41 1667.85 19
179.88 1646.22 18
191.26 1623.36 19
200.27 1605.88 19
208.20 1584.83 19
219.43 1565.21 19
232.16 1544.94 18
246.86 1526.14 19
263.07 1505.36 18
278.73 1484.67 19
296.61 1467.18 19
316.76 1445.88 19
339.34 1429.54 19
352.12 1410.26 18
377.50 1392.43 19
396.31 1374.62 19
422.10 1355.06 19
441.86 1337.88 19
463.39 1318.93 19
488.38 1299.48 18
510.72 1281.32 18
530.74 1263.09 18
550.05 1247.02 19
574.24 1227.10 19
594.20 1208.24 19
611.70 1188.01 19
626.79 1169.85 19
647.91 1150.50 19
660.45 1132.94 18
678.21 1113.80 19
693.11 1091.99 18
706.48 1070.40 19
723.65 1031.74 19
730.58 1008.69 19
743.37 991.41 19
751.81 967.10 18
759.04 945.64 18
763.84 925.24 18
769.60 905.02 19
772.13 884.90 18
780.55 860.33 19
785.95 840.11 18
791.86 818.45 19
96.80 1655.28 19
125.41 1659.52 19
132.41 1637.77 19
138.49 1616.91 18
150.25 1596.77 19
160.43 1577.38 18
171.34 1555.99 19
188.20 1534.43 19
200.77 1517.50 19
212.08 1497.73 19
231.34 1476.77 19
250.53 1458.12 18
267.71 1438.02 19
283.60 1421.82 18
305.24 1401.71 19
328.31 1384.02 19
351.37 1363.71 18
370.82 1346.74 18
394.42 1327.06 19
415.17 1309.14 19
439.59 1291.84 19
460.74 1272.39 18
479.34 1254.14 18
504.48 1236.92 19
524.68 1217.76 19
545.33 1199.14 18
566.24 1179.29 18
584.13 1162.00 19
596.24 1141.15 18
614.82 1121.88 18
629.64 1102.31 18
645.85 1081.43 19
655.26 1064.21 19
669.11 1040.00 19
683.79 1001.85 18
694.84 981.02 18
701.63 958.79 18
709.83 936.64 18
718.36 915.26 18
718.97 895.28 19
724.64 874.40 18
733.42 851.63 19
733.38 830.33 19
738.10 809.85 18
562.31 789.50 11
572.01 787.49 10
585.51 787.62 12
596.54 784.74 11
604.51 783.76 11
614.89 783.16 11
626.95 781.69 10
637.09 783.91 10
648.74 780.77 11
660.28 781.48 10
668.77 777.48 11
680.12 780.65 10
693.40 780.95 9
700.15 779.06 11
712.73 779.21 10
724.80 775.55 10
735.25 779.80 10
746.46 780.57 10
754.52 777.44 12
780.27 779.80 11
789.78 780.13 11
802.11 782.16 9
811.09 779.72 11
822.20 780.24 11
835.16 780.63 9
842.34 779.04 9
855.82 782.70 10
864.71 783.64 10
878.01 788.33 11
887.60 786.10 10
897.44 782.54 10
910.96 786.62 11
921.76 784.40 10
929.36 786.29 10
943.24 785.93 11
951.68 784.17 10
965.18 787.65 11
974.76 784.12 11
986.44 784.02 10
999.10 790.16 10
1006.74 784.92 11
551.58 760.80 10
561.85 759.50 11
571.93 758.31 11
583.46 755.31 11
594.11 755.46 9
616.68 752.99 10
629.39 756.40 12
638.39 752.67 10
648.90 750.68 11
656.03 748.10 11
671.92 748.45 11
682.38 747.20 9
692.73 750.03 10
703.30 745.91 10
711.47 745.01 10
725.63 748.92 9
736.24 749.29 10
745.57 745.58 11
757.75 748.27 10
771.84 749.73 11
779.98 748.66 10
788.82 749.22 11
813.75 752.64 10
811.84 750.01 11
824.13 749.94 10
834.76 750.83 11
850.13 754.64 11
854.71 748.01 11
867.92 751.90 9
878.26 754.68 11
891.24 754.00 11
901.98 754.05 10
914.18 752.48 11
921.19 754.36 10
934.42 753.49 12
944.73 756.11 10
954.50 756.58 10
964.49 761.59 11
974.94 758.12 10
990.49 757.37 11
1000.87 757.47 10
1010.01 762.07 11
1019.73 758.00 11
1029.80 755.23 10
1042.05 757.77 10
1055.23 757.18 10
1065.21 758.95 10
542.17 732.46 10
553.26 730.42 10
561.50 729.77 11
571.99 726.01 12
585.27 727.32 11
593.85 723.75 10
604.15 723.40 11
617.76 724.25 10
630.03 721.18 10
639.63 721.38 10
651.71 719.91 9
660.70 720.47 10
672.63 718.69 10
680.83 717.32 11
694.64 719.45 10
703.77 718.46 11
716.01 717.63 10
723.77 719.06 11
735.74 716.76 11
748.09 718.59 12
759.85 719.80 10
772.35 717.59 11
781.68 716.69 9
791.12 719.32 11
804.80 722.68 10
814.32 720.59 10
826.07 722.31 11
837.12 724.12 11
844.05 721.64 11
857.38 720.94 10
866.43 724.83 11
881.38 725.50 9
893.25 726.91 10
901.33 723.33 11
911.85 726.21 10
923.55 725.18 10
935.94 727.50 9
944.83 725.15 11
958.83 728.15 10
968.83 728.08 11
977.51 727.87 11
530.56 699.60 9
542.24 699.38 11
554.79 699.64 10
565.48 696.05 10
576.93 695.64 11
587.19 696.37 12
599.14 696.57 11
608.19 691.64 9
621.05 691.16 10
631.22 691.14 10
642.33 688.09 11
653.68 690.45 11
663.18 689.34 10
672.05 692.13 12
684.58 688.28 9
698.61 686.47 10
717.09 686.47 11
729.44 689.68 9
742.87 690.61 11
752.04 689.35 10
763.59 687.00 10
778.96 692.25 11
782.61 688.23 11
795.91 687.91 11
806.97 689.28 10
817.75 690.88 10
830.04 692.65 11
838.87 691.01 11
849.82 695.43 10
859.03 690.48 11
872.30 693.61 9
884.15 696.41 9
896.47 694.23 11
906.84 693.49 11
915.37 698.10 11
928.01 695.24 11
935.11 695.87 11
947.61 698.02 10
961.30 699.96 11
524.49 672.94 11
534.27 673.96 11
547.93 670.50 11
557.60 668.31 11
570.97 670.38 10
579.18 666.42 10
593.61 665.08 10
601.61 663.38 10
615.70 662.51 12
623.97 661.37 11
632.01 662.34 10
645.05 661.58 10
659.60 661.79 11
664.18 657.96 10
679.31 659.41 12
691.96 663.29 11
702.56 659.40 10
711.60 658.90 11
722.56 658.01 10
728.95 655.65 10
740.94 656.14 11
754.92 661.20 10
767.73 659.95 11
776.71 658.30 12
788.28 658.40 11
800.36 661.28 11
811.08 659.98 10
826.07 662.30 10
834.63 661.06 10
844.72 663.05 10
855.92 663.93 11
866.80 666.22 10
876.47 663.16 11
886.66 665.21 11
902.08 663.07 11
908.80 665.40 11
919.45 664.86 11
932.53 667.69 10
944.71 670.30 10
955.02 668.92 10
963.71 664.38 10
975.19 668.19 10
985.39 666.48 10
518.05 642.96 10
529.80 640.75 11
539.92 639.55 11
551.46 638.37 10
560.48 640.01 11
572.69 637.66 10
584.52 634.83 11
595.83 636.08 11
606.85 634.15 11
620.96 631.85 9
629.58 633.35 12
637.86 633.26 11
650.28 628.93 11
664.35 629.27 11
672.30 629.76 11
683.21 632.61 11
696.62 630.36 10
706.08 631.03 10
713.62 626.86 10
727.62 630.21 9
733.84 628.36 10
747.87 629.78 11
758.81 630.42 10
769.83 632.32 12
783.99 627.88 11
792.50 626.33 10
805.24 631.28 12
813.90 630.04 9
825.93 633.19 10
838.06 630.66 10
847.78 629.23 11
858.49 632.38 10
871.79 633.28 10
880.74 635.19 11
890.61 637.12 10
913.87 634.95 10
930.40 635.07 12
937.21 636.30 11
950.32 638.91 12
957.55 637.17 11
970.11 636.18 11
510.89 613.94 11
524.96 616.38 11
545.65 611.40 10
553.87 605.41 9
567.33 609.00 10
577.48 604.73 9
586.30 607.50 11
598.28 603.56 10
610.42 602.59 11
623.43 604.25 10
634.39 602.84 10
646.33 600.46 10
655.17 600.09 9
665.26 598.80 10
675.84 601.37 10
686.20 601.22 11
698.27 599.58 11
708.72 600.77 11
722.21 598.98 10
732.91 596.10 10
741.02 598.89 10
756.27 600.47 10
766.09 601.32 10
775.45 600.70 10
786.57 600.30 10
797.33 598.95 11
811.25 601.21 10
823.08 603.05 9
829.44 598.97 11
842.75 601.75 11
853.41 603.44 10
862.83 600.76 10
879.20 601.09 12
889.60 603.89 10
900.21 605.93 10
911.03 607.95 11
921.10 609.10 11
931.39 606.58 12
940.10 607.60 11
955.28 607.57 10
966.48 608.81 10
978.77 607.61 11
990.19 608.84 12
996.23 610.34 11
1009.01 607.99 11
506.41 589.39 8
519.01 584.92 11
529.57 583.82 10
540.73 583.34 10
551.35 579.71 12
562.33 581.94 11
573.42 575.29 9
584.80 576.23 11
593.21 575.28 10
609.02 575.24 11
616.80 572.30 11
628.49 573.50 11
637.55 574.37 11
651.13 571.60 10
662.06 569.25 11
671.20 568.74 11
684.79 569.49 11
695.86 572.45 11
709.93 567.94 10
717.16 568.83 11
727.70 569.16 10
738.41 566.81 11
746.84 569.23 12
761.41 571.53 12
773.83 569.18 10
785.57 569.61 11
794.77 572.01 11
804.39 572.13 11
815.40 572.05 9
827.65 570.86 10
839.30 572.16 10
850.13 573.74 10
859.25 573.90 11
873.37 572.99 10
882.44 574.08 12
903.44 575.56 10
917.95 577.95 11
926.45 576.12 11
939.96 578.59 10
506.82 562.37 11
513.21 556.34 12
519.96 556.96 12
536.26 552.96 11
547.29 553.43 10
557.55 551.16 10
567.65 549.51 11
577.08 548.09 11
587.35 545.76 11
600.48 546.99 11
611.51 543.21 10
620.43 548.06 12
635.54 542.80 11
648.31 542.27 11
658.72 540.94 11
664.77 537.20 11
680.24 543.37 10
691.39 539.17 10
696.53 537.05 11
712.63 539.38 10
725.91 538.03 10
733.65 537.19 10
744.19 536.19 10
754.75 538.22 11
769.49 541.35 11
779.04 539.64 11
794.59 543.87 10
801.34 542.81 11
815.18 539.99 10
818.21 542.05 11
837.21 539.66 11
845.28 542.16 11
856.58 543.70 10
866.81 542.90 10
875.42 542.09 11
887.61 545.71 10
901.82 546.75 10
912.42 544.51 10
922.48 546.60 12
935.55 546.37 11
945.63 548.34 11
957.94 547.05 11
967.62 548.31 11
978.20 551.71 10
989.55 549.14 9
495.97 530.54 12
509.09 528.04 11
518.42 525.73 11
531.75 523.99 11
542.76 522.16 11
554.77 518.97 11
565.60 519.08 11
573.48 520.02 10
588.96 518.58 11
600.58 519.19 10
607.19 511.61 11
620.44 512.82 9
627.61 512.79 10
639.96 513.66 11
651.74 514.79 10
665.59 513.50 10
676.16 514.00 11
687.51 510.75 10
697.67 507.93 10
707.93 508.22 12
722.50 510.32 9
730.17 510.03 9
741.18 513.12 11
753.56 508.21 13
764.08 507.15 10
775.28 510.51 11
786.93 509.00 10
797.35 513.04 12
806.12 510.27 10
819.86 509.64 11
834.56 511.91 9
842.35 512.64 10
852.90 513.68 10
863.47 515.12 10
872.01 512.10 11
895.80 519.26 11
917.79 516.89 10
933.04 516.37 10
941.29 518.18 10
954.74 516.03 10
962.01 518.74 12
973.85 515.81 13
984.89 520.12 11
998.60 518.85 10
1010.00 518.74 10
496.50 501.05 9
506.39 499.59 11
515.37 496.29 11
525.89 498.91 11
537.27 494.58 10
551.54 492.56 11
561.41 492.85 11
571.41 490.26 10
583.52 492.61 12
595.70 485.65 11
604.43 486.99 11
617.45 481.96 10
625.99 486.75 9
638.39 484.62 11
648.82 482.07 10
660.61 482.55 9
674.23 477.97 10
682.31 484.87 11
694.06 481.80 11
706.34 475.48 11
716.96 479.42 11
727.95 478.72 10
738.15 479.75 11
752.71 480.57 11
762.42 479.90 11
777.21 476.91 10
785.67 481.65 11
793.16 480.46 11
803.22 480.30 10
816.35 479.38 10
826.22 481.90 11
839.19 482.93 9
848.79 485.02 10
860.34 480.69 10
871.50 482.92 11
883.50 484.50 10
892.91 485.27 13
905.51 485.70 10
916.19 487.76 10
926.39 487.83 12
937.11 486.93 11
947.94 488.03 10
960.86 489.34 11
491.06 472.88 11
500.51 472.00 11
513.96 470.15 9
523.19 468.34 10
535.20 467.48 11
542.28 464.22 12
555.29 463.56 11
568.46 461.98 12
578.35 459.01 10
589.96 459.89 9
602.59 457.55 12
610.31 456.22 9
623.98 455.31 10
632.39 455.48 10
645.16 453.48 9
657.93 452.28 10
668.40 454.95 11
679.90 447.41 10
693.63 450.73 12
703.83 450.36 10
714.59 450.12 9
723.69 451.01 11
733.90 448.11 10
745.47 446.22 12
755.09 451.91 11
777.78 452.24 10
787.15 448.81 10
801.00 450.44 11
809.43 450.72 11
822.00 452.44 10
831.86 452.79 12
847.14 450.54 10
855.71 451.04 11
865.80 453.97 11
878.07 452.25 12
888.76 454.50 11
898.48 455.59 11
909.99 455.82 11
924.40 458.13 10
936.64 458.79 10
943.91 456.35 10
487.62 445.23 10
496.10 443.48 9
508.19 439.62 11
522.20 439.48 10
528.29 436.23 10
544.99 436.02 12
550.05 433.56 10
566.90 432.47 10
574.17 430.36 10
585.31 429.72 11
597.20 430.49 12
607.52 425.04 10
616.98 427.36 11
630.99 426.00 10
641.97 423.63 10
651.47 423.99 11
662.90 421.65 10
673.29 421.54 10
687.62 421.96 11
697.85 419.42 10
709.38 421.37 10
719.48 419.30 10
730.13 420.31 12
741.94 420.02 11
753.08 418.75 10
763.34 421.71 11
775.02 421.57 11
784.42 422.24 10
796.33 420.99 9
808.35 421.02 9
822.24 422.37 11
831.45 423.99 9
839.73 418.22 10
852.56 426.01 10
861.65 421.46 10
873.59 421.58 10
886.39 425.24 11
897.40 425.02 11
909.47 421.65 9
915.86 422.86 11
932.27 429.33 11
940.82 429.42 10
952.37 426.77 10
964.41 427.60 12
973.56 425.39 11
983.67 428.45 11
997.98 431.55 10
479.28 413.83 10
493.69 414.95 10
514.19 409.73 10
525.59 408.27 10
536.23 408.91 10
546.96 406.61 9
561.83 402.17 10
571.29 403.44 12
580.62 402.89 11
596.64 399.54 10
602.44 400.09 9
615.20 397.70 12
627.28 394.80 11
638.10 395.24 10
647.87 392.17 11
661.66 393.39 10
670.21 394.22 11
681.17 389.58 11
693.62 391.16 10
702.33 392.10 10
712.39 391.92 11
725.28 391.15 10
738.78 389.78 12
748.68 392.26 10
756.95 388.24 11
770.89 390.23 10
781.08 391.60 11
794.05 391.58 10
802.20 388.21 10
814.52 391.04 11
825.87 390.80 10
837.68 391.93 9
847.06 391.79 11
859.34 392.60 11
868.60 395.92 11
885.20 394.72 12
892.56 393.66 11
900.63 397.10 9
911.22 392.58 11
477.69 389.26 9
493.35 386.05 10
497.49 382.95 11
511.39 383.15 10
521.57 379.55 9
531.55 378.53 10
546.39 375.63 11
553.52 376.57 10
566.03 374.26 10
578.46 372.58 9
587.51 371.77 10
598.16 368.03 9
610.26 366.76 10
622.26 367.14 11
630.38 364.14 10
638.56 367.73 10
656.50 362.64 10
667.72 365.94 9
675.18 360.06 11
686.37 361.58 9
698.16 360.82 12
712.63 360.64 12
718.28 359.67 10
734.28 361.31 11
740.86 360.45 10
753.67 358.42 11
763.15 360.36 11
777.87 363.42 11
792.19 364.80 10
799.31 359.54 9
810.74 362.51 11
820.83 361.74 10
831.67 360.18 10
837.39 362.67 12
855.51 361.54 11
865.71 363.43 10
875.50 363.04 11
887.59 365.39 9
897.52 363.40 9
909.07 365.67 9
917.64 362.50 11
933.87 366.18 9
939.86 370.09 9
949.83 364.40 10
961.50 367.83 10
973.22 367.71 11
984.39 366.70 11
471.48 358.68 11
483.28 356.52 11
496.06 356.34 9
506.52 356.45 11
513.43 349.65 10
528.50 351.51 10
540.56 349.84 11
551.38 349.64 11
563.75 345.83 11
573.20 342.03 12
584.61 343.51 12
588.64 339.65 11
604.53 341.60 10
614.64 338.84 11
628.00 338.56 10
637.88 333.77 11
647.69 333.54 10
659.71 333.25 10
671.70 334.73 11
678.74 329.99 11
695.85 331.68 10
701.30 332.46 11
711.97 331.60 10
726.38 330.82 12
736.31 331.53 11
748.68 330.63 10
757.39 329.41 10
768.89 331.31 9
783.12 331.58 11
791.79 330.87 11
802.38 329.99 10
814.96 331.40 11
823.97 331.24 11
834.66 330.19 12
844.66 330.80 10
856.39 327.91 10
868.76 334.82 11
879.88 333.00 11
888.44 334.39 10
902.42 336.70 9
910.92 331.71 11
917.86 327.76 10
464.95 330.54 11
477.46 329.80 11
491.65 325.90 10
498.04 322.44 10
508.32 324.44 11
521.38 318.31 10
530.79 317.59 11
542.49 319.19 10
555.89 315.35 9
565.72 317.51 10
574.42 313.06 11
585.81 311.39 11
599.36 309.68 11
609.96 308.87 10
618.77 307.93 10
632.03 305.76 11
643.25 307.87 10
654.66 307.80 12
663.50 303.64 9
676.67 302.46 10
683.83 303.56 11
697.72 301.24 11
706.52 303.87 11
717.56 298.58 10
727.62 299.93 11
741.22 300.79 10
754.12 300.11 10
760.82 302.88 10
772.49 300.28 10
782.33 298.48 11
796.37 300.82 12
809.69 302.83 10
815.41 302.81 11
827.45 300.98 9
839.62 305.25 11
855.92 304.28 10
862.74 303.62 10
871.99 302.38 11
883.70 303.84 10
896.57 306.54 10
915.87 296.15 11
925.40 298.50 11
937.78 305.73 11
949.30 306.48 10
959.46 306.95 11
973.95 308.02 10
982.55 308.26 11
994.79 311.24 10
1005.19 310.15 10
27.57 1016.28 13
28.74 1034.99 15
31.50 1072.84 15
31.36 1088.81 15
29.95 1107.90 16
31.79 1125.49 12
31.53 1145.15 13
32.56 1159.77 12
33.34 1178.87 14
32.86 1199.68 14
33.98 1214.94 13
34.97 1233.96 13
35.90 1253.42 14
35.52 1268.10 14
38.42 1287.85 16
36.25 1304.02 14
37.90 1322.05 15
36.70 1341.60 15
39.26 1359.09 15
38.88 1377.18 15
38.22 1395.53 16
39.44 1412.95 12
41.43 1430.97 12
41.23 1450.06 14
41.01 1466.49 17
42.94 1485.26 15
42.03 1504.46 15
43.33 1522.67 15
43.79 1540.38 15
42.81 1558.60 14
42.87 1576.31 14
45.44 1595.39 15
45.36 1612.04 15
45.66 1630.06 14
46.63 1648.03 16
47.16 1666.23 14
47.50 1686.68 16
45.95 1701.96 14
48.57 1721.65 13
47.65 1740.86 14
49.18 1757.10 13
50.06 1774.53 14
51.69 1794.17 13
50.36 1809.87 16
52.87 1829.53 15
52.73 1846.58 15
53.69 1864.70 14
52.01 1882.15 16
52.87 1902.09 14
956.48 2034.62 10
968.23 2036.74 11
979.38 2033.15 10
990.28 2033.42 10
1002.91 2033.22 10
1012.17 2035.30 11
1020.41 2035.15 10
1033.09 2033.65 11
1044.13 2033.57 10
1056.48 2034.03 11
1064.34 2036.41 10
1073.07 2035.21 11
1088.44 2035.59 10
1097.96 2032.39 11
1106.66 2035.78 11
1119.14 2033.75 11
1129.35 2035.19 12
1140.49 2033.99 11
1150.09 2034.47 11
1162.32 2035.22 10
1172.28 2033.31 10
1182.47 2035.58 11
1193.37 2035.20 11
1201.07 2034.55 11
1212.75 2034.59 11
1228.29 2033.88 10
1235.01 2034.92 10
1248.21 2033.17 10
1258.93 2033.38 10
1268.64 2033.23 10
1279.52 2032.60 11
1289.00 2035.68 11
1301.52 2033.98 11
1310.82 2036.10 10
1324.39 2032.90 11
1332.56 2032.70 10
1345.05 2033.67 10
1353.97 2036.16 10
1364.17 2034.25 10
1374.30 2034.54 11
1388.08 2034.18 10
1398.68 2034.24 11
1408.05 2034.85 11
957.17 2006.51 10
969.42 2006.80 10
981.00 2006.32 11
991.39 2006.04 11
1000.38 2007.39 11
1011.29 2006.19 12
1023.68 2005.36 10
1035.09 2006.86 11
1042.95 2007.46 11
1054.06 2004.79 11
1064.46 2007.03 11
1076.95 2007.75 11
1084.56 2006.77 11
1095.47 2007.56 10
1105.25 2005.57 11
1117.62 2006.93 10
1129.26 2007.22 10
1141.69 2006.52 11
1150.53 2005.78 10
1160.82 2006.44 10
1172.13 2007.87 11
1184.53 2008.18 11
1194.21 2008.20 11
1205.49 2008.66 11
1213.59 2006.67 10
1223.92 2006.34 10
1238.41 2006.85 11
1247.83 2007.25 11
1258.88 2007.61 10
1269.86 2007.08 11
1281.27 2004.92 11
1292.07 2007.24 11
1310.55 1992.12 10
1313.54 2007.39 11
1323.90 2005.99 12
1333.47 2005.62 11
1344.21 2009.31 10
1354.95 2006.63 10
1364.41 2006.52 11
1376.39 2006.01 10
1385.31 2006.60 11
1398.55 2006.73 10
1419.66 2008.55 11
1425.91 2007.90 11
1441.05 2006.29 11
956.73 1978.98 10
980.53 1979.32 11
990.93 1979.07 11
1000.60 1979.34 11
1012.31 1977.53 11
1021.22 1977.82 11
1032.13 1979.11 10
1042.62 1978.27 11
1054.47 1981.01 11
1064.34 1981.39 10
1074.44 1977.84 11
1086.55 1978.51 10
1097.22 1977.39 11
1107.55 1980.26 11
1117.13 1979.70 11
1129.38 1979.90 10
1139.99 1979.10 10
1150.46 1980.11 10
1162.70 1981.31 10
1172.64 1976.94 11
1183.38 1980.71 11
1194.13 1979.25 10
1205.47 1979.59 10
1213.81 1979.43 10
1226.40 1979.48 11
1235.55 1978.84 11
1247.12 1978.93 10
1258.86 1979.50 10
1268.70 1980.06 11
1280.03 1979.69 11
1292.13 1980.41 11
1303.71 1977.85 11
1309.43 1980.01 11
1322.16 1979.38 10
1333.59 1979.67 10
1342.04 1979.49 9
1355.29 1979.69 10
1364.60 1978.60 11
1376.98 1978.08 11
1386.85 1978.43 10
1397.98 1979.02 10
1388.06 1981.73 11
1419.32 1979.38 10
1429.82 1979.00 10
1441.64 1981.21 11
1452.03 1979.99 12
1462.53 1979.22 10
1473.29 1976.45 11
959.23 1951.40 9
968.98 1951.49 11
980.31 1949.81 10
990.33 1951.50 10
996.69 1952.15 10
1012.02 1952.34 10
1022.79 1953.13 10
1030.67 1952.88 10
1045.64 1950.05 11
1054.60 1949.65 11
1065.54 1953.30 10
1077.36 1952.69 11
1087.24 1952.83 10
1108.53 1952.02 10
1120.18 1951.87 10
1130.51 1951.80 11
1140.48 1952.31 10
1151.48 1952.58 11
1162.56 1952.95 11
1173.06 1951.36 10
1185.33 1950.61 10
1192.45 1952.79 11
1204.93 1953.13 11
1215.90 1951.60 11
1226.93 1951.48 10
1235.77 1953.85 10
1244.94 1950.60 10
1260.40 1951.08 11
1269.22 1951.24 10
1279.19 1951.52 11
1290.82 1951.09 10
1311.16 1953.51 11
1321.81 1952.00 10
1333.76 1951.02 10
1344.22 1953.21 11
1355.05 1951.66 10
1363.05 1952.17 11
1376.63 1952.83 10
1387.43 1951.99 11
1396.01 1951.35 10
1409.23 1951.27 11
1418.66 1950.83 11
1429.83 1952.56 12
1441.44 1951.69 10
1450.59 1951.35 10
1462.75 1952.05 10
958.04 1923.99 10
968.85 1924.13 11
979.85 1925.37 11
987.84 1922.21 10
1000.88 1926.00 11
1013.26 1923.14 11
1022.03 1924.03 11
1033.53 1925.43 10
1046.56 1924.16 12
1055.87 1925.37 10
1064.49 1924.00 11
1077.46 1925.19 10
1086.78 1925.43 11
1097.50 1926.98 11
1108.56 1923.97 11
1118.33 1924.87 10
1128.76 1923.25 10
1140.23 1923.16 11
1150.55 1926.00 10
1159.38 1923.59 11
1172.05 1925.13 11
1183.23 1924.84 10
1191.98 1923.65 11
1202.79 1924.51 10
1214.10 1922.80 11
1226.08 1923.68 10
1236.11 1924.62 11
1248.91 1925.28 11
1258.38 1924.90 11
1269.16 1922.96 10
1277.80 1924.55 11
1291.42 1924.75 11
1300.99 1924.81 11
1311.19 1925.22 10
1323.18 1925.63 11
1335.09 1925.94 10
1342.36 1922.97 10
1354.24 1924.87 11
1367.03 1924.80 11
1377.83 1925.42 11
1387.27 1923.51 11
1400.06 1924.53 11
1409.07 1926.06 11
957.07 1896.65 11
967.31 1896.58 10
979.24 1897.65 11
988.89 1896.37 10
999.74 1898.88 11
1012.30 1896.18 11
1021.78 1896.59 11
1032.74 1897.61 10
1042.92 1898.22 10
1057.19 1898.09 10
1065.24 1899.55 11
1075.54 1895.85 10
1086.93 1897.46 10
1097.75 1897.72 11
1107.61 1896.79 11
1120.07 1882.95 11
1130.33 1896.23 11
1139.61 1896.17 10
1151.85 1897.10 12
1161.68 1896.81 10
1173.46 1898.82 10
1182.94 1896.91 10
1194.45 1897.18 11
1203.48 1897.21 10
1215.95 1895.27 10
1226.52 1897.41 11
1236.19 1898.12 10
1248.17 1898.10 11
1256.19 1896.08 10
1270.90 1897.31 11
1276.67 1896.69 10
1291.45 1897.77 10
1301.00 1895.21 11
1312.41 1897.14 11
1321.16 1897.25 10
1333.17 1898.95 10
1345.76 1895.33 10
1355.31 1898.20 10
1365.11 1897.32 11
1375.08 1897.33 10
958.26 1870.17 10
966.30 1868.43 10
979.98 1869.88 10
990.37 1871.34 10
1001.76 1869.21 11
1010.88 1871.02 11
1021.79 1869.31 10
1032.81 1868.62 10
1044.91 1870.32 11
1052.04 1870.10 11
1066.44 1868.89 10
1073.70 1871.65 11
1087.96 1868.55 11
1095.70 1870.35 10
1106.06 1869.22 11
1120.21 1869.42 10
1130.45 1869.15 11
1142.00 1870.78 10
1149.40 1870.13 11
1161.75 1870.36 10
1175.32 1871.49 11
1184.46 1870.17 11
1194.52 1869.74 10
1203.77 1867.41 12
1217.94 1869.23 10
1225.60 1870.90 10
1237.84 1868.43 10
1247.35 1869.40 11
1257.26 1868.46 10
1270.36 1870.61 10
1280.31 1870.22 11
1291.43 1869.85 11
1300.59 1869.76 10
1312.48 1869.56 11
1323.57 1869.59 10
1333.51 1869.53 10
1342.95 1869.16 11
1353.87 1869.47 11
1366.82 1868.14 11
1376.31 1868.87 11
1389.08 1870.38 11
1397.82 1869.47 10
1407.85 1870.06 11
1417.40 1870.00 10
1429.87 1872.18 11
1442.11 1871.23 11
1452.49 1869.95 11
1462.29 1869.43 11
1473.79 1868.76 11
1485.05 1869.66 11
956.98 1844.35 11
967.66 1842.09 10
979.81 1842.47 10
988.20 1842.45 11
999.95 1842.45 10
1010.58 1841.78 10
1022.97 1844.34 10
1030.99 1842.39 11
1042.93 1842.28 10
1056.07 1840.41 11
1062.29 1841.64 11
1074.31 1842.14 10
1087.01 1844.50 11
1099.83 1843.17 11
1106.09 1843.13 10
1118.74 1842.11 9
1129.63 1841.40 10
1141.51 1843.00 11
1150.68 1842.51 10
1162.29 1843.89 10
1174.54 1844.08 10
1182.49 1841.30 11
1194.33 1841.01 10
1206.65 1842.32 11
1215.19 1841.08 11
1227.32 1841.61 10
1236.90 1842.94 11
1247.37 1841.20 10
1259.64 1841.65 11
1270.32 1843.75 11
1280.61 1841.67 10
1291.13 1842.59 11
1301.24 1840.50 10
1312.66 1842.47 10
1325.42 1841.32 11
1332.20 1840.37 11
1345.78 1842.64 11
1353.26 1841.13 11
1366.94 1842.25 11
1377.54 1841.52 10
958.02 1816.20 10
968.00 1815.50 10
979.67 1815.31 11
989.92 1816.38 11
1000.56 1815.41 11
1011.20 1815.30 11
1023.23 1812.42 11
1032.58 1813.50 11
1043.96 1815.84 10
1053.67 1814.85 10
1063.55 1815.57 11
1077.90 1814.53 11
1084.58 1815.15 10
1097.57 1816.25 11
1108.34 1813.42 11
1118.26 1813.83 10
1130.23 1816.18 10
1141.41 1813.55 10
1150.66 1813.63 11
1163.73 1817.44 10
1172.70 1813.83 10
1182.70 1814.45 11
1191.36 1815.70 10
1204.49 1816.26 11
1215.40 1813.93 12
1224.95 1814.75 11
1238.70 1816.62 11
1247.84 1817.54 10
1257.32 1814.79 11
1269.57 1814.46 10
1279.26 1816.43 11
1290.46 1814.08 11
1296.90 1814.04 11
1312.25 1815.37 10
1323.40 1814.55 10
1331.83 1812.88 11
1344.76 1813.63 11
1354.34 1814.16 11
1364.34 1814.55 11
1375.25 1815.07 10
1386.39 1816.02 11
1398.83 1813.54 10
1408.50 1817.04 10
1418.94 1815.00 11
1426.83 1814.10 10
1444.71 1814.04 11
1452.25 1813.62 10
1462.10 1813.80 11
1472.17 1813.60 11
1481.75 1814.70 10
957.11 1785.05 11
968.27 1788.31 11
979.36 1785.45 10
989.81 1788.13 11
1001.55 1787.25 11
1014.38 1787.25 10
1022.26 1788.21 11
1032.84 1787.17 10
1042.05 1788.93 10
1054.01 1787.02 11
1065.58 1786.49 10
1074.47 1787.14 11
1084.70 1786.16 11
1097.72 1787.76 10
1108.22 1787.64 11
1119.15 1786.48 10
1128.83 1787.03 10
1137.87 1786.59 11
1149.84 1788.39 11
1161.95 1786.34 10
1171.64 1786.84 10
1183.44 1786.28 11
1192.86 1787.78 11
1205.83 1785.58 11
1216.23 1785.57 11
1224.80 1787.03 11
1237.72 1788.12 11
1248.40 1786.10 10
1260.15 1785.03 11
1271.29 1787.70 11
1280.15 1786.82 11
1290.85 1786.69 10
1301.67 1786.69 11
1312.91 1786.19 10
1321.67 1789.21 11
1332.96 1786.36 11
1343.85 1786.60 9
1353.60 1784.31 10
1365.45 1788.49 10
1377.11 1785.46 10
1387.52 1786.31 11
1398.27 1787.02 10
1409.17 1787.90 10
1419.80 1787.77 11
1431.09 1786.85 10
1438.33 1787.79 10
1452.33 1786.23 11
959.59 1759.35 11
968.87 1759.80 10
980.12 1758.34 10
986.79 1760.18 10
999.93 1760.30 11
1014.70 1760.05 11
1032.91 1761.13 10
1044.59 1759.95 11
1054.91 1760.46 11
1063.63 1760.40 11
1077.53 1760.01 10
1085.24 1761.03 11
1094.89 1760.77 11
1106.86 1759.18 10
1119.46 1759.71 11
1130.58 1759.63 10
1140.36 1759.98 10
1150.69 1758.01 10
1161.03 1761.33 11
1170.50 1759.92 11
1183.99 1761.64 10
1195.64 1762.64 11
1203.56 1760.52 11
1214.70 1761.53 10
1226.90 1759.71 10
1234.51 1759.11 10
1247.64 1760.70 11
1266.88 1759.45 11
1278.14 1760.55 11
1290.37 1759.71 10
1303.11 1762.77 10
1310.41 1758.16 11
1323.71 1758.95 11
1328.27 1769.07 11
1346.02 1760.22 11
1356.12 1759.52 10
1364.48 1760.02 11
1378.44 1760.26 10
1386.74 1761.25 11
1397.91 1760.67 10
1406.51 1759.55 10
957.63 1733.30 11
967.33 1733.26 11
979.80 1731.83 10
991.25 1732.07 10
999.82 1733.17 9
1010.99 1732.46 11
1021.83 1731.81 11
1033.66 1733.04 10
1044.59 1733.37 11
1054.64 1732.10 10
1064.81 1731.95 10
1076.31 1731.45 11
1084.89 1733.63 11
1098.75 1732.45 10
1107.39 1731.94 10
1119.05 1734.76 10
1128.58 1730.86 9
1141.29 1732.34 10
1151.69 1731.79 11
1161.44 1731.82 10
1172.61 1734.10 10
1184.52 1732.26 10
1194.94 1733.66 11
1205.31 1729.41 10
1215.38 1730.79 10
1224.36 1732.82 11
1236.89 1731.69 11
1246.50 1732.69 11
1258.44 1732.52 10
1268.72 1732.13 11
1280.79 1732.11 11
1290.06 1733.39 11
1300.71 1732.19 10
1311.75 1731.95 11
1322.17 1731.42 11
1332.61 1731.94 10
1341.09 1731.36 11
1355.20 1732.08 10
1367.21 1732.34 10
1377.18 1730.31 10
1387.21 1732.48 10
1409.59 1731.02 10
1419.19 1732.37 10
1428.56 1732.51 11
1442.55 1734.14 10
1452.95 1732.46 10
959.25 1703.97 11
970.36 1707.98 11
981.22 1705.11 11
988.70 1705.47 11
1002.05 1702.96 10
1011.36 1706.06 10
1023.46 1705.63 10
1033.06 1704.49 10
1041.50 1704.78 11
1054.93 1706.91 11
1067.03 1704.78 12
1074.91 1704.71 11
1085.80 1706.26 10
1096.57 1705.29 10
1106.95 1705.71 11
1118.58 1705.71 11
1128.27 1706.80 11
1140.83 1705.55 10
1151.75 1704.39 10
1171.51 1705.33 10
1182.56 1703.22 11
1194.59 1703.41 10
1205.03 1704.21 10
1214.06 1704.67 10
1226.52 1703.61 10
1236.99 1704.59 11
1247.16 1705.13 11
1259.58 1704.04 10
1269.60 1702.99 11
1280.77 1704.57 11
1291.11 1706.42 10
1301.19 1706.14 11
1312.68 1705.17 11
1324.20 1707.95 10
1333.43 1703.76 9
1344.17 1704.93 11
1354.09 1705.63 11
1365.37 1706.14 11
1375.97 1704.77 10
1399.11 1705.14 10
965.59 1662.22 11
968.14 1676.22 11
980.04 1677.79 10
990.32 1678.77 10
1001.09 1677.30 10
1012.02 1677.65 11
1023.07 1677.10 11
1034.03 1676.22 10
1044.38 1677.28 10
1055.83 1678.88 10
1065.92 1676.38 11
1074.33 1679.09 10
1086.43 1677.30 10
1097.82 1678.72 10
1106.98 1679.37 11
1117.49 1677.82 11
1128.89 1679.25 10
1142.45 1676.54 11
1150.76 1677.89 10
1162.30 1677.58 10
1173.42 1676.96 11
1183.99 1677.79 10
1193.36 1675.68 11
1204.55 1678.92 11
1213.58 1676.08 10
1224.35 1677.35 10
1234.79 1677.62 10
1261.86 1667.41 11
1259.09 1677.73 10
1269.43 1677.22 11
1281.11 1675.74 11
1289.57 1678.54 10
1301.38 1678.01 10
1312.01 1676.50 10
1324.31 1678.59 10
1331.70 1677.70 11
1344.11 1678.35 11
1353.59 1676.09 10
1364.97 1677.73 11
1377.66 1677.06 10
1385.12 1677.40 11
1396.72 1677.47 11
954.99 1649.67 11
969.02 1649.63 10
979.24 1649.41 11
992.29 1650.04 10
1001.61 1651.09 10
1012.48 1648.99 11
1021.86 1649.15 11
1033.05 1649.81 10
1043.41 1650.82 10
1052.52 1650.03 11
1064.12 1649.15 10
1075.14 1649.65 11
1088.16 1650.43 11
1098.78 1650.27 10
1106.08 1648.79 11
1117.48 1650.98 10
1130.23 1651.56 10
1140.61 1649.45 10
1151.25 1649.57 11
1162.36 1649.77 10
1170.45 1649.37 11
1182.23 1649.94 10
1194.40 1650.40 10
1204.67 1648.74 11
1215.29 1650.24 11
1227.86 1649.65 10
1238.60 1651.69 11
1247.08 1648.91 11
1257.89 1651.52 11
1268.11 1649.44 11
1277.39 1650.03 11
1290.08 1651.43 9
1301.08 1649.52 12
1314.02 1651.04 11
1323.53 1649.90 10
1335.87 1651.42 11
1344.14 1650.74 12
1355.40 1648.73 11
1366.75 1648.63 11
1375.72 1650.71 10
1388.54 1649.40 10
1399.08 1650.73 11
1407.18 1649.69 10
1419.19 1651.22 11
1429.53 1648.78 10
1444.00 1649.53 10
1449.08 1649.11 10
957.17 1622.22 10
968.42 1623.41 11
980.70 1620.92 10
990.14 1624.45 11
1000.93 1623.04 11
1013.24 1620.40 11
1024.46 1623.23 10
1032.95 1622.24 10
1044.62 1622.81 10
1056.05 1624.92 11
1064.53 1622.92 10
1078.07 1621.44 10
1088.00 1620.67 11
1098.53 1621.83 10
1109.08 1621.67 11
1117.07 1622.70 10
1127.87 1621.59 11
1141.24 1622.03 12
1150.90 1622.68 11
1161.87 1625.29 10
1171.90 1624.23 10
1183.71 1622.00 10
1193.40 1621.66 11
1204.24 1622.08 11
1216.03 1622.63 11
1226.81 1623.61 10
1236.48 1623.11 11
1246.45 1623.96 10
1256.63 1624.88 11
1268.22 1622.34 10
1279.47 1622.59 9
1289.83 1622.66 10
1301.35 1622.70 11
1311.53 1622.84 11
1322.54 1622.82 10
1334.45 1621.77 11
1343.66 1622.48 10
1354.30 1620.98 11
1366.32 1622.26 10
1378.58 1624.45 10
1386.71 1624.11 11
1396.68 1624.31 11
1408.22 1621.91 10
1419.72 1624.32 11
1428.81 1622.35 10
957.60 1595.62 10
968.30 1595.35 10
977.90 1595.70 11
997.70 1597.32 10
1011.87 1594.25 11
1023.29 1597.29 10
1036.46 1595.55 11
1044.90 1595.25 10
1056.05 1595.29 11
1063.29 1594.04 11
1074.86 1594.13 10
1084.62 1594.87 10
1101.17 1594.73 10
1107.89 1595.05 10
1120.92 1595.71 10
1129.71 1595.07 10
1142.14 1593.89 10
1150.54 1594.85 10
1162.66 1594.17 10
1172.25 1595.39 10
1181.12 1594.36 11
1192.23 1593.87 11
1204.02 1594.85 11
1215.90 1596.49 11
1225.73 1597.06 11
1238.39 1593.27 11
1247.91 1594.38 10
1259.53 1596.54 10
1268.19 1593.85 10
1281.27 1595.39 10
1302.34 1594.67 11
1310.86 1595.94 11
1321.99 1595.47 10
1335.33 1594.48 11
1344.01 1595.65 10
1355.22 1595.46 10
1364.78 1593.34 10
1377.56 1596.66 11
1383.71 1594.90 11
1399.44 1590.96 11
957.53 1566.39 11
969.81 1568.93 10
979.53 1567.40 11
990.41 1567.05 11
998.79 1569.02 11
1010.92 1567.34 11
1023.16 1569.61 11
1033.16 1570.19 12
1043.25 1566.81 10
1055.58 1568.86 11
1063.80 1567.42 10
1074.69 1566.37 11
1084.45 1566.79 10
1096.46 1569.19 10
1109.61 1566.88 10
1117.71 1568.77 10
1129.02 1568.63 10
1141.34 1568.46 11
1150.14 1568.70 10
1162.12 1567.26 10
1174.38 1566.74 10
1182.97 1567.31 11
1194.97 1568.97 11
1204.88 1567.96 11
1217.89 1568.25 10
1224.58 1567.54 10
1236.74 1567.70 10
1245.49 1565.31 10
1258.45 1568.56 11
1269.86 1567.85 10
1280.24 1570.29 11
1290.30 1567.28 11
1303.43 1569.09 11
1311.62 1568.04 10
1323.76 1569.07 11
1332.55 1566.42 10
1344.49 1568.66 11
1355.65 1567.88 10
1365.79 1566.30 11
1376.80 1567.66 11
1387.05 1566.88 11
1397.12 1567.90 10
1408.04 1566.74 10
1419.02 1568.16 11
1431.52 1568.41 10
957.69 1538.83 11
969.76 1538.47 11
977.61 1538.84 10
992.68 1540.10 11
1000.57 1539.22 11
1010.66 1538.32 11
1022.04 1540.35 10
1031.75 1540.62 10
1045.96 1539.63 10
1053.53 1540.31 11
1065.42 1541.52 10
1076.99 1541.66 11
1087.86 1539.95 11
1097.82 1540.57 11
1106.38 1541.20 10
1121.53 1541.22 10
1131.77 1541.84 11
1139.76 1538.71 10
1151.65 1541.03 11
1164.45 1540.53 11
1170.38 1539.65 10
1182.80 1541.14 10
1205.55 1540.55 11
1215.48 1539.77 10
1224.05 1540.23 10
1233.85 1540.03 10
1247.83 1539.76 11
1256.98 1539.61 11
1268.93 1541.66 11
1280.09 1538.33 10
1289.36 1538.39 11
1300.19 1540.71 11
1309.91 1539.45 11
1322.98 1541.95 11
1333.23 1540.58 10
1343.46 1539.14 11
1353.38 1541.28 11
1363.53 1540.07 10
1376.63 1540.28 10
1386.62 1540.58 10
1398.81 1540.08 10
959.39 1512.75 10
968.99 1511.90 11
979.85 1511.61 10
989.46 1513.34 10
999.87 1511.69 11
1011.20 1512.34 10
1021.81 1512.01 9
1032.80 1512.99 10
1043.53 1512.82 10
1054.43 1512.85 10
1066.52 1511.83 11
1074.83 1511.85 11
1083.70 1513.06 11
1095.52 1511.69 10
1108.69 1516.14 10
1119.89 1512.47 11
1130.47 1512.50 11
1139.56 1511.90 11
1152.64 1511.83 11
1162.58 1512.29 11
1172.87 1512.60 11
1182.72 1512.99 10
1192.58 1512.97 11
1205.22 1512.42 11
1215.49 1511.31 9
1225.85 1514.00 10
1234.14 1513.60 11
1245.69 1513.15 11
1259.64 1512.81 10
1268.71 1513.03 11
1280.07 1514.07 10
1289.72 1512.47 10
1302.41 1513.83 10
1309.56 1514.07 10
1321.87 1512.55 10
1335.09 1512.97 10
1340.11 1513.71 11
1355.20 1512.63 11
1365.32 1511.85 11
1377.63 1513.51 10
1387.79 1510.82 10
1398.69 1512.19 11
1409.10 1512.15 11
959.17 1488.12 10
969.50 1484.24 11
979.22 1484.27 11
990.92 1484.23 11
1000.63 1484.36 10
1013.21 1485.28 11
1022.69 1485.80 11
1031.28 1488.50 12
1043.62 1487.40 10
1052.20 1485.66 10
1066.94 1485.18 10
1077.46 1482.67 11
1085.95 1485.25 10
1094.88 1485.08 11
1107.78 1486.54 11
1120.72 1483.46 10
1130.17 1483.34 11
1141.30 1487.42 10
1151.42 1486.13 11
1161.48 1485.76 10
1173.19 1484.44 11
1181.76 1485.68 10
1192.01 1484.27 11
1205.99 1484.89 10
1214.10 1485.37 12
1226.53 1486.77 11
1225.21 1485.38 10
1248.31 1485.07 11
1257.56 1485.91 10
1269.74 1485.08 11
1281.58 1487.46 11
1290.77 1483.83 11
1299.67 1483.94 10
1311.37 1486.24 11
1322.22 1485.84 10
1332.39 1485.52 11
1343.62 1485.26 10
1354.24 1485.45 11
1366.05 1485.81 10
1375.67 1486.00 11
1385.29 1485.29 11
1397.54 1487.04 10
1408.69 1485.01 10
1420.06 1485.95 10
1430.41 1485.12 11
1439.40 1486.04 11
1451.02 1485.98 10
1460.45 1485.36 11
1473.63 1485.11 10
958.57 1458.07 10
967.81 1458.06 11
979.84 1457.68 10
990.62 1460.00 11
1000.66 1458.59 10
1009.66 1458.09 11
1018.84 1458.86 10
1033.29 1457.24 9
1043.26 1458.80 11
1065.10 1457.90 10
1075.12 1459.82 10
1087.87 1459.08 10
1096.09 1456.98 11
1107.18 1458.71 11
1119.01 1457.66 10
1129.60 1456.96 10
1140.41 1458.12 10
1151.69 1458.41 10
1161.36 1458.44 10
1157.58 1483.58 10
1185.56 1459.56 10
1192.93 1457.76 11
1204.47 1456.89 11
1216.44 1460.31 10
1224.54 1458.79 10
1238.33 1457.81 10
1248.64 1456.85 10
1260.33 1457.72 11
1268.23 1455.99 11
1281.04 1457.19 11
1290.62 1458.95 10
1301.01 1458.40 10
1314.38 1456.82 10
1324.46 1457.54 10
1332.66 1456.77 12
1345.67 1459.03 11
1354.66 1459.07 11
1366.33 1457.63 11
1376.42 1458.40 10
957.88 1429.59 11
969.79 1430.33 11
979.19 1431.80 11
986.29 1431.40 10
1001.59 1431.19 11
1010.99 1429.06 10
1023.11 1429.44 11
1033.31 1429.94 10
1043.23 1430.65 11
1055.29 1428.94 11
1065.56 1432.54 10
1085.32 1428.30 10
1096.33 1431.44 11
1106.90 1432.07 10
1118.88 1431.68 11
1126.74 1431.04 11
1143.42 1430.48 11
1151.04 1429.97 11
1160.68 1431.88 10
1171.20 1430.67 10
1183.63 1429.49 11
1193.72 1429.63 10
1206.30 1432.31 10
1215.67 1430.07 10
1226.61 1431.79 10
1245.60 1430.31 11
1258.04 1430.00 10
1269.65 1429.07 10
1278.73 1429.87 11
1288.35 1432.83 11
1302.58 1432.02 11
1312.79 1431.31 11
1321.72 1431.09 11
1332.68 1430.60 10
1343.15 1430.74 10
1354.55 1429.12 11
1366.24 1431.75 11
1374.71 1429.96 10
1387.92 1431.18 10
