0.268303 0.787610 0.008975
0.273901 0.777873 0.009215
0.279252 0.768047 0.008648
0.284674 0.759888 0.008793
0.291994 0.750118 0.008891
0.297154 0.741244 0.008771
0.304788 0.731470 0.008614
0.313725 0.722946 0.008811
0.320935 0.715213 0.008838
0.329207 0.705464 0.008893
0.339146 0.697261 0.008789
0.349019 0.688299 0.009020
0.358585 0.679471 0.008870
0.368802 0.670903 0.008946
0.378788 0.661944 0.008705
0.388094 0.653326 0.008504
0.399114 0.644795 0.008945
0.410062 0.636143 0.008889
0.418064 0.628063 0.008934
0.430031 0.619702 0.008862
0.439255 0.611566 0.008801
0.449368 0.602700 0.008810
0.459299 0.593220 0.008977
0.467809 0.584515 0.008744
0.476550 0.575659 0.008806
0.483622 0.565865 0.008839
0.491226 0.557571 0.008887
0.498747 0.548640 0.009135
0.504969 0.539228 0.008774
0.511642 0.529448 0.009177
0.515795 0.521156 0.008865
0.520220 0.511935 0.008846
0.525105 0.501202 0.008786
0.528363 0.492411 0.008965
0.532099 0.481673 0.009066
0.534104 0.472272 0.008726
0.537672 0.462599 0.008831
0.540131 0.452206 0.008811
0.542959 0.443785 0.008772
0.544798 0.432861 0.008713
0.547517 0.422132 0.008902
0.551252 0.411865 0.008944
0.252724 0.772258 0.008885
0.258270 0.763161 0.008778
0.262605 0.754350 0.008876
0.269646 0.745094 0.008975
0.276892 0.735009 0.008907
0.283254 0.726221 0.008978
0.290842 0.717369 0.008822
0.299411 0.708700 0.008955
0.307300 0.699732 0.008935
0.315671 0.691090 0.008771
0.326715 0.683038 0.008830
0.336113 0.674099 0.008758
0.345796 0.664782 0.008867
0.356070 0.656657 0.008827
0.366906 0.648103 0.008856
0.376728 0.639323 0.008844
0.388886 0.631272 0.008771
0.396838 0.623598 0.008913
0.408254 0.613859 0.008699
0.418904 0.605712 0.008846
0.427303 0.596318 0.008543
0.436897 0.587321 0.008712
0.446512 0.579402 0.008937
0.454972 0.570356 0.008812
0.461762 0.561500 0.008881
0.469662 0.552249 0.008719
0.478546 0.543659 0.008643
0.483644 0.534767 0.008701
0.489314 0.524068 0.008841
0.495179 0.515131 0.008788
0.498251 0.504492 0.009073
0.503421 0.496491 0.009091
0.506200 0.486064 0.008956
0.509714 0.477550 0.008734
0.521453 0.471162 0.008859
0.515415 0.456489 0.008782
0.519103 0.447348 0.008771
0.521088 0.437040 0.008799
0.524630 0.427354 0.008845
0.526542 0.417731 0.008806
0.528883 0.406662 0.008835
0.226987 0.777272 0.008599
0.232877 0.767508 0.008770
0.235853 0.759112 0.008930
0.241670 0.749398 0.008913
0.247306 0.740313 0.008670
0.254478 0.731257 0.008874
0.262209 0.721360 0.008847
0.269636 0.711758 0.008675
0.277020 0.703884 0.008857
0.285101 0.694835 0.008900
0.294208 0.686407 0.008834
0.303416 0.677922 0.009068
0.313319 0.669297 0.008762
0.324149 0.659918 0.008870
0.334279 0.651393 0.008901
0.343537 0.642936 0.008901
0.356350 0.635131 0.008777
0.364891 0.627247 0.008906
0.375508 0.618074 0.008880
0.386572 0.609313 0.009146
0.395750 0.601135 0.009014
0.406120 0.591933 0.008837
0.416444 0.582978 0.009020
0.423487 0.574581 0.008716
0.432973 0.565731 0.008875
0.447517 0.547412 0.008595
0.454893 0.538401 0.008980
0.460004 0.529943 0.008909
0.467366 0.520400 0.008758
0.472422 0.511307 0.008952
0.477633 0.500738 0.008683
0.481268 0.490708 0.008962
0.484170 0.481241 0.008838
0.488246 0.472581 0.008971
0.491739 0.462209 0.008687
0.492681 0.452570 0.008918
0.496649 0.441375 0.008949
0.498680 0.432258 0.008709
0.500249 0.421794 0.009053
0.504342 0.412464 0.008692
0.507447 0.401678 0.009123
0.214535 0.755157 0.009106
0.218893 0.744202 0.008733
0.223160 0.735124 0.009061
0.231979 0.726811 0.008887
0.237557 0.717548 0.008890
0.247517 0.707919 0.008889
0.254980 0.699588 0.008612
0.263868 0.690492 0.008839
0.270525 0.681613 0.008806
0.282148 0.672644 0.008915
0.291449 0.664497 0.008550
0.300875 0.655635 0.008840
0.313331 0.647493 0.008975
0.322917 0.638191 0.008752
0.333067 0.630271 0.008915
0.341501 0.622514 0.008916
0.355604 0.612643 0.008808
0.363580 0.604451 0.008880
0.373081 0.596428 0.008953
0.384186 0.588050 0.008639
0.392227 0.578236 0.008925
0.401911 0.570196 0.008802
0.410205 0.561388 0.008844
0.418132 0.553705 0.008781
0.424778 0.543052 0.008767
0.432516 0.534288 0.008934
0.439409 0.524019 0.008896
0.445071 0.515690 0.008799
0.448931 0.506256 0.008626
0.452925 0.496109 0.008890
0.457907 0.486374 0.008907
0.461114 0.476678 0.009104
0.465513 0.467201 0.008750
0.468475 0.457038 0.008865
0.471466 0.448228 0.008808
0.472743 0.438000 0.008490
0.477655 0.427532 0.008746
0.478883 0.417341 0.008898
0.481877 0.407827 0.008753
0.483607 0.398826 0.009060
0.163057 0.819153 0.008909
0.167384 0.810586 0.008797
0.169962 0.797631 0.008981
0.172626 0.788762 0.008795
0.177522 0.779019 0.008979
0.181627 0.769760 0.008880
0.184508 0.760560 0.008909
0.190239 0.750240 0.008763
0.194847 0.741468 0.008852
0.202216 0.732006 0.008893
0.207566 0.723331 0.008869
0.216083 0.714343 0.008927
0.232218 0.695388 0.008821
0.240225 0.687548 0.008747
0.250257 0.677957 0.008938
0.258292 0.669547 0.008778
0.268149 0.660629 0.009042
0.279415 0.651392 0.008788
0.288960 0.643797 0.008737
0.300363 0.635365 0.008889
0.308426 0.626264 0.008700
0.320303 0.618463 0.008784
0.331011 0.609181 0.008942
0.340393 0.601639 0.008605
0.349140 0.592798 0.008876
0.359289 0.584217 0.008778
0.369538 0.575192 0.008841
0.379593 0.565272 0.008967
0.386923 0.557884 0.008889
0.395724 0.549003 0.008922
0.401258 0.538995 0.008775
0.408751 0.530693 0.009023
0.414531 0.521263 0.008901
0.421423 0.511848 0.008590
0.425218 0.502955 0.009011
0.430171 0.492713 0.008675
0.434802 0.482887 0.008999
0.439046 0.473227 0.008716
0.440912 0.463922 0.008906
0.444135 0.452374 0.008987
0.447554 0.444572 0.008811
0.450751 0.434512 0.008889
0.451412 0.424440 0.008924
0.456101 0.414901 0.008606
0.458092 0.404329 0.009087
0.461234 0.394940 0.008818
0.132990 0.845095 0.008903
0.134640 0.835533 0.008860
0.138647 0.825118 0.008962
0.141210 0.815851 0.008852
0.145010 0.806008 0.008680
0.147460 0.795826 0.008956
0.151042 0.785833 0.008540
0.154174 0.776565 0.008960
0.157339 0.766458 0.008612
0.162807 0.756745 0.008989
0.167526 0.748105 0.008921
0.172894 0.738385 0.008849
0.178690 0.728643 0.008781
0.184998 0.719458 0.008843
0.192161 0.710368 0.008733
0.199891 0.701145 0.008927
0.207494 0.692432 0.008905
0.215703 0.682835 0.008969
0.227258 0.674672 0.008723
0.235057 0.666349 0.008759
0.244892 0.657487 0.008770
0.256188 0.648756 0.008579
0.263840 0.640391 0.008664
0.276088 0.632283 0.008887
0.286555 0.623952 0.009008
0.296626 0.615962 0.008777
0.306402 0.606347 0.008735
0.316990 0.597484 0.009035
0.327996 0.589560 0.008599
0.335624 0.581723 0.008967
0.345379 0.571842 0.008612
0.355756 0.563331 0.008903
0.360765 0.555172 0.008835
0.369879 0.545614 0.008920
0.379334 0.536921 0.008870
0.385710 0.527049 0.008788
0.391777 0.517712 0.008809
0.398113 0.507983 0.008773
0.402593 0.498958 0.008978
0.411922 0.506911 0.008705
0.411106 0.480165 0.008977
0.417098 0.470410 0.008807
0.420482 0.460634 0.008682
0.420739 0.450319 0.009015
0.425075 0.441206 0.008685
0.428299 0.431030 0.008687
0.429789 0.420337 0.008833
0.433573 0.411226 0.008868
0.434668 0.401397 0.008984
0.437944 0.391475 0.008984
0.123805 0.792084 0.008764
0.128069 0.783214 0.008824
0.130338 0.773703 0.008791
0.132655 0.762955 0.008599
0.138775 0.754130 0.008801
0.143070 0.743729 0.008585
0.149069 0.735365 0.008815
0.154630 0.725809 0.008699
0.161705 0.716773 0.008745
0.169782 0.707423 0.008899
0.176143 0.699394 0.008884
0.185844 0.689028 0.008993
0.193650 0.679536 0.008631
0.203205 0.671966 0.008871
0.211866 0.663115 0.008987
0.220461 0.655149 0.008665
0.232255 0.645711 0.008686
0.241303 0.638179 0.008752
0.251683 0.628875 0.008871
0.264239 0.620337 0.008680
0.272875 0.612450 0.008927
0.283124 0.604125 0.008728
0.293159 0.594796 0.008403
0.302633 0.586101 0.008867
0.313197 0.577743 0.008824
0.322418 0.568632 0.008848
0.331639 0.559791 0.009036
0.341938 0.551799 0.008788
0.347308 0.542372 0.008770
0.355707 0.532651 0.008856
0.361657 0.524028 0.008700
0.367654 0.514923 0.008785
0.374118 0.505776 0.008754
0.378526 0.496197 0.008868
0.383961 0.486856 0.008756
0.387443 0.476891 0.008754
0.390999 0.467161 0.008661
0.393826 0.456716 0.009045
0.399519 0.448087 0.008880
0.400303 0.437894 0.008931
0.402755 0.427931 0.008998
0.409658 0.407926 0.008822
0.410993 0.398084 0.008831
0.413348 0.388018 0.009196
0.119546 0.741379 0.008711
0.125987 0.731735 0.008775
0.131879 0.722958 0.008960
0.137911 0.712713 0.008892
0.146035 0.704099 0.008977
0.152485 0.695129 0.008620
0.159441 0.686286 0.008705
0.169196 0.676709 0.008843
0.179077 0.668412 0.008676
0.188587 0.660738 0.009095
0.196976 0.651923 0.008776
0.208869 0.642421 0.008727
0.217829 0.634419 0.008820
0.229386 0.625201 0.008901
0.240389 0.616548 0.009064
0.250281 0.608975 0.008896
0.260191 0.601020 0.008798
0.273168 0.591130 0.008915
0.278950 0.583816 0.008936
0.288290 0.574738 0.008827
0.299350 0.565609 0.009068
0.306789 0.557062 0.008802
0.321861 0.546036 0.008680
0.323720 0.539461 0.008942
0.330219 0.529887 0.008947
0.339196 0.520698 0.008611
0.346703 0.511622 0.008869
0.350478 0.502306 0.008660
0.356657 0.493570 0.008785
0.360225 0.484026 0.008809
0.364092 0.472709 0.008752
0.369564 0.464073 0.008869
0.371436 0.453610 0.008830
0.374954 0.444715 0.008774
0.377604 0.434851 0.008802
0.380391 0.423863 0.008909
0.383693 0.415068 0.008777
0.386037 0.405212 0.008849
0.387996 0.394422 0.008893
0.389115 0.385382 0.008958
0.076086 0.786485 0.008582
0.079763 0.776106 0.008920
0.083706 0.766041 0.008633
0.088999 0.755404 0.008934
0.093191 0.747271 0.008968
0.096881 0.737472 0.008969
0.102110 0.728341 0.008868
0.108033 0.718913 0.008698
0.114870 0.710161 0.008854
0.122415 0.700495 0.008749
0.129700 0.690865 0.009004
0.138022 0.682728 0.008927
0.147398 0.672815 0.008964
0.157906 0.665210 0.008842
0.163853 0.656239 0.008685
0.175662 0.647943 0.008884
0.184418 0.639655 0.008888
0.196415 0.630554 0.009087
0.205610 0.622557 0.008927
0.215628 0.613743 0.008920
0.227260 0.604691 0.008689
0.237656 0.596239 0.008799
0.246972 0.587756 0.008661
0.255956 0.580279 0.009172
0.267212 0.571011 0.009187
0.276503 0.562232 0.008961
0.284644 0.552821 0.008994
0.291668 0.544367 0.008888
0.301493 0.535367 0.008876
0.307331 0.527194 0.008676
0.315593 0.518287 0.008922
0.322526 0.508138 0.008792
0.328751 0.498092 0.009028
0.336740 0.480103 0.008887
0.339963 0.469375 0.008944
0.345915 0.461335 0.008884
0.349843 0.450022 0.008807
0.353206 0.440035 0.008821
0.355439 0.430544 0.008700
0.358118 0.421135 0.008869
0.359299 0.411772 0.008775
0.363217 0.400342 0.008863
0.365727 0.390930 0.008816
0.368478 0.380853 0.008902
0.045046 0.770256 0.008898
0.058355 0.772228 0.008866
0.061615 0.762106 0.008905
0.064443 0.752401 0.008724
0.069917 0.743028 0.008950
0.074655 0.734006 0.008635
0.079732 0.724052 0.008915
0.087575 0.714020 0.008944
0.093427 0.706143 0.008995
0.098689 0.696944 0.008896
0.107651 0.687188 0.008951
0.116579 0.678512 0.008696
0.124574 0.669159 0.008907
0.131970 0.661622 0.008755
0.142036 0.652264 0.008920
0.152774 0.644029 0.009053
0.163504 0.634581 0.008707
0.172553 0.626683 0.008737
0.183538 0.617526 0.008996
0.193193 0.609186 0.008858
0.204556 0.601136 0.009024
0.214396 0.592083 0.008768
0.223052 0.583591 0.008733
0.234749 0.575581 0.008981
0.244153 0.566663 0.009031
0.253760 0.557999 0.008695
0.263492 0.548763 0.008824
0.271816 0.540716 0.008971
0.277448 0.531012 0.008705
0.286097 0.522049 0.008594
0.292993 0.512941 0.008726
0.300534 0.503224 0.008867
0.304913 0.495212 0.009006
0.311358 0.483948 0.008857
0.318192 0.466192 0.008818
0.323331 0.456503 0.008523
0.326493 0.446157 0.008748
0.330307 0.435850 0.008643
0.334276 0.425899 0.008764
0.334562 0.416602 0.008961
0.337197 0.406887 0.008639
0.341283 0.396291 0.008894
0.341267 0.386379 0.008858
0.343462 0.376848 0.008826
0.261662 0.367382 0.005505
0.266174 0.366445 0.005065
0.272457 0.366505 0.005624
0.277591 0.365165 0.005390
0.281300 0.364707 0.005274
0.286130 0.364428 0.005363
0.291738 0.363747 0.004828
0.296461 0.364778 0.004662
0.301879 0.363320 0.005388
0.307249 0.363646 0.005011
0.311202 0.361785 0.005482
0.316484 0.363263 0.004997
0.322661 0.363402 0.004627
0.325801 0.362522 0.005304
0.331658 0.362593 0.004717
0.337271 0.360889 0.004895
0.342137 0.362865 0.004828
0.347352 0.363225 0.004852
0.351102 0.361769 0.005689
0.363086 0.362865 0.005135
0.367510 0.363020 0.005268
0.373247 0.363963 0.004440
0.377425 0.362831 0.005180
0.382599 0.363073 0.005303
0.388629 0.363253 0.004555
0.391969 0.362515 0.004610
0.398240 0.364215 0.004782
0.402380 0.364654 0.005039
0.408567 0.366835 0.005261
0.413028 0.365799 0.004975
0.417610 0.364140 0.004900
0.423902 0.366042 0.005185
0.428925 0.365009 0.004862
0.432460 0.365889 0.004902
0.438919 0.365717 0.005459
0.442849 0.364900 0.005068
0.449131 0.366518 0.005177
0.453586 0.364875 0.005161
0.459021 0.364830 0.004753
0.464916 0.367688 0.004742
0.468469 0.365249 0.005467
0.256668 0.354027 0.004756
0.261447 0.353419 0.005145
0.266137 0.352868 0.005141
0.271503 0.351470 0.005279
0.276460 0.351539 0.004569
0.286962 0.350389 0.004788
0.292875 0.351976 0.005757
0.297062 0.350240 0.004748
0.301955 0.349317 0.005462
0.305274 0.348116 0.005228
0.312668 0.348277 0.005519
0.317532 0.347697 0.004616
0.322350 0.349012 0.005083
0.327270 0.347095 0.004993
0.331072 0.346680 0.004969
0.337661 0.348496 0.004640
0.342595 0.348670 0.004849
0.346938 0.346942 0.005218
0.352605 0.348194 0.005102
0.359164 0.348873 0.005289
0.362951 0.348378 0.004831
0.367062 0.348637 0.005578
0.378664 0.350226 0.004662
0.377776 0.349003 0.005184
0.383494 0.348972 0.005099
0.388442 0.349386 0.005232
0.395592 0.351157 0.005379
0.397723 0.348073 0.005424
0.403869 0.349882 0.004588
0.408682 0.351176 0.005306
0.414724 0.350863 0.005271
0.419722 0.350883 0.004815
0.425396 0.350152 0.005211
0.428659 0.351026 0.005000
0.434818 0.350624 0.005837
0.439612 0.351841 0.004830
0.444161 0.352061 0.004967
0.448807 0.354393 0.005226
0.453674 0.352779 0.004805
0.460905 0.352429 0.005403
0.465738 0.352478 0.004657
0.469992 0.354614 0.005157
0.474513 0.352722 0.005423
0.479202 0.351435 0.004969
0.484899 0.352617 0.004703
0.491033 0.352340 0.005109
0.495675 0.353164 0.004758
0.252289 0.340839 0.004991
0.257452 0.339888 0.005077
0.261286 0.339585 0.005510
0.266166 0.337836 0.005827
0.272347 0.338444 0.005146
0.276338 0.336786 0.004764
0.281131 0.336624 0.005540
0.287463 0.337015 0.004796
0.293175 0.335589 0.004941
0.297640 0.335680 0.005108
0.303264 0.335000 0.004578
0.307446 0.335258 0.005051
0.312996 0.334432 0.005002
0.316813 0.333795 0.005478
0.323241 0.334784 0.005012
0.327485 0.334322 0.005167
0.333184 0.333934 0.004967
0.336792 0.334600 0.005455
0.342362 0.333533 0.005254
0.348111 0.334386 0.005666
0.353584 0.334947 0.005001
0.359398 0.333916 0.005266
0.363743 0.333498 0.004630
0.368134 0.334722 0.005253
0.374499 0.336287 0.004788
0.378931 0.335314 0.004881
0.384399 0.336116 0.005557
0.389540 0.336958 0.005288
0.392766 0.335802 0.005169
0.398968 0.335478 0.004892
0.403179 0.337288 0.005387
0.410135 0.337599 0.004519
0.415657 0.338256 0.005117
0.419417 0.336591 0.005130
0.424315 0.337929 0.004868
0.429759 0.337452 0.004946
0.435525 0.338530 0.004586
0.439659 0.337436 0.005369
0.446173 0.338831 0.005031
0.450830 0.338799 0.005270
0.454869 0.338700 0.005271
0.246886 0.325545 0.004644
0.252321 0.325445 0.005417
0.258163 0.325566 0.004981
0.263136 0.323893 0.004713
0.268462 0.323703 0.005226
0.273240 0.324044 0.005598
0.278801 0.324135 0.005125
0.283010 0.321841 0.004560
0.288995 0.321619 0.004889
0.293729 0.321611 0.004906
0.298896 0.320189 0.005175
0.304179 0.321288 0.005526
0.308599 0.320773 0.005018
0.312727 0.322072 0.005708
0.318559 0.320278 0.004601
0.325085 0.319436 0.004908
0.333684 0.319438 0.005407
0.339432 0.320930 0.004608
0.345683 0.321362 0.005194
0.349949 0.320777 0.004989
0.355323 0.319681 0.004948
0.362478 0.322126 0.005406
0.364174 0.320256 0.005472
0.370364 0.320109 0.005213
0.375510 0.320747 0.004807
0.380525 0.321491 0.004869
0.386243 0.322313 0.005440
0.390353 0.321551 0.005292
0.395449 0.323604 0.005009
0.399733 0.321303 0.005579
0.405909 0.322759 0.004626
0.411424 0.324063 0.004639
0.417155 0.323049 0.005183
0.421984 0.322704 0.005185
0.425953 0.324846 0.005225
0.431834 0.323517 0.005127
0.435135 0.323812 0.005382
0.440956 0.324812 0.004887
0.447324 0.325716 0.005426
0.244061 0.313140 0.005264
0.248614 0.313618 0.005206
0.254971 0.312004 0.005280
0.259468 0.310986 0.005173
0.265690 0.311947 0.005082
0.269510 0.310105 0.004663
0.276224 0.309484 0.004837
0.279947 0.308691 0.004978
0.286505 0.308289 0.005597
0.290353 0.307758 0.005584
0.294096 0.308208 0.004974
0.300164 0.307855 0.005069
0.306935 0.307953 0.005498
0.309064 0.306172 0.005100
0.316106 0.306845 0.005709
0.321991 0.308652 0.005224
0.326924 0.306841 0.005104
0.331133 0.306609 0.005345
0.336231 0.306195 0.005085
0.339206 0.305097 0.004936
0.344785 0.305322 0.005371
0.351291 0.307679 0.004682
0.357250 0.307098 0.005524
0.361431 0.306328 0.005734
0.366811 0.306376 0.005496
0.372433 0.307715 0.005165
0.377420 0.307110 0.005085
0.384395 0.308189 0.004951
0.388383 0.307614 0.004837
0.393076 0.308539 0.004969
0.398289 0.308950 0.005131
0.403351 0.310016 0.005114
0.407851 0.308589 0.005394
0.412592 0.309544 0.005178
0.419765 0.308549 0.005428
0.422895 0.309632 0.005207
0.427852 0.309380 0.005453
0.433938 0.310700 0.004899
0.439603 0.311914 0.005002
0.444404 0.311272 0.004881
0.448446 0.309158 0.004842
0.453787 0.310931 0.005034
0.458534 0.310134 0.004660
0.241066 0.299192 0.004909
0.246532 0.298164 0.005157
0.251243 0.297602 0.005234
0.256614 0.297056 0.004878
0.260812 0.297816 0.005245
0.266490 0.296724 0.005103
0.271997 0.295408 0.005157
0.277259 0.295991 0.005269
0.282386 0.295091 0.005296
0.288953 0.294022 0.004589
0.292964 0.294720 0.005701
0.296819 0.294675 0.005414
0.302596 0.292661 0.005335
0.309142 0.292818 0.005201
0.312844 0.293047 0.005400
0.317920 0.294373 0.005165
0.324159 0.293325 0.005091
0.328563 0.293641 0.005017
0.332070 0.291698 0.004921
0.338583 0.293258 0.004639
0.341481 0.292398 0.005087
0.348008 0.293055 0.005141
0.353098 0.293355 0.004965
0.358228 0.294239 0.005609
0.364817 0.292172 0.005482
0.368775 0.291451 0.005071
0.374703 0.293755 0.005992
0.378735 0.293180 0.004488
0.384330 0.294643 0.004738
0.389976 0.293468 0.004824
0.394502 0.292803 0.005214
0.399485 0.294267 0.004978
0.405671 0.294688 0.004925
0.409836 0.295575 0.005521
0.414432 0.296471 0.004911
0.425256 0.295465 0.004974
0.432945 0.295517 0.005586
0.436114 0.296093 0.005201
0.442215 0.297304 0.005593
0.445580 0.296497 0.005286
0.451425 0.296033 0.005284
0.237735 0.285688 0.005273
0.244281 0.286823 0.005359
0.253909 0.284506 0.005067
0.257734 0.281719 0.004597
0.263998 0.283386 0.004952
0.268723 0.281402 0.004464
0.272824 0.282688 0.005196
0.278400 0.280858 0.004863
0.284049 0.280403 0.005279
0.290104 0.281179 0.005050
0.295203 0.280522 0.005086
0.300759 0.279415 0.005076
0.304872 0.279243 0.004514
0.309567 0.278643 0.004682
0.314489 0.279835 0.005091
0.319310 0.279769 0.005309
0.324928 0.279004 0.005557
0.329790 0.279558 0.005126
0.336067 0.278727 0.004997
0.341048 0.277387 0.004968
0.344822 0.278682 0.004784
0.351917 0.279418 0.004942
0.356488 0.279816 0.004688
0.360844 0.279527 0.005031
0.366017 0.279338 0.004996
0.371026 0.278711 0.005363
0.377501 0.279764 0.004870
0.383005 0.280619 0.004598
0.385966 0.278721 0.005246
0.392160 0.280012 0.005234
0.397121 0.280801 0.004698
0.401501 0.279555 0.004777
0.409120 0.279709 0.005696
0.413960 0.281010 0.004877
0.418897 0.281957 0.005000
0.423932 0.282898 0.005419
0.428618 0.283434 0.005161
0.433408 0.282260 0.005732
0.437459 0.282735 0.005128
0.444522 0.282723 0.005089
0.449733 0.283298 0.004939
0.455453 0.282742 0.005412
0.460769 0.283312 0.005847
0.463578 0.284013 0.005583
0.469526 0.282919 0.005284
0.235648 0.274261 0.004165
0.241512 0.272184 0.005521
0.246427 0.271668 0.004657
0.251620 0.271447 0.004865
0.256563 0.269756 0.005797
0.261670 0.270796 0.005557
0.266830 0.267703 0.004525
0.272129 0.268140 0.005509
0.276040 0.267697 0.004768
0.283398 0.267677 0.005404
0.287018 0.266311 0.005172
0.292458 0.266868 0.005138
0.296671 0.267272 0.005219
0.302993 0.265983 0.005042
0.308078 0.264892 0.005568
0.312331 0.264652 0.005122
0.318657 0.265003 0.005300
0.323808 0.266379 0.005376
0.330352 0.264279 0.005025
0.333717 0.264693 0.005386
0.338623 0.264847 0.005110
0.343606 0.263755 0.005444
0.347531 0.264879 0.005595
0.354310 0.265950 0.005687
0.360090 0.264858 0.004804
0.365549 0.265057 0.005320
0.369831 0.266176 0.005194
0.374307 0.266232 0.005514
0.379434 0.266193 0.004471
0.385131 0.265639 0.004696
0.390554 0.266245 0.004992
0.395592 0.266982 0.004881
0.399838 0.267054 0.005294
0.406406 0.266631 0.004877
0.410627 0.267140 0.005682
0.420399 0.267827 0.004892
0.427152 0.268939 0.005432
0.431108 0.268088 0.005297
0.437395 0.269235 0.005099
0.235838 0.261690 0.005490
0.238812 0.258881 0.005834
0.241956 0.259170 0.005586
0.249539 0.257311 0.005528
0.254674 0.257530 0.004799
0.259446 0.256472 0.004971
0.264147 0.255704 0.005173
0.268535 0.255046 0.005133
0.273315 0.253962 0.005491
0.279424 0.254534 0.005480
0.284557 0.252774 0.004894
0.288706 0.255030 0.005617
0.295738 0.252581 0.005566
0.301679 0.252338 0.005122
0.306522 0.251716 0.005207
0.309338 0.249979 0.005317
0.316538 0.252848 0.004737
0.321727 0.250891 0.005007
0.324117 0.249905 0.005382
0.331609 0.250992 0.004961
0.337790 0.250364 0.004902
0.341390 0.249973 0.004906
0.346296 0.249508 0.004957
0.351209 0.250452 0.005160
0.358068 0.251910 0.005358
0.362515 0.251112 0.005122
0.369751 0.253081 0.004947
0.372889 0.252587 0.005303
0.379332 0.251274 0.005035
0.380741 0.252236 0.005380
0.389580 0.251123 0.005480
0.393339 0.252286 0.005182
0.398592 0.252999 0.004993
0.403357 0.252631 0.004956
0.407361 0.252251 0.005327
0.413035 0.253939 0.005034
0.419647 0.254420 0.004731
0.424578 0.253376 0.004916
0.429258 0.254352 0.005639
0.435341 0.254243 0.005264
0.440032 0.255159 0.005465
0.445761 0.254562 0.005260
0.450265 0.255146 0.005320
0.455190 0.256728 0.004969
0.460468 0.255531 0.004641
0.230789 0.246876 0.005784
0.236894 0.245715 0.005230
0.241236 0.244642 0.005311
0.247442 0.243832 0.005377
0.252565 0.242980 0.005308
0.258152 0.241492 0.005528
0.263191 0.241544 0.005250
0.266861 0.241984 0.005084
0.274061 0.241313 0.005500
0.279471 0.241595 0.004709
0.282546 0.238067 0.005292
0.288710 0.238632 0.004647
0.292045 0.238619 0.004958
0.297794 0.239023 0.005403
0.303274 0.239548 0.004857
0.309719 0.238948 0.005064
0.314639 0.239181 0.005482
0.319923 0.237669 0.004809
0.324647 0.236356 0.005092
0.329423 0.236492 0.005608
0.336203 0.237466 0.004307
0.339771 0.237333 0.004517
0.344894 0.238771 0.005359
0.350655 0.236486 0.006073
0.355551 0.235991 0.004986
0.360763 0.237556 0.005553
0.366183 0.236856 0.005052
0.371032 0.238734 0.005634
0.375115 0.237444 0.005023
0.381509 0.237152 0.005353
0.388350 0.238206 0.004288
0.391972 0.238549 0.005050
0.396882 0.239032 0.004815
0.401800 0.239702 0.004706
0.405776 0.238295 0.005523
0.416844 0.241627 0.005432
0.427079 0.240526 0.005013
0.434176 0.240282 0.005104
0.438012 0.241124 0.004782
0.444273 0.240126 0.005104
0.447655 0.241385 0.005592
0.453165 0.240022 0.006125
0.458300 0.242031 0.005422
0.464680 0.241438 0.004820
0.469984 0.241387 0.005096
0.231037 0.233156 0.004568
0.235640 0.232476 0.005457
0.239821 0.230942 0.005267
0.244715 0.232159 0.005426
0.250010 0.230146 0.004883
0.256650 0.229204 0.005139
0.261244 0.229339 0.005369
0.265895 0.228135 0.004959
0.271533 0.229227 0.005667
0.277200 0.225989 0.005331
0.281263 0.226614 0.005350
0.287318 0.224270 0.004808
0.291293 0.226501 0.004469
0.297064 0.225508 0.005135
0.301919 0.224321 0.005073
0.307404 0.224544 0.004575
0.313743 0.222413 0.004891
0.317500 0.225624 0.005341
0.322970 0.224196 0.005503
0.328685 0.221254 0.005411
0.333623 0.223090 0.005132
0.338739 0.222766 0.005069
0.343485 0.223245 0.005291
0.350261 0.223626 0.005508
0.354781 0.223313 0.005427
0.361661 0.221924 0.004978
0.365597 0.224126 0.005412
0.369085 0.223575 0.005405
0.373763 0.223497 0.004780
0.379875 0.223072 0.005043
0.384467 0.224244 0.005119
0.390501 0.224724 0.004557
0.394969 0.225695 0.004979
0.400343 0.223680 0.005049
0.405537 0.224717 0.005215
0.411121 0.225455 0.005083
0.415499 0.225813 0.006060
0.421364 0.226011 0.004974
0.426332 0.226971 0.004690
0.431079 0.227001 0.005646
0.436069 0.226586 0.005323
0.441106 0.227095 0.004970
0.447122 0.227704 0.005325
0.228504 0.220048 0.005516
0.232904 0.219635 0.005342
0.239164 0.218776 0.004607
0.243459 0.217934 0.005108
0.249046 0.217533 0.005420
0.252343 0.216019 0.005901
0.258394 0.215710 0.005126
0.264523 0.214976 0.005959
0.269127 0.213590 0.004845
0.274527 0.214002 0.004524
0.280407 0.212912 0.005692
0.283996 0.212296 0.004557
0.290356 0.211869 0.004944
0.294271 0.211952 0.004860
0.300215 0.211017 0.004360
0.306157 0.210461 0.004976
0.311028 0.211702 0.005220
0.316379 0.208193 0.005063
0.322771 0.209738 0.005635
0.327514 0.209566 0.004779
0.332520 0.209456 0.004491
0.336756 0.209869 0.005207
0.341509 0.208521 0.004991
0.346894 0.207642 0.005781
0.351368 0.210290 0.005223
0.361927 0.210440 0.005070
0.366287 0.208848 0.005092
0.372729 0.209605 0.005377
0.376654 0.209735 0.005283
0.382502 0.210534 0.004818
0.387092 0.210697 0.005934
0.394203 0.209650 0.004760
0.398192 0.209884 0.005251
0.402885 0.211247 0.005315
0.408593 0.210445 0.005637
0.413567 0.211496 0.005365
0.418090 0.212000 0.005326
0.423448 0.212106 0.005411
0.430155 0.213182 0.004845
0.435851 0.213490 0.004773
0.439230 0.212353 0.004875
0.226904 0.207179 0.004763
0.230853 0.206366 0.004304
0.236479 0.204569 0.005541
0.242997 0.204505 0.004804
0.245829 0.202993 0.005030
0.253602 0.202893 0.005726
0.255956 0.201751 0.004934
0.263796 0.201242 0.004877
0.267182 0.200262 0.005112
0.272365 0.199962 0.005387
0.277895 0.200321 0.005728
0.282697 0.197786 0.004975
0.287102 0.198867 0.005161
0.293622 0.198232 0.005051
0.298730 0.197127 0.004891
0.303148 0.197294 0.005381
0.308469 0.196207 0.004879
0.313302 0.196156 0.005055
0.319973 0.196354 0.005271
0.324734 0.195170 0.004688
0.330096 0.196079 0.004704
0.334796 0.195115 0.005011
0.339755 0.195584 0.005631
0.345248 0.195451 0.005454
0.350432 0.194856 0.004746
0.355208 0.196236 0.005422
0.360644 0.196171 0.005281
0.365014 0.196480 0.005055
0.370559 0.195901 0.004636
0.376152 0.195912 0.004584
0.382614 0.196544 0.005298
0.386899 0.197298 0.004587
0.390752 0.194610 0.004946
0.396726 0.198238 0.004753
0.400952 0.196119 0.004802
0.406510 0.196174 0.004839
0.412465 0.197880 0.005522
0.417588 0.197777 0.005312
0.423205 0.196206 0.004636
0.426181 0.196770 0.005354
0.433814 0.199783 0.005230
0.437796 0.199824 0.004661
0.443167 0.198590 0.004975
0.448773 0.198977 0.005627
0.453028 0.197946 0.005319
0.457735 0.199373 0.005333
0.464391 0.200816 0.005056
0.223025 0.192567 0.005080
0.229731 0.193090 0.005033
0.239271 0.190660 0.004806
0.244576 0.189980 0.004951
0.249527 0.190279 0.004948
0.254518 0.189207 0.004512
0.261440 0.187141 0.005081
0.265841 0.187733 0.005678
0.270180 0.187478 0.005270
0.277638 0.185920 0.005031
0.280333 0.186176 0.004308
0.286274 0.185062 0.005728
0.291894 0.183714 0.005506
0.296931 0.183919 0.004721
0.301474 0.182488 0.005236
0.307892 0.183060 0.004755
0.311870 0.183442 0.005566
0.316971 0.181283 0.005382
0.322763 0.182019 0.004723
0.326817 0.182458 0.005109
0.331500 0.182372 0.005230
0.337495 0.182013 0.004874
0.343781 0.181379 0.005811
0.348385 0.182534 0.005042
0.352232 0.180659 0.005185
0.358721 0.181587 0.004682
0.363464 0.182226 0.005182
0.369495 0.182215 0.005066
0.373289 0.180649 0.004896
0.379021 0.181963 0.005171
0.384305 0.181854 0.004756
0.389798 0.182378 0.004569
0.394165 0.182312 0.005397
0.399881 0.182692 0.005168
0.404188 0.184233 0.005292
0.411912 0.183674 0.005800
0.415337 0.183183 0.005384
0.419095 0.184782 0.004334
0.424019 0.182682 0.005365
0.222283 0.181134 0.004366
0.229574 0.179640 0.005013
0.231498 0.178198 0.005576
0.237969 0.178291 0.005116
0.242705 0.176616 0.004486
0.247349 0.176140 0.004862
0.254252 0.174792 0.005167
0.257570 0.175229 0.005114
0.263394 0.174156 0.005019
0.269176 0.173372 0.004491
0.273390 0.172996 0.004920
0.278345 0.171259 0.004651
0.283975 0.170665 0.004942
0.289557 0.170841 0.005441
0.293334 0.169445 0.005053
0.297144 0.171118 0.005061
0.305490 0.168747 0.004782
0.310713 0.170285 0.004469
0.314182 0.167545 0.005129
0.319389 0.168256 0.004545
0.324878 0.167902 0.005701
0.331609 0.167817 0.005649
0.334237 0.167366 0.004989
0.341687 0.168131 0.005164
0.344746 0.167728 0.005000
0.350706 0.166784 0.005476
0.355117 0.167687 0.005184
0.361967 0.169113 0.005124
0.368630 0.169755 0.004895
0.371944 0.167308 0.004609
0.377266 0.168688 0.005227
0.381957 0.168331 0.004823
0.387005 0.167604 0.004945
0.389663 0.168763 0.005625
0.398098 0.168235 0.005140
0.402842 0.169116 0.005047
0.407400 0.168936 0.005206
0.413024 0.170027 0.004288
0.417647 0.169101 0.004414
0.423022 0.170157 0.004275
0.427010 0.168682 0.005227
0.434560 0.170394 0.004616
0.437348 0.172216 0.004568
0.441986 0.169568 0.004704
0.447419 0.171165 0.005026
0.452871 0.171107 0.005295
0.458070 0.170639 0.005479
0.219397 0.166908 0.005258
0.224884 0.165903 0.005295
0.230835 0.165814 0.004529
0.235699 0.165868 0.005342
0.238915 0.162702 0.004855
0.245931 0.163571 0.005038
0.251541 0.162791 0.005454
0.256573 0.162701 0.005300
0.262333 0.160925 0.005205
0.266729 0.159157 0.005838
0.272037 0.159845 0.005742
0.273915 0.158049 0.005521
0.281308 0.158956 0.004943
0.286013 0.157674 0.005207
0.292229 0.157544 0.005085
0.296829 0.155314 0.005155
0.301389 0.155206 0.004677
0.306986 0.155072 0.005022
0.312566 0.155759 0.005332
0.315840 0.153557 0.005147
0.323800 0.154340 0.004697
0.326337 0.154707 0.005289
0.331304 0.154303 0.004705
0.338008 0.153940 0.005993
0.342631 0.154270 0.005539
0.348386 0.153853 0.004945
0.352437 0.153288 0.004899
0.357788 0.154172 0.004475
0.364409 0.154296 0.005327
0.368447 0.153965 0.005397
0.373374 0.153553 0.004865
0.379226 0.154212 0.005480
0.383419 0.154138 0.005242
0.388394 0.153646 0.005692
0.393050 0.153930 0.004998
0.398507 0.152588 0.005022
0.404265 0.155802 0.005217
0.409437 0.154954 0.005255
0.413420 0.155601 0.004872
0.419926 0.156676 0.004622
0.423880 0.154358 0.005252
0.427112 0.152518 0.005086
0.216355 0.153813 0.005514
0.222176 0.153469 0.005213
0.228782 0.151651 0.005083
0.231754 0.150042 0.004868
0.236540 0.150974 0.005474
0.242614 0.148121 0.005049
0.246996 0.147784 0.005247
0.252437 0.148530 0.004994
0.258676 0.146741 0.004611
0.263247 0.147747 0.005029
0.267297 0.145678 0.005389
0.272597 0.144900 0.005183
0.278903 0.144105 0.005152
0.283836 0.143729 0.004957
0.287934 0.143292 0.004719
0.294103 0.142278 0.005448
0.299327 0.143261 0.004960
0.304636 0.143229 0.005651
0.308748 0.141293 0.004585
0.314877 0.140747 0.004725
0.318208 0.141257 0.005417
0.324671 0.140175 0.005220
0.328768 0.141403 0.005239
0.333903 0.138939 0.004895
0.338584 0.139566 0.005146
0.344914 0.139967 0.005042
0.350915 0.139649 0.005028
0.354034 0.140941 0.004807
0.359466 0.139728 0.004898
0.364042 0.138891 0.005502
0.370578 0.139980 0.005595
0.376776 0.140917 0.004945
0.379438 0.140907 0.005252
0.385041 0.140055 0.004366
0.390704 0.142045 0.005281
0.398286 0.141594 0.005027
0.401462 0.141282 0.004669
0.405766 0.140709 0.005478
0.411213 0.141385 0.005110
0.417201 0.142642 0.004821
0.426183 0.137808 0.005338
0.430621 0.138900 0.005502
0.436380 0.142268 0.005251
0.441742 0.142617 0.004924
0.446468 0.142834 0.005246
0.453210 0.143331 0.004782
0.457211 0.143445 0.005544
0.462907 0.144828 0.004973
0.467748 0.144325 0.005071
0.012829 0.472909 0.006203
0.013375 0.481615 0.007236
0.014659 0.499228 0.007080
0.014594 0.506657 0.007036
0.013939 0.515544 0.007509
0.014791 0.523727 0.005649
0.014673 0.532877 0.006092
0.015151 0.539679 0.006019
0.015515 0.548568 0.006661
0.015292 0.558249 0.006814
0.015813 0.565350 0.006164
0.016271 0.574203 0.006499
0.016705 0.583256 0.006769
0.016531 0.590088 0.006825
0.017878 0.599278 0.007488
0.016866 0.606803 0.006558
0.017635 0.615194 0.007101
0.017080 0.624291 0.007112
0.018267 0.632430 0.007291
0.018092 0.640849 0.007055
0.017786 0.649385 0.007865
0.018353 0.657493 0.005956
0.019278 0.665875 0.005909
0.019186 0.674762 0.006849
0.019083 0.682404 0.008339
0.019983 0.691139 0.007154
0.019558 0.700072 0.007192
0.020163 0.708550 0.007000
0.020375 0.716788 0.007283
0.019921 0.725266 0.006646
0.019948 0.733508 0.006537
0.021146 0.742387 0.007313
0.021108 0.750136 0.007353
0.021247 0.758521 0.006862
0.021698 0.766880 0.007645
0.021945 0.775353 0.006763
0.022101 0.784868 0.007626
0.021381 0.791979 0.006625
0.022602 0.801141 0.006240
0.022175 0.810080 0.006891
0.022886 0.817634 0.006478
0.023295 0.825746 0.006520
0.024055 0.834888 0.006434
0.023436 0.842192 0.007492
0.024602 0.851339 0.007301
0.024537 0.859274 0.007228
0.024982 0.867708 0.006897
0.024200 0.875827 0.007543
0.024604 0.885106 0.006729
0.445081 0.946775 0.005031
0.450551 0.947762 0.005146
0.455736 0.946093 0.004993
0.460812 0.946218 0.005037
0.466688 0.946124 0.004835
0.470995 0.947091 0.005194
0.474829 0.947023 0.004813
0.480731 0.946325 0.005428
0.485867 0.946288 0.005032
0.491615 0.946500 0.005269
0.495273 0.947609 0.005091
0.499336 0.947052 0.005236
0.506489 0.947226 0.004880
0.510919 0.945739 0.005144
0.514967 0.947315 0.005219
0.520773 0.946371 0.005190
0.525523 0.947042 0.005776
0.530708 0.946482 0.005289
0.535174 0.946707 0.005282
0.540865 0.947056 0.004937
0.545503 0.946166 0.005084
0.550241 0.947220 0.005255
0.555313 0.947047 0.005352
0.558899 0.946741 0.005149
0.564335 0.946763 0.005366
0.571564 0.946432 0.005110
0.574689 0.946913 0.004885
0.580832 0.946103 0.004899
0.585821 0.946200 0.005093
0.590340 0.946130 0.004948
0.595402 0.945836 0.005326
0.599813 0.947267 0.005200
0.605641 0.946478 0.005125
0.609969 0.947462 0.004899
0.616284 0.945974 0.005359
0.620083 0.945881 0.005019
0.625896 0.946333 0.004899
0.630045 0.947493 0.004957
0.634793 0.946602 0.005060
0.639509 0.946736 0.005234
0.645918 0.946568 0.004721
0.650853 0.946600 0.005197
0.655214 0.946883 0.005315
0.445404 0.933694 0.004989
0.451101 0.933830 0.004831
0.456492 0.933606 0.005159
0.461327 0.933478 0.005260
0.465509 0.934105 0.005316
0.470586 0.933547 0.005662
0.476351 0.933158 0.004877
0.481662 0.933859 0.005155
0.485316 0.934137 0.005136
0.490486 0.932895 0.005252
0.495328 0.933938 0.005260
0.501140 0.934270 0.005424
0.504682 0.933815 0.005206
0.509759 0.934183 0.005094
0.514310 0.933256 0.005343
0.520063 0.933891 0.004986
0.525480 0.934026 0.004727
0.531266 0.933699 0.005227
0.535380 0.933355 0.004766
0.540165 0.933661 0.004819
0.545429 0.934328 0.005426
0.551198 0.934470 0.005139
0.555703 0.934479 0.005206
0.560956 0.934696 0.005306
0.564722 0.933770 0.004955
0.569530 0.933616 0.004988
0.576273 0.933855 0.005414
0.580658 0.934039 0.005255
0.585797 0.934208 0.004831
0.590906 0.933961 0.005253
0.596218 0.932956 0.005128
0.601245 0.934034 0.005193
0.609841 0.926996 0.004916
0.611232 0.934104 0.005374
0.616052 0.933453 0.005633
0.620507 0.933279 0.005328
0.625507 0.934999 0.004660
0.630504 0.933749 0.004903
0.634903 0.933698 0.005311
0.640478 0.933463 0.005063
0.644632 0.933738 0.005289
0.650789 0.933797 0.005116
0.660616 0.934643 0.005281
0.663525 0.934344 0.005412
0.670566 0.933590 0.005182
0.445196 0.920882 0.005090
0.456272 0.921045 0.005327
0.461113 0.920928 0.005413
0.465611 0.921052 0.005242
0.471062 0.920210 0.005139
0.475207 0.920346 0.005483
0.480284 0.920946 0.005052
0.485166 0.920554 0.005413
0.490677 0.921830 0.005463
0.495272 0.922006 0.004904
0.499972 0.920354 0.005450
0.505608 0.920665 0.005115
0.510573 0.920142 0.005196
0.515378 0.921479 0.005263
0.519839 0.921218 0.005159
0.525539 0.921314 0.005103
0.530474 0.920941 0.005081
0.535348 0.921408 0.004699
0.541044 0.921968 0.004959
0.545670 0.919935 0.005331
0.550664 0.921689 0.005247
0.555668 0.921010 0.005089
0.560946 0.921168 0.005009
0.564824 0.921093 0.004758
0.570685 0.921115 0.005298
0.574940 0.920817 0.005257
0.580326 0.920862 0.004968
0.585788 0.921124 0.004777
0.590367 0.921387 0.005400
0.595638 0.921214 0.005180
0.601269 0.921551 0.005353
0.606660 0.920360 0.005149
0.609318 0.921364 0.005222
0.615246 0.921072 0.004978
0.620561 0.921207 0.004860
0.624497 0.921122 0.004625
0.630659 0.921213 0.005100
0.634995 0.920707 0.005413
0.640752 0.920465 0.005316
0.645348 0.920629 0.005038
0.650527 0.920901 0.005065
0.645908 0.922162 0.005389
0.660455 0.921069 0.004984
0.665340 0.920892 0.004746
0.670841 0.921921 0.005375
0.675677 0.921355 0.005644
0.680564 0.920996 0.005018
0.685569 0.919709 0.005339
0.446362 0.908051 0.004635
0.450896 0.908091 0.005132
0.456171 0.907308 0.004701
0.460834 0.908099 0.004940
0.463794 0.908401 0.005053
0.470925 0.908487 0.005048
0.475936 0.908857 0.005114
0.479606 0.908737 0.004851
0.486570 0.907424 0.005370
0.490741 0.907236 0.005150
0.495831 0.908937 0.004949
0.501331 0.908649 0.005551
0.505928 0.908716 0.005090
0.515834 0.908339 0.004872
0.521256 0.908271 0.004840
0.526061 0.908235 0.005265
0.530701 0.908472 0.005031
0.535821 0.908601 0.005165
0.540977 0.908771 0.005284
0.545864 0.908030 0.005078
0.551575 0.907684 0.004959
0.554888 0.908695 0.005170
0.560694 0.908854 0.005264
0.565797 0.908145 0.005352
0.570930 0.908088 0.005066
0.575043 0.909189 0.004980
0.579310 0.907677 0.004914
0.586507 0.907902 0.005447
0.590610 0.907976 0.005109
0.595249 0.908107 0.005563
0.600662 0.907905 0.005068
0.610127 0.909033 0.005166
0.615083 0.908328 0.005026
0.620643 0.907874 0.005102
0.625509 0.908895 0.005235
0.630549 0.908171 0.004997
0.634274 0.908408 0.005305
0.640591 0.908717 0.005058
0.645618 0.908326 0.005193
0.649607 0.908028 0.005054
0.655762 0.907988 0.005306
0.660147 0.907784 0.005423
0.665348 0.908592 0.005604
0.670747 0.908185 0.004916
0.675009 0.908028 0.004960
0.680664 0.908351 0.004727
0.445807 0.895296 0.005057
0.450839 0.895362 0.005332
0.455955 0.895936 0.005300
0.459676 0.894468 0.004929
0.465742 0.896230 0.005286
0.471502 0.894902 0.005308
0.475586 0.895313 0.005272
0.480936 0.895964 0.004781
0.487000 0.895372 0.005586
0.491331 0.895939 0.004860
0.495343 0.895300 0.005269
0.501378 0.895853 0.005012
0.505716 0.895964 0.005216
0.510702 0.896688 0.005188
0.515848 0.895286 0.005213
0.520398 0.895703 0.004769
0.525250 0.894950 0.004851
0.530587 0.894911 0.005291
0.535391 0.896232 0.005020
0.539496 0.895110 0.005127
0.545395 0.895825 0.005261
0.550594 0.895690 0.005045
0.554669 0.895139 0.005182
0.559700 0.895536 0.004999
0.564961 0.894743 0.005397
0.570534 0.895153 0.005079
0.575204 0.895589 0.005491
0.581158 0.895894 0.005163
0.585565 0.895717 0.005181
0.590582 0.894818 0.004991
0.594603 0.895557 0.005422
0.600938 0.895648 0.005352
0.605391 0.895678 0.005195
0.610141 0.895869 0.004758
0.615721 0.896057 0.005478
0.621262 0.896201 0.004922
0.624643 0.894822 0.005116
0.630173 0.895706 0.005437
0.636124 0.895670 0.005182
0.641150 0.895961 0.005183
0.645544 0.895074 0.005140
0.651495 0.895546 0.005423
0.655688 0.896259 0.005200
0.445358 0.882572 0.005276
0.450119 0.882539 0.004895
0.455671 0.883041 0.005148
0.460165 0.882444 0.004856
0.465211 0.883611 0.005411
0.471058 0.882357 0.005488
0.475466 0.882547 0.005408
0.480566 0.883021 0.005083
0.485305 0.883302 0.004691
0.491944 0.883245 0.005015
0.495691 0.883922 0.005205
0.500484 0.882199 0.005013
0.505783 0.882948 0.005047
0.510820 0.883073 0.005232
0.515408 0.882640 0.005165
0.521207 0.876200 0.005171
0.525981 0.882379 0.005319
0.530298 0.882348 0.004738
0.535994 0.882783 0.005590
0.540567 0.882647 0.004852
0.546047 0.883583 0.004768
0.550460 0.882695 0.005068
0.555819 0.882819 0.005552
0.560018 0.882832 0.005111
0.565823 0.881931 0.005097
0.570739 0.882925 0.005286
0.575238 0.883256 0.005092
0.580813 0.883249 0.005231
0.584547 0.882306 0.005108
0.591392 0.882881 0.005166
0.594077 0.882593 0.005071
0.600956 0.883097 0.005050
0.605396 0.881902 0.005341
0.610707 0.882800 0.005256
0.614781 0.882852 0.004923
0.620366 0.883643 0.004845
0.626228 0.881957 0.004898
0.630669 0.883293 0.005087
0.635231 0.882884 0.005337
0.639870 0.882891 0.005070
0.445908 0.870254 0.004707
0.449653 0.869442 0.005051
0.456019 0.870116 0.005094
0.460850 0.870798 0.005064
0.466151 0.869803 0.005158
0.470396 0.870647 0.005465
0.475475 0.869853 0.004991
0.480600 0.869531 0.004768
0.486230 0.870323 0.005342
0.489551 0.870220 0.005156
0.496250 0.869654 0.005055
0.499627 0.870942 0.005563
0.506264 0.869499 0.005173
0.509864 0.870333 0.004944
0.514685 0.869808 0.005323
0.521268 0.869904 0.005015
0.526034 0.869778 0.005122
0.531409 0.870537 0.005060
0.534855 0.870231 0.005244
0.540599 0.870341 0.005008
0.546915 0.870864 0.005276
0.551169 0.870249 0.005202
0.555848 0.870050 0.004984
0.560155 0.868969 0.005586
0.566746 0.869814 0.004879
0.570312 0.870590 0.004766
0.576007 0.869443 0.005114
0.580432 0.869895 0.005227
0.585043 0.869458 0.004916
0.591142 0.870456 0.004792
0.595772 0.870273 0.005310
0.600945 0.870102 0.005268
0.605205 0.870059 0.005001
0.610741 0.869966 0.005156
0.615902 0.869980 0.004845
0.620527 0.869952 0.004925
0.624920 0.869783 0.005130
0.629999 0.869924 0.005207
0.636028 0.869306 0.005256
0.640444 0.869647 0.005259
0.646385 0.870349 0.005316
0.650451 0.869927 0.005006
0.655120 0.870198 0.005286
0.659561 0.870172 0.004654
0.665367 0.871186 0.005451
0.671061 0.870747 0.005578
0.675892 0.870149 0.005345
0.680452 0.869909 0.005216
0.685805 0.869597 0.005194
0.691041 0.870015 0.005185
0.445316 0.858238 0.005137
0.450286 0.857182 0.004879
0.455938 0.857359 0.004952
0.459841 0.857352 0.005392
0.465307 0.857351 0.004861
0.470257 0.857042 0.004704
0.476023 0.858233 0.005035
0.479755 0.857327 0.005458
0.485311 0.857275 0.004956
0.491424 0.856405 0.005152
0.494320 0.856976 0.005234
0.499910 0.857206 0.005090
0.505822 0.858306 0.005129
0.511788 0.857688 0.005470
0.514700 0.857667 0.004850
0.520587 0.857194 0.004621
0.525652 0.856863 0.005084
0.531180 0.857608 0.005416
0.535449 0.857381 0.004898
0.540851 0.858021 0.004981
0.546553 0.858110 0.005096
0.550250 0.856818 0.005119
0.555761 0.856680 0.004985
0.561493 0.857294 0.005539
0.565467 0.856715 0.005153
0.571114 0.856963 0.004971
0.575568 0.857581 0.005432
0.580444 0.856773 0.004943
0.586150 0.856979 0.005318
0.591119 0.857956 0.005138
0.595909 0.856988 0.004888
0.600807 0.857419 0.005555
0.605511 0.856447 0.005005
0.610822 0.857360 0.005054
0.616762 0.856828 0.005174
0.619919 0.856385 0.005304
0.626237 0.857441 0.005436
0.629714 0.856737 0.005565
0.636081 0.857259 0.005274
0.641014 0.856920 0.004689
0.445799 0.845139 0.005067
0.450442 0.844812 0.004699
0.455870 0.844723 0.005467
0.460642 0.845221 0.005176
0.465594 0.844767 0.005365
0.470545 0.844721 0.005297
0.476142 0.843378 0.005268
0.480493 0.843879 0.005368
0.485789 0.844969 0.005101
0.490308 0.844509 0.005076
0.494906 0.844842 0.005172
0.501584 0.844362 0.005322
0.504691 0.844650 0.004813
0.510738 0.845159 0.005133
0.515748 0.843841 0.005416
0.520362 0.844033 0.004716
0.525931 0.845126 0.005059
0.531134 0.843903 0.004913
0.535440 0.843941 0.005236
0.541520 0.845713 0.004872
0.545695 0.844034 0.004979
0.550348 0.844323 0.005347
0.554378 0.844905 0.004760
0.560489 0.845167 0.005346
0.565567 0.844081 0.005665
0.570008 0.844464 0.005214
0.576407 0.845331 0.005189
0.580660 0.845761 0.004953
0.585072 0.844482 0.005248
0.590770 0.844328 0.004813
0.595280 0.845246 0.005129
0.600494 0.844153 0.005420
0.603491 0.844133 0.005160
0.610634 0.844750 0.004845
0.615820 0.844369 0.004961
0.619745 0.843592 0.005146
0.625762 0.843939 0.005185
0.630217 0.844190 0.005306
0.634871 0.844371 0.005523
0.639947 0.844611 0.004990
0.645131 0.845056 0.005318
0.650922 0.843899 0.004930
0.655420 0.845528 0.005004
0.660279 0.844578 0.005141
0.663953 0.844159 0.004865
0.672269 0.844134 0.005174
0.675780 0.843936 0.004958
0.680361 0.844020 0.005300
0.685048 0.843929 0.005370
0.689506 0.844441 0.005079
0.445377 0.830644 0.005342
0.450567 0.832161 0.005308
0.455728 0.830829 0.004697
0.460589 0.832077 0.005310
0.466056 0.831667 0.005537
0.472023 0.831667 0.004924
0.475693 0.832113 0.005302
0.480616 0.831631 0.004936
0.484900 0.832448 0.004995
0.490463 0.831560 0.005386
0.495851 0.831310 0.004975
0.499984 0.831614 0.005176
0.504747 0.831159 0.005467
0.510807 0.831905 0.005047
0.515689 0.831848 0.005337
0.520775 0.831306 0.004744
0.525279 0.831563 0.005037
0.529490 0.831360 0.005407
0.535058 0.832198 0.005314
0.540693 0.831245 0.004998
0.545203 0.831477 0.004841
0.550693 0.831213 0.005484
0.555076 0.831915 0.005184
0.561112 0.830891 0.005528
0.565950 0.830886 0.005267
0.569939 0.831562 0.005154
0.575954 0.832073 0.005202
0.580923 0.831129 0.004731
0.586388 0.830633 0.005226
0.591575 0.831875 0.005139
0.595698 0.831467 0.005205
0.600674 0.831405 0.004729
0.605708 0.831407 0.005284
0.610939 0.831173 0.005066
0.615016 0.832576 0.005162
0.620268 0.831253 0.005132
0.625336 0.831366 0.004599
0.629874 0.830297 0.005088
0.635388 0.832245 0.004813
0.640815 0.830834 0.005031
0.645659 0.831229 0.005291
0.650659 0.831561 0.004834
0.655731 0.831968 0.004903
0.660679 0.831907 0.005414
0.665931 0.831479 0.004861
0.669304 0.831917 0.005053
0.675818 0.831192 0.005515
0.446527 0.818683 0.005150
0.450847 0.818893 0.004825
0.456083 0.818211 0.004918
0.459183 0.819069 0.005063
0.465299 0.819126 0.005132
0.472172 0.819011 0.005421
0.480645 0.819511 0.004927
0.486083 0.818963 0.005245
0.490885 0.819198 0.005131
0.494943 0.819172 0.005297
0.501408 0.818992 0.004840
0.504999 0.819465 0.005273
0.509487 0.819343 0.005286
0.515058 0.818605 0.004890
0.520921 0.818850 0.005388
0.526094 0.818812 0.004974
0.530649 0.818978 0.004993
0.535456 0.818059 0.004989
0.540264 0.819604 0.005278
0.544670 0.818950 0.005278
0.550947 0.819748 0.004974
0.556370 0.820214 0.005403
0.560054 0.819229 0.005340
0.565240 0.819700 0.004956
0.570916 0.818850 0.005023
0.574458 0.818573 0.004724
0.580566 0.819311 0.005164
0.589522 0.818728 0.005413
0.594763 0.819241 0.005202
0.600449 0.818850 0.005078
0.606378 0.820274 0.004720
0.609776 0.818130 0.005165
0.615968 0.818496 0.005179
0.618089 0.823206 0.005208
0.626347 0.819090 0.005512
0.631047 0.818763 0.005103
0.634939 0.818993 0.005248
0.641431 0.819108 0.004928
0.645294 0.819567 0.005233
0.650492 0.819298 0.004901
0.654495 0.818775 0.004988
0.445617 0.806561 0.005218
0.450129 0.806543 0.005378
0.455934 0.805878 0.004945
0.461261 0.805991 0.005105
0.465248 0.806503 0.004574
0.470446 0.806170 0.005304
0.475493 0.805866 0.005407
0.480997 0.806440 0.005006
0.486084 0.806594 0.005195
0.490760 0.806002 0.005006
0.495489 0.805932 0.004952
0.500844 0.805702 0.005256
0.504835 0.806715 0.005245
0.511282 0.806165 0.005019
0.515306 0.805927 0.004769
0.520729 0.807242 0.004763
0.525164 0.805426 0.004632
0.531078 0.806112 0.005113
0.535919 0.805858 0.005317
0.540454 0.805871 0.004812
0.545654 0.806932 0.004944
0.551197 0.806077 0.005042
0.556044 0.806728 0.005313
0.560871 0.804753 0.004886
0.565555 0.805395 0.005082
0.569735 0.806340 0.005196
0.575563 0.805811 0.005298
0.580036 0.806279 0.005119
0.585594 0.806198 0.005071
0.590378 0.806016 0.005398
0.595994 0.806009 0.005208
0.600309 0.806605 0.005425
0.605261 0.806045 0.005006
0.610398 0.805931 0.005246
0.615250 0.805687 0.005339
0.620105 0.805927 0.005013
0.624055 0.805656 0.005249
0.630617 0.805994 0.005044
0.636209 0.806116 0.005053
0.640847 0.805168 0.005086
0.645512 0.806177 0.004912
0.655929 0.805501 0.005109
0.660396 0.806130 0.004871
0.664756 0.806195 0.005166
0.671267 0.806954 0.005100
0.676103 0.806172 0.005050
0.446372 0.792915 0.005247
0.451540 0.794779 0.005157
0.456591 0.793441 0.005404
0.460076 0.793610 0.005159
0.466285 0.792441 0.004762
0.470617 0.793885 0.005013
0.476248 0.793686 0.004989
0.480716 0.793155 0.005053
0.484646 0.793288 0.005362
0.490894 0.794283 0.005331
0.496522 0.793289 0.005612
0.500192 0.793258 0.005287
0.505257 0.793978 0.004859
0.510269 0.793529 0.004720
0.515101 0.793723 0.005241
0.520510 0.793722 0.005176
0.525021 0.794232 0.005331
0.530867 0.793647 0.005106
0.535945 0.793109 0.004819
0.545141 0.793548 0.004804
0.550283 0.792563 0.005132
0.555880 0.792652 0.004988
0.560740 0.793023 0.004975
0.564943 0.793238 0.005037
0.570739 0.792744 0.004975
0.575612 0.793199 0.005531
0.580342 0.793454 0.005134
0.586123 0.792948 0.004868
0.590788 0.792458 0.005324
0.595982 0.793192 0.005153
0.600794 0.794055 0.004934
0.605487 0.793923 0.005261
0.610835 0.793471 0.005302
0.616195 0.794765 0.004870
0.620488 0.792815 0.004573
0.625487 0.793359 0.005161
0.630103 0.793686 0.005236
0.635351 0.793922 0.005210
0.640284 0.793286 0.004829
0.651051 0.793459 0.005021
0.449319 0.773485 0.005493
0.450505 0.780001 0.005378
0.456047 0.780729 0.004761
0.460827 0.781186 0.005092
0.465841 0.780500 0.004835
0.470927 0.780664 0.005151
0.476066 0.780411 0.005271
0.481170 0.779998 0.005070
0.485983 0.780495 0.004988
0.491310 0.781240 0.004958
0.496005 0.780075 0.005322
0.499922 0.781336 0.004900
0.505549 0.780501 0.004820
0.510854 0.781161 0.005060
0.515116 0.781466 0.005207
0.520004 0.780744 0.005341
0.525310 0.781411 0.004866
0.531621 0.780148 0.005193
0.535486 0.780778 0.005067
0.540855 0.780635 0.004979
0.546032 0.780344 0.005148
0.550948 0.780730 0.004853
0.555309 0.779748 0.005342
0.560516 0.781258 0.005274
0.564717 0.779935 0.005110
0.569730 0.780524 0.005062
0.574587 0.780653 0.004722
0.587186 0.775902 0.005251
0.585898 0.780703 0.004828
0.590707 0.780467 0.005198
0.596141 0.779777 0.005353
0.600080 0.781081 0.005030
0.605575 0.780834 0.004808
0.610521 0.780132 0.004851
0.616247 0.781104 0.004914
0.619686 0.780690 0.005406
0.625457 0.780991 0.005207
0.629871 0.779938 0.004809
0.635166 0.780704 0.005205
0.641072 0.780390 0.005064
0.644543 0.780551 0.005166
0.649941 0.780579 0.005327
0.444387 0.767645 0.005264
0.450915 0.767628 0.004761
0.455671 0.767526 0.005137
0.461746 0.767820 0.004851
0.466084 0.768308 0.005082
0.471139 0.767330 0.005374
0.475504 0.767405 0.005539
0.480711 0.767708 0.004795
0.485532 0.768182 0.004942
0.489773 0.767813 0.005287
0.495170 0.767405 0.005015
0.500298 0.767637 0.005402
0.506359 0.768001 0.005236
0.511296 0.767926 0.005111
0.514695 0.767235 0.005229
0.519998 0.768257 0.005089
0.525931 0.768524 0.004979
0.530764 0.767542 0.005107
0.535715 0.767599 0.005157
0.540882 0.767690 0.005068
0.544651 0.767507 0.005134
0.550128 0.767771 0.005049
0.555791 0.767983 0.004901
0.560573 0.767211 0.005376
0.565514 0.767911 0.005161
0.571363 0.767634 0.005117
0.576359 0.768587 0.005155
0.580308 0.767291 0.005186
0.585335 0.768509 0.005232
0.590095 0.767536 0.005197
0.594411 0.767812 0.005124
0.600316 0.768465 0.004602
0.605435 0.767576 0.005607
0.611456 0.768285 0.005332
0.615883 0.767751 0.004838
0.621622 0.768458 0.005333
0.625474 0.768143 0.005594
0.630711 0.767208 0.005506
0.635994 0.767160 0.005120
0.640167 0.768128 0.004868
0.646132 0.767517 0.005057
0.651037 0.768138 0.005385
0.654806 0.767655 0.004884
0.660396 0.768365 0.005313
0.665207 0.767234 0.005087
0.671941 0.767581 0.005082
0.674303 0.767384 0.005082
0.445401 0.754871 0.004949
0.450636 0.755425 0.005257
0.456354 0.754269 0.004908
0.460743 0.755910 0.005370
0.465764 0.755252 0.005389
0.471492 0.754026 0.005566
0.476713 0.755343 0.004712
0.480664 0.754883 0.004864
0.486097 0.755145 0.005001
0.491414 0.756129 0.005123
0.495362 0.755199 0.004747
0.501663 0.754507 0.004952
0.506280 0.754149 0.005148
0.511181 0.754689 0.004818
0.516093 0.754617 0.005271
0.519808 0.755095 0.004755
0.524834 0.754579 0.005360
0.531058 0.754784 0.005614
0.535549 0.755088 0.005125
0.540658 0.756303 0.004667
0.545325 0.755807 0.004867
0.550819 0.754771 0.005037
0.555330 0.754610 0.005158
0.560372 0.754806 0.005166
0.565858 0.755062 0.005260
0.570875 0.755521 0.005092
0.575376 0.755285 0.005183
0.580015 0.755681 0.004698
0.584753 0.756110 0.005265
0.590143 0.754926 0.004944
0.595379 0.755045 0.004386
0.600202 0.755076 0.005089
0.605563 0.755093 0.005151
0.610297 0.755160 0.005352
0.615423 0.755153 0.004928
0.620961 0.754662 0.005193
0.625247 0.754994 0.005035
0.630199 0.754295 0.005138
0.635791 0.754893 0.004707
0.641500 0.755909 0.005068
0.645281 0.755750 0.005274
0.649921 0.755844 0.005122
0.655290 0.754727 0.004840
0.660640 0.755848 0.005352
0.664874 0.754932 0.005107
0.445604 0.742496 0.005104
0.450583 0.742368 0.004793
0.455049 0.742532 0.005164
0.464261 0.743286 0.004858
0.470857 0.741856 0.005318
0.476171 0.743273 0.005086
0.482297 0.742462 0.005271
0.486225 0.742321 0.004855
0.491413 0.742343 0.005132
0.494785 0.741759 0.005189
0.500167 0.741799 0.004964
0.504708 0.742145 0.005069
0.512410 0.742078 0.005003
0.515538 0.742228 0.004812
0.521600 0.742536 0.004977
0.525689 0.742237 0.005039
0.531473 0.741690 0.005047
0.535385 0.742138 0.005112
0.541026 0.741820 0.005048
0.545488 0.742388 0.005007
0.549613 0.741906 0.005324
0.554784 0.741680 0.005445
0.560269 0.742134 0.005154
0.565797 0.742897 0.005132
0.570374 0.743165 0.005296
0.576263 0.741402 0.005236
0.580692 0.741916 0.004972
0.586098 0.742922 0.005088
0.590131 0.741670 0.005065
0.596216 0.742389 0.004862
0.606023 0.742054 0.005338
0.609984 0.742642 0.005154
0.615163 0.742423 0.005008
0.621373 0.741964 0.005212
0.625410 0.742510 0.004975
0.630630 0.742422 0.005098
0.635078 0.741431 0.004766
0.641026 0.742980 0.005264
0.643886 0.742159 0.005164
0.651206 0.740327 0.005325
0.445568 0.728893 0.005552
0.451283 0.730073 0.004920
0.455808 0.729361 0.005157
0.460872 0.729198 0.005166
0.464770 0.730114 0.005277
0.470415 0.729335 0.005238
0.476110 0.730392 0.005409
0.480765 0.730660 0.005626
0.485458 0.729088 0.004719
0.491194 0.730044 0.005432
0.495020 0.729374 0.004906
0.500089 0.728882 0.005305
0.504628 0.729077 0.005026
0.510219 0.730195 0.005048
0.516338 0.729118 0.004857
0.520109 0.729999 0.004777
0.525371 0.729934 0.004787
0.531102 0.729857 0.005409
0.535196 0.729968 0.004775
0.540773 0.729295 0.004943
0.546478 0.729055 0.005115
0.550475 0.729319 0.005260
0.556060 0.730094 0.005140
0.560669 0.729623 0.005199
0.566723 0.729759 0.004861
0.569839 0.729427 0.004861
0.575495 0.729501 0.004833
0.579566 0.728388 0.005048
0.585598 0.729902 0.005136
0.590906 0.729570 0.005118
0.595735 0.730708 0.005281
0.600418 0.729305 0.005209
0.606528 0.730148 0.005521
0.610337 0.729661 0.005032
0.615990 0.730139 0.005275
0.620078 0.728905 0.005030
0.625636 0.729951 0.005550
0.630828 0.729588 0.004816
0.635547 0.728851 0.005430
0.640669 0.729483 0.005274
0.645438 0.729121 0.005309
0.650125 0.729595 0.004928
0.655206 0.729058 0.004997
0.660318 0.729717 0.005190
0.666134 0.729833 0.004891
0.445647 0.716066 0.005401
0.451262 0.715899 0.005546
0.454916 0.716072 0.004740
0.461927 0.716660 0.005518
0.465598 0.716251 0.005419
0.470292 0.715829 0.005176
0.475589 0.716776 0.005105
0.480109 0.716901 0.004984
0.486720 0.716440 0.005067
0.490242 0.716757 0.005213
0.495773 0.717320 0.004986
0.501157 0.717384 0.005376
0.506215 0.716588 0.005155
0.510854 0.716877 0.005344
0.514837 0.717171 0.004874
0.521886 0.717179 0.004978
0.526648 0.717470 0.005201
0.530367 0.716013 0.005075
0.535899 0.717092 0.005319
0.541859 0.716859 0.005320
0.544618 0.716452 0.004786
0.550397 0.717145 0.004692
0.560983 0.716870 0.005127
0.565604 0.716505 0.005058
0.569590 0.716719 0.004778
0.574149 0.716629 0.005012
0.580655 0.716499 0.005406
0.584914 0.716429 0.005338
0.590475 0.717386 0.005201
0.595668 0.715837 0.004922
0.599982 0.715863 0.005267
0.605020 0.716941 0.005198
0.609542 0.716357 0.005283
0.615628 0.717520 0.005136
0.620393 0.716882 0.005059
0.625158 0.716212 0.005264
0.629773 0.717209 0.005217
0.634495 0.716646 0.005016
0.640590 0.716745 0.004907
0.645241 0.716880 0.004898
0.650913 0.716650 0.005022
0.446437 0.703932 0.004857
0.450903 0.703538 0.005175
0.455957 0.703403 0.005020
0.460428 0.704209 0.004927
0.465273 0.703438 0.005248
0.470546 0.703742 0.004945
0.475481 0.703589 0.004614
0.480598 0.704044 0.004679
0.485586 0.703964 0.004962
0.490659 0.703978 0.005048
0.496287 0.703502 0.005284
0.500152 0.703513 0.005425
0.504280 0.704076 0.005459
0.509779 0.703439 0.005035
0.515911 0.705511 0.004830
0.521123 0.703802 0.005236
0.526045 0.703816 0.005310
0.530276 0.703538 0.005163
0.536360 0.703504 0.005234
0.540987 0.703716 0.005229
0.545774 0.703862 0.005541
0.550358 0.704042 0.005026
0.554946 0.704036 0.005121
0.560829 0.703779 0.005163
0.565609 0.703261 0.004546
0.570427 0.704513 0.004987
0.574287 0.704330 0.005277
0.579659 0.704117 0.005157
0.586153 0.703962 0.004776
0.590373 0.704060 0.005233
0.595656 0.704546 0.004853
0.600151 0.703800 0.004925
0.606055 0.704434 0.004905
0.609383 0.704547 0.005089
0.615110 0.703841 0.004666
0.621263 0.704037 0.005108
0.623599 0.704379 0.005303
0.630618 0.703875 0.005378
0.635326 0.703512 0.005128
0.641058 0.704284 0.004972
0.645785 0.703036 0.005020
0.650856 0.703669 0.005179
0.655702 0.703654 0.005377
0.446332 0.692471 0.004832
0.451142 0.690665 0.005369
0.455665 0.690678 0.005230
0.461106 0.690661 0.005503
0.465627 0.690721 0.004998
0.471481 0.691150 0.005174
0.475893 0.691392 0.005521
0.479887 0.692649 0.005615
0.485632 0.692137 0.004751
0.489623 0.691328 0.004888
0.496484 0.691103 0.005018
0.501379 0.689936 0.005134
0.505329 0.691135 0.005091
0.509483 0.691057 0.005167
0.515488 0.691738 0.005265
0.521508 0.690301 0.005086
0.525903 0.690248 0.005179
0.531085 0.692145 0.004932
0.535795 0.691544 0.005170
0.540473 0.691371 0.004990
0.545921 0.690757 0.005300
0.549913 0.691334 0.005003
0.554682 0.690678 0.005389
0.561187 0.690970 0.004895
0.564961 0.691192 0.005705
0.570744 0.691845 0.005228
0.570132 0.691197 0.004881
0.580878 0.691051 0.005364
0.585185 0.691444 0.005019
0.590851 0.691056 0.005224
0.596359 0.692164 0.005176
0.600635 0.690477 0.005354
0.604778 0.690524 0.004982
0.610222 0.691598 0.005262
0.615271 0.691412 0.004997
0.620003 0.691261 0.005155
0.625230 0.691138 0.004979
0.630173 0.691226 0.005410
0.635666 0.691397 0.004988
0.640143 0.691485 0.005236
0.644623 0.691152 0.005330
0.650322 0.691969 0.005102
0.655512 0.691023 0.005089
0.660800 0.691459 0.004921
0.665618 0.691076 0.005149
0.669800 0.691502 0.005277
0.675206 0.691476 0.005024
0.679597 0.691188 0.005146
0.685726 0.691072 0.005069
0.446052 0.678490 0.005109
0.450352 0.678485 0.005216
0.455951 0.678305 0.005049
0.460967 0.679384 0.005298
0.465639 0.678730 0.005079
0.469826 0.678498 0.005459
0.474100 0.678856 0.005062
0.480825 0.678100 0.004563
0.485461 0.678827 0.005236
0.495628 0.678407 0.005038
0.500287 0.679301 0.004843
0.506220 0.678957 0.005052
0.510046 0.677980 0.005209
0.515207 0.678783 0.005317
0.520714 0.678297 0.004955
0.525642 0.677969 0.005007
0.530669 0.678512 0.005007
0.535921 0.678647 0.004864
0.540421 0.678662 0.005081
0.538662 0.690357 0.004884
0.551680 0.679179 0.005082
0.555111 0.678344 0.005259
0.560481 0.677937 0.005370
0.566050 0.679528 0.005002
0.569819 0.678821 0.004906
0.576235 0.678366 0.005017
0.581033 0.677919 0.004711
0.586473 0.678326 0.005454
0.590149 0.677520 0.005209
0.596110 0.678080 0.005174
0.600567 0.678898 0.005066
0.605405 0.678641 0.004799
0.611623 0.677908 0.005066
0.616312 0.678243 0.004998
0.620129 0.677885 0.005746
0.626185 0.678936 0.005203
0.630367 0.678954 0.005129
0.635799 0.678285 0.005268
0.640495 0.678643 0.004866
0.445734 0.665237 0.005211
0.451277 0.665577 0.005286
0.455651 0.666262 0.005174
0.458951 0.666078 0.005009
0.466073 0.665980 0.005540
0.470449 0.664988 0.005036
0.476088 0.665164 0.005127
0.480833 0.665399 0.004998
0.485449 0.665729 0.005207
0.491063 0.664933 0.005208
0.495842 0.666607 0.004676
0.505034 0.664636 0.004953
0.510157 0.666095 0.005194
0.515075 0.666391 0.005043
0.520650 0.666210 0.005199
0.524309 0.665909 0.005380
0.532069 0.665649 0.005141
0.535618 0.665410 0.005186
0.540102 0.666299 0.004795
0.544999 0.665737 0.005101
0.550780 0.665189 0.005319
0.555476 0.665253 0.004926
0.561330 0.666500 0.004983
0.565693 0.665456 0.004813
0.570782 0.666259 0.005079
0.579619 0.665572 0.005532
0.585409 0.665427 0.005034
0.590811 0.664991 0.004873
0.595033 0.665365 0.005244
0.599510 0.666744 0.005387
0.606131 0.666366 0.005177
0.610883 0.666036 0.005261
0.615040 0.665933 0.005199
0.620141 0.665705 0.005080
0.625014 0.665772 0.004672
0.630317 0.665018 0.005121
0.635758 0.666241 0.005254
0.639697 0.665408 0.004837
0.645844 0.665974 0.004863
