0.324409 0.417962 0.007822
0.333351 0.419276 0.008305
0.339966 0.417090 0.007614
0.350035 0.419326 0.008281
0.359070 0.418833 0.007507
0.368598 0.418320 0.007102
0.376598 0.417185 0.006744
0.386111 0.418271 0.007221
0.391549 0.419026 0.008766
0.401366 0.417016 0.007623
0.410617 0.418421 0.006544
0.417979 0.418438 0.007777
0.427599 0.416380 0.007515
0.436440 0.417645 0.007456
0.445051 0.418924 0.007343
0.453903 0.418252 0.007204
0.460517 0.419814 0.007526
0.469553 0.419553 0.006545
0.478754 0.417528 0.006999
0.487580 0.417140 0.007554
0.495153 0.419312 0.008298
0.504000 0.418679 0.008089
0.512709 0.419333 0.009037
0.522277 0.419093 0.008600
0.530458 0.418712 0.006514
0.539531 0.417804 0.008136
0.547612 0.419219 0.008444
0.558001 0.420137 0.007932
0.564238 0.417893 0.006518
0.573012 0.419941 0.007531
0.581624 0.418357 0.007222
0.591249 0.418799 0.008029
0.600744 0.417991 0.008561
0.607433 0.417705 0.008216
0.615961 0.419442 0.007074
0.625368 0.417492 0.008314
0.632475 0.418798 0.007783
0.641130 0.418202 0.008451
0.647816 0.420210 0.007573
0.658781 0.418131 0.007910
0.666553 0.418099 0.007729
0.676272 0.419784 0.007618
0.684162 0.418200 0.008793
0.691733 0.417866 0.008373
0.701176 0.419174 0.008052
0.709714 0.418983 0.006822
0.718202 0.418633 0.007289
0.726818 0.417986 0.007771
0.735634 0.418655 0.008155
0.744113 0.419217 0.006592
0.367643 0.398998 0.008317
0.376577 0.400256 0.006987
0.384840 0.398364 0.006922
0.393512 0.396319 0.008457
0.401971 0.399709 0.007332
0.410069 0.400177 0.007970
0.418390 0.398978 0.008415
0.427531 0.400191 0.008145
0.435787 0.397853 0.006986
0.445546 0.399305 0.007326
0.453546 0.398705 0.007306
0.460707 0.398564 0.007983
0.470840 0.400366 0.007946
0.478732 0.399317 0.008474
0.487836 0.396973 0.008068
0.495563 0.399495 0.008375
0.504683 0.400659 0.007593
0.513334 0.397496 0.007508
0.520863 0.397691 0.006679
0.530728 0.398406 0.007278
0.538383 0.397872 0.006577
0.546634 0.398861 0.007165
0.555651 0.398959 0.008756
0.564633 0.400407 0.007899
0.571782 0.400962 0.007779
0.582788 0.397706 0.007668
0.590705 0.399998 0.007402
0.598138 0.399474 0.007688
0.607237 0.399041 0.008442
0.616839 0.399778 0.007029
0.623967 0.398286 0.007306
0.632707 0.399128 0.007118
0.642526 0.398489 0.007512
0.650928 0.398783 0.009534
0.657519 0.400659 0.009034
0.667606 0.399526 0.009106
0.676228 0.398729 0.006863
0.684295 0.398265 0.006798
0.693403 0.399784 0.008401
0.700695 0.398921 0.007131
0.711465 0.397940 0.007975
0.718090 0.399636 0.006821
0.726089 0.397926 0.008544
0.735516 0.399347 0.007683
0.742741 0.399431 0.007499
0.358304 0.379524 0.009710
0.366755 0.380527 0.007895
0.376808 0.379008 0.007038
0.386037 0.378969 0.007136
0.393801 0.379940 0.008602
0.402606 0.379821 0.007107
0.409821 0.380478 0.008814
0.419474 0.379492 0.006917
0.427508 0.379824 0.007862
0.437824 0.380610 0.006906
0.445799 0.378608 0.008419
0.452815 0.379008 0.008517
0.461776 0.380218 0.008016
0.468907 0.378959 0.007500
0.479610 0.378585 0.007240
0.483106 0.378738 0.007535
0.496228 0.379508 0.006786
0.505165 0.380263 0.007121
0.512623 0.379859 0.008545
0.522124 0.380178 0.007323
0.529966 0.380406 0.007669
0.539566 0.380142 0.008644
0.546540 0.379809 0.007927
0.555625 0.379134 0.007722
0.563851 0.379720 0.008437
0.573571 0.380720 0.008035
0.579620 0.380772 0.007982
0.591643 0.380052 0.007855
0.600535 0.379097 0.008712
0.606889 0.379265 0.008878
0.614729 0.379460 0.006102
0.626186 0.380757 0.009064
0.633144 0.381342 0.008275
0.641215 0.380561 0.007513
0.649836 0.377630 0.008341
0.658494 0.379699 0.006738
0.668214 0.379570 0.007949
0.675605 0.379171 0.008563
0.684252 0.380600 0.007536
0.693034 0.379161 0.006138
0.701530 0.378659 0.007832
0.709028 0.379070 0.007597
0.718638 0.381239 0.008756
0.725935 0.380692 0.008390
0.736229 0.380137 0.009136
0.743487 0.379986 0.007846
0.324969 0.359685 0.008285
0.333902 0.358689 0.008231
0.340622 0.359952 0.007366
0.349864 0.360193 0.008007
0.358775 0.358549 0.009571
0.367674 0.359351 0.007418
0.376628 0.361175 0.008195
0.385332 0.360529 0.007736
0.394523 0.359147 0.008361
0.402347 0.359982 0.007235
0.410854 0.359103 0.008768
0.418592 0.360197 0.007731
0.427885 0.358626 0.007632
0.436882 0.359444 0.007444
0.444875 0.359033 0.008085
0.453899 0.360065 0.007171
0.463718 0.360976 0.008386
0.469054 0.361581 0.007347
0.478710 0.359519 0.007683
0.487943 0.358509 0.008654
0.498424 0.359596 0.008786
0.503640 0.361208 0.007933
0.512988 0.359266 0.007415
0.522283 0.360794 0.007806
0.531120 0.359241 0.008340
0.537313 0.359012 0.007885
0.546844 0.359214 0.008158
0.555956 0.360025 0.008606
0.563639 0.360030 0.006545
0.572308 0.360173 0.007835
0.583382 0.359894 0.007866
0.590197 0.360360 0.007419
0.599228 0.359621 0.008137
0.607178 0.360521 0.007224
0.616459 0.360651 0.007514
0.623779 0.360076 0.007543
0.633270 0.359279 0.009059
0.643721 0.359239 0.007011
0.649701 0.360262 0.007688
0.660136 0.359992 0.008466
0.666232 0.357649 0.008197
0.677042 0.358997 0.006915
0.683950 0.359514 0.007833
0.693130 0.359270 0.006518
0.701388 0.360366 0.008315
0.710970 0.359355 0.008197
0.718537 0.359255 0.007383
0.726234 0.361485 0.007038
0.733909 0.359172 0.007822
0.744890 0.359932 0.007263
0.366618 0.339825 0.007075
0.375507 0.340085 0.007840
0.384247 0.339787 0.008488
0.392814 0.340430 0.007438
0.401838 0.340523 0.007136
0.410697 0.341219 0.007172
0.418446 0.339769 0.008608
0.428567 0.341261 0.007078
0.436371 0.338603 0.007042
0.445458 0.341374 0.008198
0.453020 0.339274 0.007882
0.461878 0.339921 0.008539
0.470040 0.341467 0.007971
0.477862 0.341776 0.007255
0.486420 0.340926 0.008584
0.495472 0.341116 0.006857
0.504885 0.340127 0.008170
0.513189 0.342426 0.007538
0.521384 0.338615 0.008543
0.530884 0.341486 0.007615
0.538334 0.339556 0.008044
0.546639 0.340696 0.007595
0.556137 0.341388 0.007907
0.565333 0.339792 0.008095
0.573253 0.341439 0.007473
0.581125 0.340987 0.007612
0.590018 0.340629 0.008765
0.600267 0.341306 0.007736
0.605879 0.341999 0.009397
0.615935 0.341049 0.007767
0.622817 0.339902 0.006744
0.632409 0.340875 0.006507
0.641319 0.340481 0.008709
0.650232 0.339175 0.007470
0.658596 0.340466 0.007034
0.667700 0.340582 0.008900
0.673924 0.339495 0.007602
0.684149 0.340106 0.007435
0.693570 0.338791 0.008272
0.701093 0.340260 0.007747
0.708923 0.339647 0.007997
0.716979 0.339077 0.007842
0.725894 0.340956 0.007231
0.735538 0.339954 0.007048
0.743253 0.338520 0.008314
0.175466 0.812356 0.008080
0.182563 0.810884 0.008315
0.190744 0.812859 0.008525
0.197569 0.809246 0.008866
0.207311 0.810000 0.008950
0.213499 0.808847 0.008989
0.219231 0.805874 0.008396
0.225254 0.803750 0.008701
0.233378 0.803871 0.008796
0.241099 0.803469 0.008176
0.247471 0.800833 0.009529
0.254364 0.801542 0.008668
0.261703 0.798436 0.008882
0.268887 0.797224 0.008321
0.277616 0.794674 0.008825
0.285245 0.793088 0.008266
0.291284 0.792474 0.009176
0.298844 0.791523 0.008592
0.305166 0.790875 0.007746
0.313580 0.787306 0.008291
0.320298 0.789328 0.008936
0.326876 0.785959 0.009143
0.333995 0.784826 0.008601
0.340600 0.784433 0.008416
0.348874 0.780866 0.008842
0.354508 0.781020 0.008660
0.362658 0.779876 0.008084
0.370027 0.777369 0.008730
0.378106 0.778631 0.007793
0.385023 0.775072 0.008450
0.390841 0.774035 0.007866
0.399323 0.773153 0.008662
0.406702 0.771899 0.008220
0.413763 0.769835 0.008638
0.419913 0.769782 0.008993
0.426921 0.767944 0.008020
0.435400 0.766305 0.008542
0.441583 0.765666 0.007851
0.449852 0.764520 0.008955
0.456244 0.761482 0.008562
0.463802 0.761810 0.008192
0.470490 0.761376 0.009174
0.479098 0.760153 0.008702
0.485259 0.757810 0.008841
0.492138 0.754217 0.008761
0.499999 0.753404 0.008617
0.507984 0.753329 0.009191
0.176787 0.789734 0.008727
0.184753 0.788818 0.008391
0.191879 0.786989 0.008986
0.197688 0.786971 0.008917
0.204399 0.786136 0.008686
0.211869 0.784143 0.008844
0.219739 0.783079 0.008193
0.225169 0.781189 0.009264
0.233169 0.780707 0.009179
0.241015 0.777354 0.008834
0.248500 0.776140 0.009069
0.254034 0.776299 0.009813
0.262520 0.775487 0.008157
0.268333 0.773188 0.008723
0.278201 0.771799 0.008775
0.284536 0.770324 0.008544
0.291161 0.769345 0.007819
0.298357 0.767824 0.009121
0.306482 0.766619 0.008194
0.311373 0.764476 0.008409
0.319335 0.765328 0.008416
0.327257 0.761485 0.009379
0.334878 0.761252 0.008419
0.341388 0.759216 0.008969
0.347256 0.760170 0.008140
0.355424 0.756388 0.008748
0.362570 0.755474 0.008269
0.368749 0.753358 0.008066
0.375671 0.753098 0.008743
0.384568 0.752623 0.008797
0.390671 0.751400 0.009473
0.398870 0.749085 0.008762
0.406641 0.748501 0.008360
0.412374 0.747408 0.008248
0.421189 0.745655 0.009628
0.428207 0.746267 0.008426
0.434408 0.742681 0.008844
0.443016 0.740988 0.009068
0.450320 0.739239 0.008563
0.456593 0.739823 0.008403
0.463352 0.735954 0.007958
0.470850 0.735965 0.008750
0.475440 0.735288 0.009681
0.484718 0.732100 0.008489
0.492081 0.732130 0.009192
0.499049 0.728311 0.008397
0.187161 0.764419 0.009115
0.194163 0.762602 0.008643
0.203534 0.762324 0.009488
0.209380 0.760309 0.009181
0.216871 0.759476 0.008613
0.224349 0.758104 0.009961
0.232006 0.758539 0.008451
0.238586 0.754970 0.007867
0.245339 0.754031 0.008717
0.250880 0.752573 0.008286
0.260150 0.751477 0.008849
0.259034 0.769720 0.008468
0.273508 0.748952 0.008651
0.280481 0.747650 0.008714
0.286849 0.747116 0.008659
0.295735 0.745267 0.008367
0.301916 0.742289 0.008758
0.309020 0.741261 0.008967
0.317376 0.740771 0.008552
0.323111 0.740406 0.008533
0.331141 0.737769 0.008884
0.338739 0.735905 0.008132
0.346287 0.734280 0.008453
0.353509 0.732902 0.009058
0.360502 0.732817 0.008654
0.365973 0.732307 0.008649
0.375958 0.731703 0.009970
0.381625 0.728162 0.008783
0.388074 0.727128 0.008635
0.395112 0.726586 0.008402
0.403567 0.726231 0.008773
0.410290 0.724664 0.007383
0.418575 0.721075 0.007862
0.425349 0.720672 0.009094
0.433186 0.720286 0.008772
0.438504 0.715778 0.009262
0.446731 0.716358 0.008520
0.454243 0.713832 0.009190
0.460404 0.712640 0.008861
0.466823 0.713944 0.009878
0.475276 0.712944 0.007860
0.482932 0.710502 0.009042
0.154851 0.745968 0.008947
0.163176 0.745796 0.008208
0.169888 0.744419 0.009147
0.177504 0.742207 0.009296
0.183807 0.741637 0.009039
0.191385 0.741180 0.009237
0.199012 0.737614 0.008597
0.205160 0.736281 0.009517
0.212535 0.736034 0.008424
0.219118 0.733404 0.008731
0.228149 0.733882 0.008477
0.235938 0.732794 0.008535
0.241863 0.730297 0.008590
0.248524 0.728265 0.008325
0.256805 0.727561 0.008586
0.264739 0.726166 0.008813
0.268232 0.725724 0.008518
0.278968 0.725005 0.009137
0.284371 0.721725 0.008406
0.293039 0.721914 0.008388
0.299687 0.719903 0.008898
0.305843 0.719378 0.008954
0.312601 0.717546 0.007985
0.319826 0.716384 0.008282
0.329605 0.713450 0.008973
0.335535 0.713084 0.008242
0.342146 0.712473 0.008449
0.349911 0.709736 0.007728
0.357003 0.708001 0.009192
0.364313 0.708115 0.008086
0.377482 0.707466 0.009446
0.384485 0.704033 0.008744
0.394301 0.704537 0.009343
0.399990 0.701692 0.008673
0.407479 0.701397 0.008255
0.413631 0.699260 0.008263
0.422621 0.697805 0.008617
0.428252 0.697127 0.009470
0.436079 0.694973 0.009535
0.443460 0.694033 0.008866
0.449407 0.691926 0.009185
0.457611 0.689204 0.009087
0.465087 0.688999 0.008005
0.472497 0.688498 0.009146
0.478577 0.686782 0.008349
0.486427 0.686501 0.008422
0.494738 0.685239 0.008843
0.501934 0.682487 0.010239
0.507930 0.681774 0.008668
0.178621 0.717641 0.009127
0.185836 0.717318 0.008177
0.192188 0.715784 0.009089
0.200741 0.716215 0.008793
0.207029 0.714383 0.008795
0.212563 0.713205 0.008259
0.223976 0.713603 0.008584
0.227265 0.710128 0.008157
0.235016 0.707211 0.008441
0.242471 0.707564 0.008486
0.248978 0.706346 0.008116
0.257018 0.705324 0.008855
0.264131 0.703243 0.009205
0.270043 0.700780 0.009487
0.279439 0.701229 0.009851
0.287478 0.698929 0.008820
0.293576 0.698003 0.008370
0.301126 0.696583 0.008751
0.307990 0.694368 0.008521
0.313808 0.692358 0.009159
0.323128 0.691362 0.008998
0.329531 0.689946 0.008464
0.336704 0.688896 0.008771
0.345033 0.687922 0.008574
0.351537 0.687398 0.007652
0.357778 0.685891 0.008747
0.365122 0.684215 0.008696
0.373286 0.681736 0.009092
0.380085 0.681789 0.008693
0.380457 0.689678 0.008452
0.399160 0.677476 0.009195
0.401748 0.677178 0.009398
0.409960 0.677310 0.008064
0.415395 0.676326 0.008967
0.420535 0.673761 0.009001
0.428855 0.671715 0.008491
0.435960 0.670230 0.008150
0.443924 0.668826 0.008379
0.453487 0.668604 0.008148
0.462899 0.678049 0.009185
0.467110 0.666672 0.008744
0.472157 0.664124 0.008464
0.480648 0.662566 0.008397
0.158564 0.697056 0.008133
0.163819 0.697734 0.008416
0.172601 0.695584 0.008813
0.178351 0.694765 0.008653
0.186560 0.693059 0.008595
0.193941 0.692600 0.008465
0.199816 0.690722 0.008824
0.205256 0.690642 0.008769
0.215116 0.687648 0.009111
0.220319 0.688978 0.009195
0.227349 0.685571 0.008337
0.236318 0.686006 0.008753
0.242175 0.684090 0.008761
0.251064 0.681687 0.008330
0.259279 0.680585 0.008950
0.265232 0.679233 0.008945
0.272630 0.677113 0.009344
0.279971 0.677245 0.007847
0.285206 0.676671 0.008665
0.292675 0.673500 0.009477
0.298350 0.672934 0.008719
0.309699 0.670915 0.008381
0.313485 0.671163 0.009236
0.323186 0.668921 0.008918
0.329160 0.667260 0.009352
0.335206 0.666897 0.008837
0.345582 0.666286 0.009086
0.350994 0.665126 0.009015
0.359698 0.661012 0.008076
0.363785 0.659941 0.009274
0.372903 0.659742 0.008393
0.380389 0.656945 0.008579
0.385869 0.656267 0.008694
0.392983 0.655857 0.009022
0.402202 0.653402 0.008991
0.407672 0.653485 0.008166
0.411828 0.655506 0.008674
0.423379 0.649820 0.008538
0.423478 0.647872 0.008413
0.438179 0.647280 0.008234
0.444674 0.646380 0.008496
0.451175 0.644995 0.008654
0.458317 0.642279 0.009317
0.466597 0.642622 0.008560
0.475018 0.640771 0.008511
0.481847 0.639488 0.008105
0.486145 0.637721 0.008707
0.493895 0.636247 0.009525
0.153283 0.676722 0.008287
0.161220 0.675160 0.008543
0.168184 0.672332 0.007903
0.175457 0.671926 0.008361
0.184212 0.669455 0.008282
0.189842 0.669625 0.008850
0.196513 0.668470 0.008922
0.203769 0.665060 0.008556
0.210742 0.664178 0.008431
0.217985 0.662194 0.008606
0.227117 0.664017 0.008844
0.233229 0.661367 0.008760
0.238048 0.661351 0.008223
0.249554 0.659117 0.008786
0.254858 0.657133 0.008294
0.259632 0.655616 0.009219
0.268255 0.654734 0.008690
0.275086 0.651572 0.008847
0.283100 0.652352 0.009005
0.290020 0.651320 0.007855
0.295025 0.650113 0.009902
0.304080 0.647804 0.008716
0.313189 0.645430 0.008358
0.317638 0.645254 0.008325
0.328174 0.644610 0.009329
0.332238 0.644437 0.009404
0.339543 0.640794 0.009480
0.347682 0.641122 0.008796
0.354200 0.638333 0.008525
0.361662 0.636960 0.009431
0.369995 0.637843 0.008956
0.376765 0.635633 0.008431
0.386203 0.634130 0.008315
0.390447 0.630301 0.009062
0.398814 0.632167 0.009171
0.404597 0.628062 0.008026
0.411157 0.629908 0.008742
0.418630 0.627808 0.009190
0.427346 0.624223 0.008160
0.434766 0.624549 0.009140
0.441644 0.625036 0.008864
0.449828 0.621770 0.008522
0.453635 0.621142 0.009214
0.462212 0.618291 0.008951
0.469841 0.617766 0.007965
0.477246 0.614512 0.008680
0.499797 0.619885 0.009168
0.492447 0.612899 0.008440
0.164128 0.649192 0.008983
0.172457 0.649145 0.008888
0.178680 0.646701 0.008591
0.185611 0.647322 0.009033
0.193143 0.645065 0.008711
0.201777 0.644098 0.007774
0.207633 0.642873 0.008264
0.213958 0.639315 0.008450
0.223789 0.637901 0.009584
0.229541 0.638047 0.008463
0.235719 0.637210 0.009082
0.245576 0.636939 0.009434
0.251343 0.634033 0.008585
0.256942 0.633285 0.008774
0.263889 0.632082 0.008402
0.271638 0.629864 0.008744
0.280027 0.627587 0.008624
0.287197 0.628311 0.008343
0.294271 0.626720 0.009135
0.300777 0.624352 0.008715
0.309447 0.624129 0.009170
0.315936 0.621014 0.008439
0.324672 0.622008 0.008582
0.330004 0.619705 0.008533
0.337979 0.620781 0.008645
0.345428 0.615616 0.008498
0.351909 0.615947 0.008888
0.357278 0.614910 0.009513
0.366835 0.612748 0.008294
0.374627 0.613257 0.009607
0.382692 0.610624 0.009123
0.386597 0.609057 0.008155
0.394738 0.606949 0.008719
0.400041 0.607746 0.009438
0.410072 0.606740 0.008624
0.416774 0.604062 0.008910
0.423540 0.601759 0.009004
0.431376 0.601738 0.008519
0.437227 0.598901 0.008871
0.445863 0.600549 0.008685
0.454531 0.596236 0.008454
0.458648 0.595296 0.008695
0.466396 0.594638 0.009125
0.474105 0.591196 0.008763
0.141495 0.631631 0.008557
0.141473 0.627073 0.008650
0.154351 0.627415 0.007822
0.160892 0.627833 0.009274
0.167981 0.625443 0.008126
0.176367 0.623533 0.008613
0.182746 0.623209 0.008771
0.190357 0.620577 0.008943
0.198762 0.619067 0.009232
0.203928 0.621082 0.008892
0.211332 0.616425 0.009369
0.219485 0.617234 0.008877
0.226659 0.616124 0.008717
0.233098 0.613761 0.008490
0.239257 0.611926 0.008115
0.247545 0.610040 0.009134
0.254027 0.610374 0.008775
0.263131 0.608857 0.008001
0.271259 0.607938 0.008763
0.274666 0.604215 0.008796
0.283546 0.605569 0.008166
0.291745 0.603071 0.008511
0.297346 0.600832 0.008465
0.305450 0.601309 0.009101
0.312509 0.598854 0.008522
0.321144 0.598415 0.008773
0.326918 0.594866 0.008374
0.335470 0.595711 0.008848
0.342954 0.593803 0.009259
0.348996 0.591924 0.009536
0.355356 0.590065 0.008208
0.364547 0.591020 0.009276
0.370950 0.587106 0.008752
0.375794 0.586957 0.009236
0.384893 0.587015 0.008228
0.392366 0.584462 0.008802
0.398350 0.582917 0.008637
0.406199 0.583078 0.008677
0.412779 0.580378 0.008499
0.420138 0.578926 0.008319
0.426974 0.578913 0.008673
0.435072 0.576501 0.008465
0.440995 0.574512 0.008415
0.448617 0.573386 0.008463
0.456046 0.570832 0.009092
0.464196 0.572733 0.008972
0.470763 0.568058 0.009196
0.479263 0.569366 0.008996
0.484684 0.567434 0.009138
0.493818 0.567579 0.008705
0.167281 0.602218 0.008615
0.178150 0.600866 0.009336
0.184216 0.600467 0.008367
0.190237 0.598818 0.010036
0.197893 0.595281 0.009621
0.204982 0.594222 0.009170
0.212307 0.593458 0.008887
0.221418 0.592046 0.008494
0.227325 0.591856 0.007972
0.233341 0.589612 0.008949
0.241864 0.589793 0.008506
0.249568 0.586789 0.008718
0.255482 0.586682 0.008659
0.263257 0.584150 0.008544
0.270281 0.583769 0.009294
0.278090 0.580936 0.009002
0.284895 0.580770 0.009130
0.290947 0.580199 0.009185
0.300314 0.577611 0.008465
0.306537 0.575460 0.009206
0.313964 0.577109 0.008791
0.320773 0.573587 0.008736
0.327768 0.571050 0.008284
0.335568 0.572267 0.008858
0.341835 0.571357 0.008671
0.347784 0.568695 0.008971
0.356356 0.566057 0.008475
0.362341 0.565723 0.009335
0.372156 0.564427 0.008674
0.376835 0.563725 0.009060
0.385915 0.560785 0.008440
0.392681 0.560799 0.008701
0.399847 0.559045 0.008908
0.406056 0.558091 0.008362
0.413584 0.555212 0.009239
0.419623 0.555533 0.008591
0.427816 0.554143 0.008283
0.435105 0.550547 0.008987
0.442337 0.550498 0.008896
0.448673 0.550903 0.009848
0.458068 0.546680 0.009061
0.168647 0.578373 0.009785
0.177336 0.576960 0.008518
0.184926 0.575467 0.008465
0.191574 0.573902 0.009485
0.197008 0.572146 0.008626
0.204002 0.572792 0.008110
0.211902 0.568918 0.008438
0.220813 0.569401 0.008674
0.226320 0.568117 0.008740
0.235943 0.566785 0.008766
0.238529 0.564033 0.008399
0.248369 0.562718 0.008738
0.257899 0.562421 0.008322
0.262318 0.560792 0.008886
0.270611 0.558783 0.008347
0.277716 0.557537 0.008244
0.284674 0.556790 0.008434
0.290334 0.555058 0.008375
0.299851 0.553793 0.008471
0.305883 0.551634 0.009031
0.313371 0.550940 0.008808
0.321435 0.549582 0.008951
0.328091 0.546873 0.009417
0.335708 0.546606 0.009538
0.342276 0.547453 0.009708
0.348646 0.545360 0.008312
0.357256 0.542852 0.008738
0.382048 0.546929 0.008585
0.370369 0.541005 0.008766
0.378598 0.539268 0.008382
0.386514 0.537895 0.009453
0.388273 0.543470 0.008261
0.398297 0.536237 0.008493
0.408399 0.534874 0.008397
0.414189 0.532567 0.008015
0.421217 0.531138 0.008580
0.428430 0.530563 0.008255
0.435655 0.527553 0.008126
0.428899 0.522369 0.009060
0.451096 0.526382 0.009394
0.160344 0.556906 0.008559
0.166632 0.553399 0.009581
0.174495 0.551416 0.008822
0.181046 0.551847 0.007874
0.191855 0.550391 0.009245
0.196630 0.548598 0.008981
0.203609 0.547888 0.009014
0.211242 0.548473 0.008419
0.216620 0.545262 0.008524
0.224766 0.543573 0.008156
0.231885 0.541646 0.008796
0.239657 0.541513 0.008945
0.245604 0.539212 0.008688
0.252435 0.539338 0.008250
0.260289 0.535416 0.008834
0.267329 0.536205 0.009152
0.273871 0.533232 0.008900
0.283094 0.534171 0.008432
0.290421 0.532467 0.008395
0.296557 0.531600 0.008193
0.303337 0.529567 0.009156
0.310564 0.527153 0.009088
0.318646 0.527498 0.009065
0.324510 0.525286 0.008890
0.332455 0.525302 0.008630
0.337656 0.523359 0.009086
0.346078 0.522158 0.008451
0.352871 0.520394 0.007931
0.360978 0.520357 0.008861
0.368134 0.518236 0.009055
0.374192 0.519463 0.008827
0.401353 0.515293 0.009135
0.390495 0.514289 0.009253
0.397637 0.511597 0.008627
0.403438 0.511011 0.008733
0.411859 0.509527 0.008726
0.418044 0.506689 0.008580
0.425584 0.506580 0.008616
0.432843 0.505540 0.009259
0.441270 0.504037 0.008675
0.447300 0.503053 0.008991
0.454519 0.501758 0.008848
0.145969 0.534988 0.008404
0.152985 0.533582 0.007992
0.161108 0.532683 0.008888
0.166199 0.530160 0.008727
0.176675 0.530260 0.008290
0.181045 0.527601 0.009310
0.189376 0.525292 0.008803
0.197182 0.524429 0.009265
0.203644 0.523278 0.008341
0.208168 0.522332 0.008344
0.217293 0.520670 0.008737
0.224709 0.519844 0.008266
0.232593 0.518199 0.008814
0.239783 0.517532 0.008523
0.247392 0.517271 0.008740
0.253994 0.516453 0.008717
0.261754 0.512861 0.008412
0.268137 0.512522 0.008643
0.276067 0.510772 0.008997
0.283204 0.509693 0.008604
0.289723 0.508551 0.008427
0.297966 0.506975 0.009191
0.304715 0.506240 0.008488
0.311188 0.503993 0.009064
0.317794 0.503202 0.008560
0.325765 0.502243 0.008864
0.333139 0.499707 0.008398
0.338738 0.499085 0.008360
0.327934 0.490975 0.008751
0.354421 0.496482 0.008664
0.360671 0.494185 0.008308
0.369588 0.494004 0.008098
0.376802 0.491845 0.007576
0.412366 0.480198 0.008309
0.389813 0.489358 0.008997
0.396067 0.489402 0.008370
0.403295 0.487168 0.008986
0.412440 0.484981 0.008892
0.419169 0.483450 0.008295
0.427710 0.482680 0.008644
0.433660 0.483301 0.008816
0.441291 0.479736 0.008244
0.448546 0.477994 0.008567
0.454920 0.478046 0.009217
0.463174 0.475687 0.008748
0.651189 0.478569 0.005698
0.657382 0.481741 0.006187
0.662478 0.484892 0.005667
0.667647 0.487456 0.005859
0.672857 0.489653 0.006485
0.679265 0.491984 0.005811
0.684557 0.494781 0.006080
0.690044 0.497584 0.005621
0.696132 0.499213 0.006213
0.701249 0.501155 0.005236
0.706964 0.504190 0.005158
0.714316 0.503340 0.006003
0.719097 0.507409 0.006734
0.724448 0.508586 0.005372
0.729527 0.509735 0.004286
0.735845 0.511798 0.006150
0.741039 0.513658 0.006666
0.746931 0.514393 0.006386
0.752893 0.516735 0.005233
0.758586 0.517627 0.005879
0.764047 0.520568 0.005926
0.769668 0.521216 0.006211
0.775013 0.524337 0.006617
0.780605 0.525386 0.006133
0.787289 0.527339 0.006132
0.792156 0.529858 0.006167
0.797606 0.532781 0.005797
0.803504 0.534291 0.004930
0.809625 0.537501 0.005615
0.815501 0.539942 0.006040
0.820737 0.543496 0.006146
0.825335 0.546552 0.005203
0.830904 0.548804 0.005347
0.836263 0.552231 0.005725
0.841717 0.555223 0.006086
0.846490 0.559299 0.006132
0.852573 0.564089 0.005679
0.858292 0.566955 0.005948
0.862751 0.569723 0.005777
0.868327 0.573624 0.006062
0.653360 0.469376 0.005061
0.658789 0.472297 0.005803
0.664585 0.475690 0.005792
0.668812 0.477249 0.005728
0.675671 0.482002 0.006167
0.680006 0.482350 0.006736
0.685749 0.484930 0.006125
0.691755 0.486673 0.005318
0.697635 0.489798 0.005800
0.703081 0.491129 0.006265
0.709064 0.492936 0.006622
0.714448 0.495107 0.005633
0.720017 0.496714 0.006043
0.726566 0.498282 0.005820
0.732371 0.499949 0.005529
0.737731 0.502290 0.005349
0.743037 0.503754 0.005479
0.748337 0.506105 0.006303
0.754202 0.506508 0.005825
0.760735 0.508363 0.005482
0.765351 0.510480 0.006260
0.771773 0.512192 0.005494
0.776968 0.514640 0.005169
0.782441 0.515868 0.005714
0.788681 0.517809 0.005765
0.794673 0.519580 0.006243
0.800509 0.522538 0.004844
0.805616 0.525219 0.005170
0.811248 0.527688 0.005414
0.816798 0.531067 0.006103
0.822410 0.532843 0.005364
0.827346 0.535852 0.005509
0.833161 0.538086 0.004761
0.837775 0.541416 0.005876
0.843689 0.545805 0.006549
0.848670 0.548833 0.005857
0.853541 0.553482 0.006847
0.858582 0.557103 0.006711
0.864259 0.560714 0.005563
0.869622 0.564059 0.005134
0.875615 0.568155 0.006072
0.880342 0.572686 0.007113
0.885877 0.575580 0.006047
0.890724 0.580240 0.005974
0.896413 0.583782 0.005341
0.901461 0.588603 0.005838
0.907216 0.591781 0.006463
0.477446 0.071752 0.008059
0.485643 0.071685 0.008218
0.493351 0.072846 0.007845
0.502183 0.074462 0.007745
0.508928 0.076914 0.009952
0.517263 0.078675 0.008662
0.523543 0.079631 0.009381
0.530651 0.081359 0.008892
0.538384 0.083277 0.009022
0.546869 0.086824 0.009393
0.553918 0.088926 0.007686
0.561001 0.089569 0.009502
0.569592 0.091856 0.008890
0.578164 0.094713 0.009204
0.585157 0.096370 0.008814
0.593438 0.099929 0.008667
0.600909 0.102242 0.007873
0.607581 0.104816 0.008646
0.615426 0.108127 0.008640
0.621955 0.109738 0.007818
0.630000 0.112477 0.008075
0.637927 0.116639 0.008560
0.646470 0.119436 0.008724
0.654487 0.121806 0.008844
0.660826 0.123433 0.009115
0.671435 0.128485 0.009172
0.677231 0.130399 0.008391
0.684614 0.133958 0.009182
0.692246 0.136639 0.009120
0.699815 0.138348 0.008749
0.707915 0.143044 0.008370
0.714245 0.145963 0.009118
0.722008 0.147771 0.008366
0.730060 0.149484 0.009056
0.739141 0.152673 0.009426
0.746723 0.154804 0.009110
0.753429 0.157073 0.008558
0.761752 0.159044 0.008495
0.769111 0.160089 0.008893
0.776257 0.163057 0.009064
0.783823 0.165979 0.008908
0.794611 0.160001 0.009266
0.798867 0.169639 0.009865
0.808350 0.171648 0.008525
0.814457 0.173122 0.009336
0.823128 0.175282 0.009368
0.831996 0.176692 0.008789
0.838180 0.178928 0.008216
0.479990 0.052394 0.008889
0.486779 0.053419 0.007631
0.495358 0.054674 0.008906
0.501630 0.057022 0.009190
0.508190 0.058790 0.009411
0.516927 0.059422 0.008532
0.524588 0.061069 0.008756
0.519745 0.063585 0.009750
0.539819 0.065601 0.008581
0.547810 0.067638 0.009273
0.555069 0.068716 0.007927
0.563669 0.071170 0.008116
0.571258 0.074627 0.008583
0.577576 0.075742 0.008945
0.586791 0.077611 0.008736
0.592364 0.080725 0.009044
0.601141 0.082671 0.008458
0.608535 0.087120 0.008944
0.616007 0.089246 0.008785
0.623226 0.091362 0.008875
0.632131 0.094647 0.009171
0.639618 0.098049 0.009558
0.647681 0.100138 0.007874
0.655802 0.103226 0.008091
0.663367 0.106337 0.008405
0.670677 0.108816 0.008863
0.679046 0.112679 0.009756
0.684698 0.114542 0.008642
0.692819 0.118707 0.008346
0.700630 0.122497 0.008387
0.706232 0.122904 0.008892
0.715561 0.126541 0.009317
0.724185 0.128725 0.009399
0.731363 0.129573 0.008655
0.740097 0.134614 0.009370
0.747509 0.135791 0.008718
0.753383 0.138583 0.008971
0.763127 0.140542 0.008529
0.769624 0.144294 0.008838
0.776264 0.143997 0.008831
0.783426 0.147254 0.008816
0.791446 0.148305 0.009092
0.800047 0.150585 0.008924
0.808343 0.151744 0.009101
0.816854 0.154789 0.009168
0.823605 0.156377 0.007971
0.832998 0.158365 0.008371
0.115249 0.535617 0.010491
0.123061 0.530768 0.009487
0.128436 0.523612 0.009568
0.134460 0.517249 0.009632
0.141811 0.509374 0.011782
0.146760 0.504335 0.009906
0.153172 0.498929 0.008777
0.159851 0.490793 0.007711
0.163103 0.486472 0.009629
0.171321 0.479800 0.010392
0.175329 0.473292 0.009324
0.184058 0.466148 0.009525
0.188554 0.460216 0.009305
0.195904 0.454943 0.010292
0.201308 0.447785 0.010238
0.207784 0.443413 0.009650
0.214900 0.435332 0.010977
0.220897 0.430428 0.009135
0.227054 0.424308 0.010477
0.231808 0.418005 0.010888
0.239751 0.412024 0.009859
0.245358 0.406153 0.009128
0.251731 0.400943 0.009952
0.256714 0.395803 0.010054
0.263864 0.389280 0.008823
0.269543 0.382857 0.010779
0.277353 0.374574 0.011736
0.283408 0.370023 0.007788
0.289663 0.365454 0.011181
0.294361 0.359525 0.009410
0.301340 0.351924 0.007986
0.306038 0.345711 0.010378
0.313269 0.341254 0.008756
0.319428 0.336431 0.010373
0.325604 0.327811 0.009531
0.332586 0.322770 0.010234
0.338873 0.315228 0.009295
0.344743 0.309362 0.010559
0.349955 0.303713 0.006621
0.356540 0.297109 0.010409
0.361770 0.291988 0.008534
0.368004 0.284850 0.008068
0.374243 0.277840 0.009407
0.108726 0.523094 0.010752
0.117180 0.514897 0.009761
0.121329 0.510591 0.009605
0.128220 0.504962 0.008713
0.133184 0.497441 0.009706
0.138876 0.490495 0.009683
0.147743 0.485581 0.008799
0.152992 0.476577 0.008767
0.158639 0.470339 0.008526
0.163299 0.464551 0.011305
0.170701 0.459618 0.010662
0.175882 0.455317 0.010937
0.183116 0.446770 0.010654
0.188315 0.443835 0.011749
0.194583 0.433497 0.010430
0.200075 0.430470 0.009054
0.207395 0.421404 0.011043
0.212499 0.420317 0.010854
0.220090 0.411701 0.009180
0.225468 0.406648 0.010833
0.231136 0.401966 0.010287
0.238683 0.393978 0.009118
0.243001 0.388992 0.008453
0.250620 0.382822 0.008322
0.256255 0.375800 0.009793
0.263426 0.370663 0.009770
0.270709 0.363556 0.008365
0.276543 0.357393 0.009752
0.283544 0.352112 0.009709
0.288329 0.346510 0.008759
0.292248 0.340000 0.009783
0.299732 0.333166 0.008949
0.306243 0.329629 0.011090
0.313076 0.323069 0.009800
0.318665 0.314774 0.010208
0.324847 0.311387 0.009516
0.332041 0.303961 0.008713
0.336670 0.298677 0.009578
0.343896 0.290467 0.009645
0.348905 0.284662 0.010150
0.354556 0.279326 0.009722
0.360361 0.273107 0.011768
0.366138 0.265263 0.009444
0.373452 0.258866 0.009932
0.380068 0.253776 0.009553
0.384626 0.248077 0.010637
0.101881 0.512686 0.008677
0.108234 0.504441 0.009371
0.115477 0.497353 0.010563
0.121859 0.491050 0.009699
0.124962 0.485327 0.010553
0.133260 0.478040 0.011056
0.137776 0.473933 0.010508
0.144307 0.467713 0.010594
0.151679 0.460120 0.009929
0.157541 0.454190 0.010687
0.162596 0.447622 0.010442
0.166839 0.442248 0.009473
0.172990 0.435712 0.009140
0.181288 0.429318 0.009434
0.187202 0.424456 0.009263
0.194323 0.418027 0.009043
0.198771 0.411999 0.008839
0.206349 0.406427 0.009612
0.212142 0.400098 0.010506
0.218223 0.395591 0.009374
0.224472 0.388685 0.008679
0.231961 0.383058 0.010242
0.237353 0.376521 0.009947
0.241994 0.370824 0.009468
0.250573 0.364328 0.009705
0.255672 0.357888 0.008286
0.261837 0.352579 0.011130
0.268346 0.346455 0.009180
0.275509 0.340337 0.010129
0.280899 0.333790 0.010473
0.285890 0.328552 0.008736
0.292214 0.322480 0.009394
0.300408 0.315009 0.008101
0.305275 0.308908 0.010618
0.312224 0.303297 0.009603
0.317622 0.297442 0.008887
0.322670 0.292143 0.010519
0.329097 0.286419 0.009674
0.335200 0.279334 0.008643
0.342154 0.273340 0.011918
0.347150 0.267638 0.008112
0.352868 0.260268 0.011549
0.359990 0.253555 0.010540
0.363830 0.246713 0.009458
0.371942 0.240540 0.008822
0.377428 0.234925 0.008455
0.382575 0.227908 0.009786
0.390287 0.222063 0.010405
0.394578 0.215759 0.009322
0.400580 0.209781 0.009670
0.094258 0.498647 0.009695
0.099137 0.493850 0.010952
0.107033 0.487380 0.009386
0.112989 0.481069 0.008556
0.118809 0.473610 0.009010
0.123737 0.467573 0.008904
0.128600 0.462366 0.008777
0.136966 0.455408 0.008124
0.142334 0.450801 0.008014
0.148164 0.443112 0.008719
0.155524 0.436661 0.010613
0.162270 0.429833 0.009730
0.166620 0.425274 0.009996
0.172595 0.419515 0.008878
0.180637 0.411755 0.010398
0.183737 0.407088 0.009036
0.189471 0.399741 0.010112
0.197983 0.396332 0.009831
0.204351 0.387927 0.008515
0.209936 0.383596 0.009141
0.216278 0.376734 0.011155
0.223537 0.370240 0.008193
0.228865 0.363941 0.008700
0.235370 0.359548 0.009313
0.240466 0.354081 0.009558
0.246019 0.346715 0.009561
0.252850 0.342090 0.011130
0.259162 0.336851 0.009431
0.266037 0.327690 0.009766
0.271735 0.323152 0.010553
0.279581 0.319103 0.010123
0.285676 0.311271 0.009658
0.289885 0.307174 0.010489
0.295807 0.299840 0.008069
0.304098 0.292924 0.009370
0.307232 0.285976 0.010217
0.314804 0.281290 0.010592
0.319696 0.274311 0.010942
0.326275 0.268484 0.009981
0.333115 0.262611 0.010098
0.338039 0.256424 0.010224
0.343370 0.251324 0.009355
0.355545 0.240356 0.007848
0.356533 0.237327 0.010405
0.364404 0.230341 0.010988
0.368582 0.222706 0.009734
0.085524 0.488425 0.008639
0.092374 0.482643 0.008881
0.097226 0.475759 0.010967
0.103056 0.470640 0.010628
0.108558 0.463142 0.010211
0.115936 0.456435 0.010218
0.120366 0.451907 0.011177
0.125277 0.447285 0.010537
0.134801 0.435216 0.010445
0.138736 0.432296 0.008796
0.146632 0.424970 0.009414
0.152264 0.420724 0.009474
0.157641 0.415042 0.009743
0.162950 0.409009 0.010729
0.169671 0.401082 0.009975
0.176297 0.394341 0.010687
0.181907 0.390204 0.009511
0.189218 0.383942 0.009207
0.197001 0.377347 0.009833
0.201306 0.371076 0.010065
0.207050 0.364410 0.009266
0.213601 0.360157 0.010054
0.215987 0.356124 0.010083
0.227062 0.347578 0.007764
0.232762 0.342869 0.009747
0.238458 0.335468 0.009248
0.245802 0.328708 0.011698
0.251378 0.324603 0.010409
0.257000 0.318855 0.010486
0.264194 0.311869 0.009615
0.257169 0.318526 0.010192
0.276677 0.299464 0.008652
0.281521 0.294991 0.009535
0.287571 0.287002 0.010705
0.293615 0.281455 0.009938
0.300340 0.275540 0.008513
0.306438 0.269550 0.010535
0.311071 0.263355 0.009201
0.317631 0.257028 0.008578
0.325187 0.250252 0.008512
0.331015 0.244515 0.009210
0.335969 0.240768 0.011584
0.342078 0.232724 0.010428
0.348427 0.223887 0.008965
0.353277 0.220491 0.008556
0.362021 0.212261 0.010044
0.367315 0.205130 0.010377
0.371454 0.199900 0.008999
0.377038 0.193772 0.009406
0.383711 0.186669 0.010380
0.950883 0.818623 0.006110
0.949828 0.814369 0.005116
0.949806 0.811284 0.005519
0.950143 0.806133 0.005690
0.950242 0.802447 0.005278
0.950147 0.798936 0.005705
0.948661 0.794160 0.005443
0.949042 0.789999 0.005698
0.950266 0.785301 0.006162
0.949965 0.781844 0.005682
0.949688 0.777929 0.005633
0.950037 0.773165 0.005706
0.949688 0.770088 0.005666
0.950685 0.765402 0.005988
0.949249 0.760753 0.005725
0.949476 0.757190 0.006107
0.949908 0.752778 0.006134
0.949489 0.748990 0.005649
0.948978 0.744988 0.005796
0.949363 0.740854 0.005742
0.951729 0.736743 0.005971
0.949528 0.733253 0.005686
0.949208 0.728406 0.006010
0.949672 0.725085 0.005456
0.946377 0.724204 0.006155
0.948970 0.716120 0.005477
0.949835 0.712250 0.005947
0.949738 0.707136 0.006164
0.949986 0.703546 0.005968
0.950139 0.700485 0.006153
0.949716 0.695363 0.006361
0.949889 0.691672 0.006031
0.949502 0.688303 0.006542
0.949241 0.683361 0.005688
0.950680 0.679048 0.005535
0.949207 0.675134 0.005868
0.949459 0.670271 0.005391
0.950038 0.666636 0.005268
0.950337 0.663566 0.006224
0.950345 0.659232 0.005632
0.949900 0.654520 0.005989
0.949865 0.650601 0.006093
0.949418 0.646789 0.006030
0.949904 0.642727 0.006320
0.949883 0.638028 0.005410
0.950225 0.633841 0.005882
0.935988 0.819204 0.005896
0.935096 0.814752 0.006011
0.935364 0.811284 0.006126
0.935068 0.806172 0.005151
0.935173 0.802982 0.005677
0.934782 0.798032 0.005553
0.935555 0.793266 0.005697
0.935677 0.789868 0.005938
0.934838 0.786000 0.006024
0.935925 0.781353 0.005703
0.934977 0.777673 0.005914
0.935185 0.773082 0.005493
0.935085 0.769810 0.005835
0.935551 0.765725 0.005962
0.935193 0.761823 0.005624
0.934778 0.757308 0.005676
0.935760 0.752872 0.005955
0.935783 0.748377 0.005710
0.936008 0.745081 0.005793
0.935496 0.740992 0.005281
0.936321 0.736114 0.006112
0.935286 0.732823 0.006211
0.935152 0.728872 0.006412
0.935518 0.724251 0.005784
0.934094 0.715521 0.005828
0.935456 0.716444 0.005831
0.935471 0.712704 0.005813
0.934942 0.708179 0.005329
0.935211 0.703707 0.006230
0.935905 0.699866 0.006332
0.935155 0.695365 0.005892
0.935298 0.691049 0.005810
0.935386 0.687149 0.005985
0.934670 0.682972 0.006102
0.935310 0.679084 0.006006
0.934504 0.675332 0.006120
0.935647 0.671102 0.006097
0.935068 0.666283 0.006276
0.935153 0.663115 0.005733
0.934494 0.660121 0.006316
0.935406 0.653748 0.005799
0.934932 0.649912 0.005952
0.935788 0.646610 0.005733
0.934448 0.642791 0.006147
0.934327 0.637633 0.005996
0.934986 0.634682 0.006138
0.935470 0.630646 0.006140
0.937455 0.624555 0.005587
0.936078 0.622071 0.005963
0.921224 0.819076 0.005982
0.920728 0.814638 0.005483
0.921690 0.810455 0.005740
0.922131 0.806539 0.006076
0.920933 0.802302 0.005700
0.920863 0.799174 0.005807
0.921191 0.794524 0.005976
0.920788 0.790121 0.005800
0.920991 0.786539 0.005094
0.920026 0.781428 0.006371
0.921198 0.778068 0.006529
0.922297 0.774399 0.006175
0.920970 0.770265 0.005598
0.920138 0.764942 0.005788
0.921841 0.760858 0.006340
0.920904 0.757106 0.006003
0.920942 0.753229 0.005447
0.920718 0.749070 0.005579
0.921078 0.744996 0.005239
0.920405 0.740980 0.006315
0.920375 0.737452 0.006019
0.920916 0.732608 0.006214
0.920992 0.728371 0.005420
0.920998 0.725045 0.005982
0.921317 0.719573 0.005697
0.921789 0.716799 0.005910
0.921199 0.712280 0.005710
0.920954 0.707836 0.005847
0.920492 0.703494 0.005834
0.921142 0.700437 0.005881
0.920202 0.695027 0.005651
0.920513 0.691679 0.006138
0.920565 0.687207 0.005880
0.921867 0.683068 0.005318
0.920543 0.679429 0.005791
0.921094 0.674803 0.005860
0.920987 0.670592 0.005634
0.921915 0.666229 0.006333
0.920215 0.662879 0.005556
0.921061 0.659023 0.006370
0.920707 0.654170 0.005805
0.920583 0.649657 0.005758
0.920295 0.646888 0.006182
0.921302 0.641863 0.006482
0.906374 0.818571 0.005469
0.907202 0.815266 0.006020
0.906353 0.810663 0.005364
0.907347 0.806665 0.005984
0.906695 0.802041 0.006238
0.906442 0.797970 0.005820
0.905717 0.794359 0.006337
0.905497 0.790720 0.005514
0.906661 0.786337 0.005796
0.906929 0.782124 0.005875
0.906638 0.778875 0.005328
0.906311 0.773235 0.006492
0.906933 0.769799 0.005292
0.906281 0.764870 0.005641
0.906251 0.762252 0.006101
0.906709 0.757572 0.005572
0.906062 0.752984 0.006282
0.906763 0.748856 0.005872
0.907109 0.746133 0.005884
0.906870 0.741303 0.006384
0.906948 0.736725 0.005945
0.905927 0.732666 0.005482
0.907072 0.729035 0.005955
0.907286 0.723930 0.005791
0.905956 0.719940 0.006317
0.907302 0.716324 0.005426
0.906727 0.713129 0.005803
0.906762 0.707407 0.005484
0.906510 0.703858 0.005949
0.906351 0.699134 0.005536
0.906038 0.696013 0.006304
0.906964 0.691233 0.006191
0.906957 0.686895 0.006375
0.906773 0.684711 0.005657
0.906380 0.679062 0.006001
0.906779 0.676087 0.005852
0.905661 0.671287 0.006179
0.906309 0.666534 0.005568
0.907816 0.663431 0.006141
0.906671 0.659233 0.006153
0.906953 0.654735 0.005541
0.907017 0.650535 0.005374
0.907332 0.645566 0.006035
0.906366 0.641294 0.006047
0.906397 0.638464 0.005484
0.907190 0.633951 0.006409
0.906178 0.630061 0.005904
0.906497 0.625754 0.005882
0.906721 0.622064 0.005678
0.892398 0.818397 0.005402
0.892418 0.814293 0.005897
0.892652 0.811146 0.005927
0.892158 0.806565 0.005882
0.892380 0.801721 0.005453
0.891548 0.798581 0.005881
0.893178 0.794426 0.005855
0.892211 0.790255 0.005675
0.891946 0.786171 0.004988
0.892088 0.781513 0.006639
0.892092 0.777605 0.005874
0.891591 0.773891 0.005954
0.892063 0.769692 0.005395
0.891516 0.765840 0.006048
0.892074 0.761470 0.005717
0.892872 0.757426 0.005844
0.892066 0.753562 0.005886
0.892095 0.749327 0.005664
0.892126 0.745038 0.005768
0.892206 0.741088 0.005820
0.892284 0.736801 0.005469
0.892578 0.731912 0.005796
0.892040 0.729057 0.005010
0.892310 0.723405 0.005616
0.892512 0.720047 0.005607
0.891554 0.716623 0.006046
0.892372 0.712094 0.005837
0.892188 0.707363 0.005627
0.892212 0.704447 0.005729
0.892100 0.700254 0.005681
0.892712 0.695419 0.006161
0.892047 0.691619 0.005671
0.892329 0.687835 0.005452
0.891421 0.683517 0.005763
0.892997 0.679057 0.005620
0.891842 0.674875 0.006132
0.895371 0.664001 0.006177
0.891991 0.667831 0.006058
0.891960 0.663184 0.005541
0.892416 0.658197 0.005574
0.892505 0.654955 0.006005
0.892477 0.650942 0.005029
0.892538 0.646206 0.005684
0.879821 0.814713 0.005643
0.877739 0.814722 0.005607
0.878250 0.810614 0.005998
0.877718 0.805894 0.005687
0.878533 0.802414 0.006154
0.878597 0.797685 0.005729
0.877694 0.794844 0.006052
0.878621 0.790340 0.005484
0.878005 0.786257 0.005402
0.877591 0.782365 0.005805
0.878269 0.778202 0.006036
0.878439 0.773550 0.005580
0.878270 0.770173 0.006046
0.877995 0.766386 0.005524
0.878369 0.761812 0.005293
0.877904 0.756548 0.005909
0.877872 0.752444 0.006045
0.878403 0.744908 0.005338
0.877409 0.745582 0.005944
0.878566 0.740848 0.005812
0.878093 0.736879 0.006033
0.877367 0.733110 0.005472
0.878216 0.728656 0.006311
0.877147 0.725055 0.005873
0.878138 0.720813 0.006181
0.878160 0.715929 0.005698
0.878123 0.712139 0.005507
0.878063 0.708275 0.006610
0.878784 0.703743 0.005582
0.878343 0.699623 0.005684
0.872491 0.696740 0.005660
0.877742 0.691591 0.005666
0.876888 0.687146 0.005546
0.877934 0.682302 0.006213
0.878426 0.679613 0.005205
0.877857 0.674023 0.006260
0.878376 0.670887 0.005613
0.877768 0.667854 0.005920
0.878160 0.662603 0.006084
0.877576 0.657408 0.006335
0.877786 0.655023 0.005813
0.878176 0.649915 0.005914
0.878117 0.646050 0.006094
0.864739 0.818562 0.005638
0.863585 0.814614 0.006132
0.863691 0.811105 0.005712
0.863138 0.806206 0.006194
0.863309 0.802457 0.005590
0.864032 0.798833 0.005899
0.863124 0.794565 0.005592
0.863804 0.790452 0.005994
0.863536 0.786427 0.005939
0.863878 0.781871 0.005767
0.863739 0.777553 0.005362
0.863091 0.773510 0.005589
0.863345 0.768908 0.005475
0.863909 0.765360 0.005929
0.863866 0.761228 0.005928
0.864300 0.756308 0.005290
0.863764 0.753542 0.006065
0.862888 0.748463 0.005944
0.863439 0.745197 0.006219
0.864014 0.741226 0.006086
0.862679 0.737259 0.005817
0.863801 0.733446 0.006490
0.863844 0.727423 0.005906
0.862971 0.724664 0.005571
0.863628 0.720081 0.006025
0.864341 0.717080 0.005584
0.863681 0.711160 0.005602
0.863180 0.708443 0.005789
0.863822 0.703475 0.006224
0.862672 0.699824 0.006504
0.863714 0.694942 0.005942
0.863893 0.691508 0.006075
0.862545 0.686970 0.006342
0.864144 0.683244 0.005590
0.864410 0.679363 0.005704
0.862676 0.675411 0.006033
0.864005 0.671380 0.005794
0.863339 0.667221 0.005352
0.864681 0.662248 0.005481
0.863458 0.658640 0.005752
0.863232 0.654019 0.006016
0.864186 0.649912 0.005680
0.864498 0.646588 0.005839
0.848624 0.818464 0.005728
0.849629 0.814544 0.005707
0.849872 0.811322 0.005776
0.848742 0.807037 0.005539
0.849326 0.802348 0.006042
0.849838 0.798566 0.005871
0.849346 0.793831 0.005557
0.849261 0.789782 0.005249
0.848980 0.785445 0.005768
0.849343 0.781878 0.005746
0.848678 0.778088 0.005636
0.848931 0.773575 0.005438
0.849524 0.769422 0.006364
0.848419 0.765275 0.005885
0.849085 0.761350 0.005898
0.848947 0.757650 0.005717
0.848309 0.752677 0.006161
0.848857 0.749974 0.006513
0.848917 0.745468 0.005522
0.848741 0.740504 0.005453
0.848883 0.736760 0.005770
0.849973 0.732813 0.005698
0.849321 0.728802 0.006033
0.848771 0.724461 0.005540
0.849100 0.720529 0.005518
0.849171 0.716227 0.006005
0.849809 0.712818 0.005665
0.848769 0.707305 0.005754
0.850148 0.703075 0.005663
0.849719 0.698552 0.005907
0.849304 0.695608 0.005963
0.848874 0.691678 0.006328
0.848747 0.687332 0.005961
0.848775 0.683748 0.005997
0.849503 0.679035 0.005672
0.848169 0.675123 0.005659
0.848939 0.671089 0.005937
0.848535 0.667240 0.005304
0.849349 0.662416 0.005528
0.849257 0.658751 0.005959
0.849048 0.654342 0.005360
0.848808 0.650710 0.005756
0.849084 0.646318 0.006244
0.849083 0.642502 0.005868
0.849524 0.638721 0.006450
0.834935 0.819357 0.006301
0.835020 0.814840 0.005578
0.834768 0.810577 0.005657
0.834734 0.806582 0.005576
0.835017 0.802956 0.006032
0.835339 0.798114 0.005809
0.835132 0.795421 0.005766
0.835481 0.789137 0.005900
0.834622 0.786063 0.005519
0.834428 0.782249 0.005871
0.834047 0.777402 0.006265
0.835079 0.773729 0.006003
0.834273 0.769525 0.005885
0.834538 0.764784 0.005984
0.835445 0.761626 0.006223
0.834667 0.757071 0.005816
0.835023 0.753390 0.005918
0.835157 0.748790 0.005543
0.833473 0.745239 0.006774
0.834492 0.739623 0.005824
0.834296 0.736390 0.005582
0.834537 0.732758 0.005833
0.836137 0.728966 0.005816
0.835298 0.724140 0.005737
0.835140 0.720240 0.005953
0.835854 0.715599 0.006085
0.835092 0.711551 0.005444
0.835390 0.707686 0.005889
0.834376 0.703976 0.006318
0.834444 0.700335 0.005083
0.835268 0.695355 0.005823
0.834337 0.691508 0.005583
0.835272 0.686796 0.006079
0.835308 0.682782 0.005653
0.834631 0.680004 0.005896
0.834818 0.675153 0.005116
0.835232 0.671553 0.005845
0.834487 0.667102 0.005834
0.834487 0.662506 0.005528
0.834873 0.658223 0.005434
0.834909 0.655208 0.006032
0.834438 0.651825 0.005757
0.834969 0.645957 0.005443
0.835633 0.642388 0.006060
0.834014 0.638178 0.005790
0.835262 0.634166 0.005564
0.835215 0.629655 0.006226
0.834575 0.625570 0.005834
0.819789 0.818783 0.005977
0.820298 0.814730 0.005794
0.821846 0.811939 0.006202
0.820529 0.805952 0.005957
0.819899 0.803205 0.006268
0.820420 0.797924 0.005789
0.820652 0.793565 0.005818
0.820306 0.789257 0.005788
0.820722 0.785363 0.005562
0.820835 0.781654 0.006351
0.819707 0.777554 0.005493
0.821004 0.772965 0.005750
0.820285 0.769075 0.005655
0.821733 0.766257 0.005876
0.820606 0.761304 0.006003
0.820392 0.756377 0.006105
0.820633 0.752565 0.006304
0.820101 0.748701 0.006254
0.820791 0.744811 0.005670
0.820105 0.740459 0.005621
0.819697 0.736329 0.006208
0.820595 0.731250 0.005980
0.820947 0.728428 0.006343
0.820737 0.724770 0.005761
0.820853 0.719413 0.005842
0.820284 0.716321 0.005781
0.820242 0.713940 0.006196
0.821125 0.708280 0.006292
0.819953 0.703462 0.005832
0.819528 0.700013 0.006248
0.820217 0.695379 0.005752
0.819955 0.691238 0.005586
0.821071 0.686845 0.006128
0.819638 0.683456 0.005686
0.820833 0.679037 0.005766
0.820382 0.675259 0.006366
0.819909 0.670802 0.005613
0.820109 0.666611 0.005748
0.820182 0.662925 0.005593
0.820300 0.657904 0.005870
0.819782 0.653909 0.005863
0.820532 0.650304 0.005956
0.820679 0.646051 0.005741
0.820980 0.642945 0.005815
0.820399 0.637942 0.005556
0.819871 0.634534 0.006053
0.819627 0.629996 0.005672
0.819859 0.625854 0.006011
0.806485 0.818867 0.005363
0.807431 0.814546 0.005639
0.806355 0.810850 0.005160
0.805807 0.806182 0.005766
0.806324 0.802328 0.005949
0.806924 0.799264 0.005651
0.806385 0.794553 0.005344
0.805973 0.789791 0.006080
0.805526 0.785130 0.005989
0.806196 0.782356 0.005686
0.806613 0.777425 0.005389
0.806667 0.774496 0.005751
0.806016 0.768899 0.005693
0.805836 0.765274 0.005730
0.806163 0.761110 0.006674
0.806100 0.757291 0.006003
0.806340 0.753530 0.005882
0.805712 0.749147 0.005752
0.806397 0.743829 0.006216
0.804641 0.737263 0.006160
0.806843 0.736187 0.005234
0.806073 0.732804 0.006034
0.805471 0.728532 0.005901
0.806088 0.724979 0.005927
0.806229 0.720836 0.005613
0.806588 0.715696 0.005399
0.807125 0.712400 0.005741
0.806560 0.708039 0.006155
0.805938 0.703455 0.005182
0.806499 0.700332 0.005848
0.806538 0.695468 0.005996
0.806604 0.691897 0.006107
0.806530 0.688311 0.005796
0.805723 0.683120 0.005932
0.806439 0.679771 0.006174
0.806074 0.674568 0.005878
0.806783 0.670766 0.005745
0.806643 0.666121 0.006182
0.806499 0.661467 0.006250
0.806318 0.658589 0.005608
0.806307 0.653593 0.006163
0.805486 0.651434 0.006297
0.806038 0.646610 0.006042
0.805713 0.641587 0.005673
0.806454 0.638367 0.005819
0.806510 0.634523 0.005433
0.805924 0.629770 0.005928
0.792237 0.819253 0.006300
0.792016 0.814128 0.005465
0.792158 0.810501 0.005880
0.793976 0.808897 0.005709
0.791451 0.802452 0.005785
0.791860 0.798875 0.006160
0.792011 0.793516 0.005406
0.791909 0.789664 0.005817
0.791940 0.785823 0.005320
0.791674 0.782348 0.005872
0.791454 0.777650 0.005861
0.792463 0.773337 0.005553
0.791556 0.769480 0.005663
0.792405 0.765165 0.004813
0.791536 0.761507 0.005793
0.791408 0.756882 0.005591
0.792012 0.753971 0.006025
0.791003 0.749273 0.005887
0.791828 0.744913 0.005996
0.791415 0.741063 0.005891
0.792061 0.736376 0.005956
0.791254 0.732894 0.005727
0.791898 0.728093 0.005499
0.791361 0.724981 0.005608
0.787660 0.716285 0.005739
0.792386 0.716403 0.005322
0.791900 0.711984 0.005884
0.791372 0.708563 0.006263
0.792828 0.704032 0.006233
0.790962 0.700127 0.005560
0.791780 0.695170 0.005660
0.792170 0.691475 0.005854
0.791321 0.687635 0.005414
0.792321 0.683491 0.006351
0.791866 0.678399 0.006194
0.791575 0.675124 0.006408
0.791720 0.670596 0.005372
0.792282 0.668101 0.006172
0.792618 0.662864 0.005753
0.791880 0.658972 0.005537
0.791473 0.655205 0.005654
0.777825 0.818819 0.006029
0.777893 0.810317 0.005664
0.777789 0.806069 0.006248
0.777264 0.802726 0.006156
0.777522 0.797597 0.005778
0.777301 0.794230 0.005603
0.778072 0.789428 0.005825
0.777250 0.785489 0.005716
0.778043 0.780897 0.005456
0.777739 0.776946 0.005787
0.777175 0.773676 0.005967
0.777186 0.769112 0.006134
0.777545 0.765403 0.005599
0.778329 0.761312 0.006217
0.777528 0.756744 0.005302
0.777240 0.752911 0.006290
0.777122 0.749198 0.005961
0.776932 0.745413 0.005617
0.778038 0.740876 0.005947
0.777216 0.736234 0.005856
0.777411 0.732529 0.006101
0.777392 0.728738 0.005772
0.776457 0.724090 0.005801
0.777139 0.720400 0.005674
0.777139 0.716133 0.005700
0.777293 0.711830 0.006353
0.777827 0.707623 0.005596
0.777263 0.704352 0.005700
0.777498 0.699497 0.006075
0.777403 0.695599 0.005537
0.776797 0.691109 0.005357
0.777207 0.687653 0.005945
0.777167 0.683987 0.005724
0.777881 0.678750 0.006031
0.777536 0.674712 0.005545
0.777306 0.671625 0.005606
0.777287 0.666726 0.005819
0.777582 0.663488 0.005444
0.777713 0.658134 0.006783
0.777463 0.654629 0.005760
0.776376 0.650976 0.005829
0.777724 0.646000 0.005764
0.777638 0.642120 0.005745
0.763325 0.819159 0.005500
0.762851 0.814596 0.005915
0.762782 0.810669 0.005829
0.762416 0.806307 0.006470
0.762377 0.802702 0.005684
0.763009 0.798655 0.005549
0.762957 0.793886 0.005521
0.763490 0.790539 0.005173
0.762767 0.785972 0.005483
0.763510 0.782175 0.006244
0.763245 0.777952 0.005510
0.763950 0.773835 0.005542
0.763633 0.770087 0.005870
0.762572 0.765801 0.006036
0.762961 0.760985 0.006001
0.763286 0.756873 0.006014
0.762800 0.752468 0.005617
0.763719 0.748818 0.005599
0.763580 0.744399 0.005523
0.763374 0.741671 0.005819
0.762906 0.736414 0.006199
0.762874 0.732190 0.006141
0.763473 0.728383 0.005968
0.763368 0.723961 0.006061
0.764038 0.720043 0.005783
0.762894 0.716254 0.006386
0.763557 0.711828 0.005927
0.763105 0.708322 0.005873
0.763223 0.702726 0.005832
0.763074 0.700536 0.005847
0.762657 0.695253 0.005976
0.763011 0.692065 0.005742
0.763576 0.687066 0.006730
0.763551 0.683321 0.005546
0.762430 0.679232 0.005829
0.762822 0.674711 0.005481
0.763483 0.670690 0.005708
0.762821 0.666761 0.005508
0.762794 0.662354 0.006108
0.763941 0.658174 0.006191
0.763313 0.654541 0.005484
0.763548 0.649916 0.005277
0.762127 0.647049 0.005516
0.762194 0.642367 0.005603
0.762851 0.637639 0.006436
0.763318 0.635189 0.006136
0.748951 0.819318 0.005322
0.748792 0.815229 0.006122
0.748659 0.809941 0.006063
0.748953 0.806963 0.005507
0.749276 0.802098 0.005086
0.749312 0.798478 0.005998
0.748515 0.794075 0.005917
0.748879 0.789604 0.005774
0.749611 0.786134 0.006019
0.749096 0.781928 0.005497
0.748732 0.776961 0.005903
0.748660 0.773763 0.006170
0.750374 0.773136 0.005668
0.748919 0.765697 0.005848
0.748863 0.761175 0.005588
0.749700 0.757532 0.006040
0.749152 0.752801 0.005415
0.749179 0.748941 0.005884
0.749258 0.745080 0.005729
0.748529 0.740374 0.005651
0.749699 0.736184 0.006056
0.748995 0.733020 0.006061
0.749052 0.728866 0.005847
0.748600 0.724938 0.005865
0.748471 0.720092 0.005441
0.748468 0.715786 0.005975
0.747930 0.711405 0.006299
0.748523 0.707385 0.005925
0.748027 0.702534 0.005783
0.749472 0.699125 0.006052
0.748888 0.696181 0.006144
0.748551 0.691983 0.005084
0.748296 0.687306 0.005998
0.750217 0.686223 0.005944
0.749348 0.679810 0.005625
0.748592 0.675537 0.005998
0.748944 0.671403 0.005518
0.748070 0.666726 0.006011
0.748864 0.661928 0.005879
0.749104 0.658243 0.005964
0.748535 0.654681 0.005475
0.748089 0.650772 0.005597
0.748145 0.646980 0.005625
0.748038 0.642190 0.005916
0.742015 0.821837 0.006366
0.735050 0.814939 0.005449
0.734253 0.810252 0.005488
0.733950 0.806547 0.006192
0.734713 0.802835 0.005757
0.734202 0.798334 0.005821
0.734372 0.792974 0.005919
0.734225 0.789807 0.005689
0.733833 0.785922 0.005931
0.734331 0.784108 0.005197
0.733724 0.777047 0.006036
0.734322 0.773369 0.006191
0.734533 0.770396 0.005923
0.735086 0.765448 0.006186
0.733956 0.761085 0.006039
0.733790 0.757560 0.006197
0.735149 0.753579 0.006089
0.733958 0.749595 0.006213
0.733739 0.744622 0.006067
0.734033 0.741108 0.005750
0.733692 0.736014 0.005897
0.734760 0.733106 0.005481
0.734872 0.728619 0.006355
0.734662 0.725103 0.006037
0.734253 0.720574 0.005729
0.734830 0.716011 0.005464
0.734443 0.712319 0.006103
0.734187 0.708207 0.005553
0.734513 0.703602 0.006024
0.734496 0.699931 0.005952
0.734973 0.696278 0.005995
0.733758 0.691654 0.005187
0.734092 0.687913 0.006479
0.734006 0.683762 0.005925
0.734495 0.679178 0.006236
0.735121 0.675561 0.006040
0.734282 0.670892 0.006025
0.734297 0.667636 0.005271
0.733727 0.662625 0.005912
0.733849 0.659262 0.005924
0.734764 0.653736 0.005803
0.733713 0.650748 0.005794
0.734543 0.645868 0.005738
0.735589 0.642467 0.006119
0.734677 0.638446 0.005654
0.734516 0.633648 0.005484
0.719937 0.818770 0.005913
0.720440 0.815850 0.005634
0.719315 0.810844 0.006127
0.720876 0.807130 0.005809
0.720975 0.801916 0.005388
0.720342 0.799265 0.005836
0.719412 0.794634 0.005659
0.719502 0.790223 0.006238
0.719369 0.785460 0.006348
0.720108 0.782164 0.005386
0.720292 0.777776 0.005802
0.720005 0.774577 0.005968
0.720580 0.769565 0.005323
0.719699 0.766382 0.006082
0.720567 0.762250 0.005708
0.719020 0.757565 0.005364
0.720763 0.753468 0.005645
0.719824 0.749150 0.005952
0.720883 0.745345 0.005570
0.719836 0.740869 0.005719
0.720075 0.736237 0.006348
0.719388 0.732668 0.006046
0.719690 0.728223 0.005433
0.719708 0.724180 0.005879
0.720312 0.720285 0.005983
0.719762 0.716570 0.005618
0.719973 0.711891 0.006113
0.720038 0.707600 0.006087
0.720580 0.703635 0.006091
0.720027 0.699936 0.005999
0.720490 0.695726 0.005276
0.718924 0.692319 0.006188
0.719997 0.687403 0.005616
0.720318 0.683167 0.005603
0.720556 0.679026 0.005788
0.719710 0.674781 0.005392
0.720430 0.670815 0.005336
0.719674 0.667196 0.005669
0.717795 0.663755 0.005427
0.719564 0.657787 0.005854
0.719892 0.654782 0.005387
0.719618 0.650631 0.005707
0.705724 0.818980 0.005769
0.705346 0.814769 0.006178
0.705306 0.810583 0.005577
0.706586 0.806770 0.005843
0.706426 0.802376 0.005643
0.705954 0.798787 0.006468
0.705179 0.794806 0.005661
0.706144 0.790572 0.005744
0.705128 0.785879 0.005484
0.705280 0.781707 0.005919
0.705441 0.778014 0.005924
0.705291 0.773835 0.005893
0.705479 0.769576 0.005835
0.705991 0.765516 0.005183
0.705395 0.760995 0.005326
0.705524 0.756601 0.005524
0.705711 0.752546 0.005704
0.705860 0.748801 0.005835
0.705202 0.745721 0.005675
0.705869 0.740890 0.005865
0.704904 0.736313 0.005843
0.705179 0.733185 0.005896
0.704380 0.728538 0.006405
0.705307 0.724248 0.005912
0.705301 0.720103 0.005524
0.705988 0.716751 0.005353
0.705387 0.711339 0.006281
0.705416 0.708123 0.005531
0.706386 0.703893 0.005549
0.705312 0.699641 0.005632
0.706117 0.695611 0.005508
0.705162 0.691475 0.005447
0.705677 0.688035 0.006206
0.706052 0.683426 0.006267
0.705152 0.679248 0.005921
0.705806 0.674946 0.005482
0.705744 0.670074 0.005824
0.705147 0.666607 0.005839
0.705205 0.662712 0.005750
0.706011 0.657880 0.005581
0.706022 0.654870 0.005727
0.690750 0.818743 0.006060
0.691221 0.814464 0.005986
0.690845 0.810768 0.005426
0.690146 0.807514 0.006007
0.691079 0.802818 0.005573
0.691598 0.799402 0.005754
0.691539 0.794434 0.006359
0.690930 0.789516 0.005282
0.691482 0.786446 0.005460
0.692414 0.781987 0.005457
0.691404 0.777367 0.006023
0.690977 0.773943 0.005843
0.691066 0.770606 0.005798
0.690770 0.765947 0.005566
0.691318 0.761735 0.006346
0.690884 0.757973 0.005920
0.691333 0.754489 0.005807
0.690949 0.748424 0.006241
0.691784 0.744671 0.005478
0.691168 0.740942 0.005549
0.690919 0.736899 0.006038
0.691449 0.733084 0.006128
0.691410 0.729045 0.006016
0.691557 0.723870 0.005814
0.690588 0.720581 0.005800
0.690482 0.715948 0.005531
0.690874 0.712015 0.005587
0.691847 0.706506 0.006207
0.691378 0.703600 0.005684
0.691251 0.699800 0.005585
0.690985 0.696657 0.006174
0.691925 0.691491 0.005622
0.691742 0.687569 0.005740
0.691958 0.683960 0.005789
0.691107 0.679204 0.006464
0.691772 0.675153 0.005508
0.691641 0.671373 0.006155
0.691138 0.667338 0.005408
0.691308 0.662712 0.006269
0.691155 0.659435 0.005597
0.691725 0.654758 0.005565
0.691682 0.651367 0.006121
0.691434 0.645136 0.006039
0.691604 0.642203 0.006158
0.691527 0.638418 0.006192
0.691274 0.633570 0.005878
0.691513 0.629084 0.006325
0.691929 0.625851 0.006330
0.691488 0.620835 0.006055
0.676691 0.819178 0.006206
0.676610 0.813868 0.005711
0.676738 0.810185 0.005714
0.677224 0.806593 0.006010
0.676819 0.802142 0.006219
0.681369 0.799281 0.006018
0.677260 0.794691 0.005856
0.676264 0.790898 0.005949
0.677270 0.785939 0.006188
0.677034 0.781690 0.006180
0.676099 0.778094 0.005999
0.676893 0.773690 0.005733
0.676885 0.769328 0.005248
0.675952 0.765156 0.005460
0.676677 0.761313 0.005926
0.676763 0.757648 0.006338
0.677782 0.753401 0.005677
0.677140 0.749095 0.006217
0.676366 0.745507 0.005622
0.677061 0.740951 0.005716
0.676437 0.735766 0.005991
0.676598 0.731629 0.005598
0.676544 0.728000 0.006215
0.676846 0.723958 0.005829
0.676415 0.721246 0.005641
0.676945 0.715903 0.005934
0.676910 0.712428 0.005705
0.677491 0.708265 0.005743
0.676149 0.703710 0.005516
0.676636 0.699752 0.005518
0.676363 0.696264 0.006080
0.677312 0.692263 0.005131
0.677543 0.687252 0.005930
0.677012 0.682745 0.005469
0.676414 0.679406 0.006242
0.677303 0.674632 0.005916
0.677016 0.670633 0.004957
0.681618 0.664230 0.005337
0.676070 0.662073 0.005911
0.676923 0.658751 0.005824
0.676519 0.654143 0.005954
0.677567 0.650309 0.005707
0.662305 0.818124 0.005241
0.663077 0.814116 0.006455
0.661686 0.810500 0.005681
0.661686 0.808008 0.005629
0.662600 0.802962 0.005926
0.662182 0.797961 0.006059
0.662451 0.794372 0.005587
0.663137 0.789957 0.005953
0.662799 0.786186 0.005874
0.662766 0.781120 0.006174
0.662120 0.777662 0.006044
0.662301 0.773962 0.005609
0.662467 0.769630 0.006179
0.662460 0.766007 0.005975
0.662616 0.761044 0.005633
0.662214 0.756607 0.005943
0.662145 0.753175 0.005992
0.662236 0.749255 0.005886
0.662759 0.744523 0.005522
0.662678 0.739890 0.006586
0.662294 0.736385 0.005706
0.663088 0.732064 0.006436
0.663334 0.727123 0.005957
0.662262 0.724794 0.006159
0.662150 0.719936 0.005736
0.662840 0.716202 0.005758
0.662351 0.711655 0.005735
0.661890 0.708105 0.005377
0.663557 0.703936 0.006078
0.662932 0.699632 0.005844
0.662105 0.699320 0.005970
0.662764 0.691268 0.005340
0.663111 0.687204 0.005772
0.662137 0.683733 0.005988
0.662092 0.678802 0.006290
0.663227 0.675716 0.005745
0.662583 0.670548 0.005273
0.662434 0.666905 0.005436
0.662021 0.662638 0.005560
0.662738 0.658104 0.006002
0.663500 0.654998 0.006012
0.663019 0.650143 0.005370
0.648854 0.819096 0.005322
0.647904 0.814779 0.005697
0.648509 0.810670 0.005513
0.648270 0.806892 0.005739
0.648171 0.802668 0.005737
0.648354 0.798106 0.005511
0.648390 0.794069 0.005820
0.647828 0.789992 0.006190
0.647202 0.785520 0.006041
0.648511 0.781218 0.005755
0.648451 0.778003 0.006356
0.648374 0.774351 0.005938
0.649006 0.769787 0.006032
0.648539 0.765106 0.005920
0.648262 0.761532 0.005572
0.648853 0.756954 0.005706
0.647731 0.753560 0.005259
0.647831 0.749244 0.005912
0.648621 0.744799 0.005887
0.648063 0.741536 0.006092
0.648440 0.737201 0.006415
0.648125 0.731550 0.005583
0.648572 0.728976 0.005834
0.648766 0.724418 0.006340
0.648563 0.720854 0.005536
0.647974 0.716149 0.006548
0.648159 0.712927 0.005388
0.648511 0.707551 0.005692
0.648229 0.703477 0.005615
0.647173 0.700294 0.006397
0.648183 0.695740 0.005704
0.648624 0.691314 0.005413
0.647872 0.687107 0.005903
0.647983 0.682897 0.006134
0.647609 0.679587 0.005608
0.648149 0.674968 0.006050
0.648767 0.672047 0.005893
0.647750 0.667082 0.005730
0.648063 0.663212 0.006202
0.648324 0.658283 0.005941
0.648475 0.654947 0.005473
0.648182 0.650650 0.005989
0.642250 0.646587 0.005734
0.648985 0.642408 0.005343
0.648612 0.638638 0.005659
0.648055 0.634763 0.005514
0.647984 0.630408 0.005622
0.648897 0.624450 0.005596
0.648521 0.621091 0.006189
