799.02 1029.44 16
821.04 1032.68 17
837.34 1027.29 15
862.14 1032.80 17
884.39 1031.59 15
907.86 1030.32 14
927.56 1027.53 13
950.99 1030.20 14
964.38 1032.06 18
988.56 1027.11 15
1011.35 1030.57 13
1029.48 1030.61 15
1053.18 1025.54 15
1074.95 1028.66 15
1096.16 1031.81 15
1117.96 1030.15 14
1134.25 1034.00 15
1156.51 1033.36 13
1179.17 1028.37 14
1200.91 1027.42 15
1219.56 1032.77 17
1241.35 1031.21 16
1262.80 1032.82 18
1286.37 1032.23 17
1306.52 1031.29 13
1328.86 1029.05 16
1348.77 1032.54 17
1374.36 1034.80 16
1389.72 1029.27 13
1411.33 1034.32 15
1432.54 1030.41 14
1456.25 1031.50 16
1479.63 1029.51 17
1496.11 1028.81 16
1517.11 1033.08 14
1540.28 1028.28 17
1557.79 1031.50 16
1579.10 1030.03 17
1595.57 1034.98 15
1622.58 1029.86 16
1641.72 1029.78 15
1665.66 1033.93 15
1685.09 1030.03 18
1703.74 1029.20 17
1727.00 1032.43 16
1748.02 1031.96 14
1768.93 1031.09 14
1790.15 1029.50 15
1811.87 1031.15 16
1832.75 1032.53 13
905.50 982.73 17
927.51 985.83 14
947.86 981.17 14
969.22 976.13 17
990.06 984.48 15
1010.00 985.64 16
1030.49 982.68 17
1053.01 985.67 16
1073.34 979.91 14
1097.38 983.49 15
1117.08 982.01 15
1134.72 981.66 16
1159.68 986.10 16
1179.12 983.52 17
1201.54 977.75 16
1220.57 983.96 17
1243.03 986.82 15
1264.34 979.03 15
1282.89 979.51 13
1307.18 981.27 14
1326.04 979.96 13
1346.36 982.39 14
1368.57 982.64 18
1390.69 986.20 16
1408.30 987.57 16
1435.41 979.55 15
1454.91 985.19 15
1473.21 983.90 15
1495.63 982.84 17
1519.28 984.65 14
1536.83 980.98 15
1558.36 983.05 14
1582.54 981.48 15
1603.24 982.20 19
1619.47 986.82 18
1644.31 984.03 18
1665.55 982.07 14
1685.42 980.93 13
1707.85 984.67 17
1725.81 982.54 14
1752.34 980.13 16
1768.66 984.30 14
1788.36 980.09 17
1811.58 983.59 15
1829.37 983.80 15
882.50 934.77 19
903.32 937.24 16
928.08 933.50 14
950.81 933.40 14
969.93 935.79 17
991.62 935.50 14
1009.39 937.12 18
1033.17 934.69 14
1052.95 935.51 16
1078.36 937.44 14
1098.00 932.51 17
1115.28 933.50 17
1137.35 936.48 16
1154.92 933.38 15
1181.28 932.46 14
1189.89 932.83 15
1222.21 934.73 13
1244.22 936.59 14
1262.59 935.59 17
1285.99 936.38 15
1305.31 936.94 15
1328.95 936.29 17
1346.13 935.47 16
1368.50 933.81 15
1388.76 935.25 17
1412.70 937.71 16
1427.60 937.84 16
1457.22 936.07 16
1479.12 933.71 17
1494.77 934.13 18
1514.08 934.61 12
1542.30 937.80 18
1559.43 939.25 17
1579.31 937.32 15
1600.55 930.10 17
1621.87 935.20 13
1645.81 934.88 16
1664.02 933.90 17
1685.31 937.42 15
1706.94 933.87 12
1727.87 932.64 16
1746.34 933.65 15
1770.01 938.99 18
1787.98 937.64 17
1813.33 936.28 18
1831.21 935.91 16
800.40 885.90 17
822.40 883.45 16
838.95 886.56 15
861.71 887.16 16
883.66 883.10 19
905.58 885.08 15
927.63 889.57 16
949.07 887.98 15
971.71 884.58 17
990.98 886.64 14
1011.93 884.47 18
1030.99 887.16 15
1053.88 883.30 15
1076.04 885.31 15
1095.73 884.30 16
1117.95 886.84 14
1142.14 889.08 17
1155.28 890.57 15
1179.06 885.50 15
1201.80 883.01 17
1227.62 885.68 18
1240.47 889.66 16
1263.49 884.87 15
1286.38 888.64 16
1308.15 884.81 17
1323.40 884.25 16
1346.88 884.74 16
1369.32 886.74 17
1388.24 886.75 13
1409.60 887.10 16
1436.87 886.42 16
1453.65 887.57 15
1475.90 885.75 16
1495.48 887.96 14
1518.34 888.28 15
1536.37 886.87 15
1559.74 884.91 18
1585.48 884.81 14
1600.21 887.33 15
1625.92 886.66 17
1640.93 880.89 16
1667.55 884.21 14
1684.57 885.48 16
1707.18 884.88 13
1727.52 887.58 17
1751.12 885.09 16
1769.76 884.85 15
1788.72 890.34 14
1807.62 884.64 16
1834.66 886.51 14
902.98 836.99 14
924.87 837.63 16
946.40 836.90 17
967.50 838.48 15
989.73 838.71 14
1011.55 840.42 14
1030.63 836.85 17
1055.56 840.53 14
1074.78 833.98 14
1097.16 840.80 16
1115.79 835.63 16
1137.60 837.22 17
1157.71 841.03 16
1176.97 841.79 14
1198.05 839.70 17
1220.35 840.17 14
1243.53 837.73 16
1263.99 843.39 15
1284.17 834.01 17
1307.57 841.08 15
1325.92 836.33 16
1346.37 839.14 15
1369.77 840.84 16
1392.41 836.91 16
1411.92 840.96 15
1431.31 839.85 15
1453.21 838.97 18
1478.46 840.64 15
1492.28 842.34 19
1517.05 840.00 15
1534.00 837.18 13
1557.62 839.58 13
1579.57 838.61 17
1601.52 835.39 15
1622.12 838.57 14
1644.54 838.85 18
1659.87 836.18 15
1685.06 837.68 15
1708.26 834.44 17
1726.79 838.06 15
1746.08 836.55 16
1765.92 835.15 16
1787.88 839.77 14
1811.63 837.31 14
1830.63 833.77 17
432.17 2000.83 16
449.65 1997.21 17
469.80 2002.07 17
486.61 1993.17 18
510.61 1995.03 18
525.85 1992.19 18
539.97 1984.87 17
554.80 1979.64 17
574.81 1979.93 18
593.83 1978.95 16
609.52 1972.45 19
626.50 1974.20 17
644.57 1966.55 18
662.27 1963.56 17
683.77 1957.28 18
702.56 1953.38 17
717.43 1951.86 18
736.05 1949.52 17
751.62 1947.92 15
772.35 1939.14 17
788.90 1944.12 18
805.10 1935.82 18
822.63 1933.03 17
838.90 1932.06 17
859.28 1923.27 18
873.15 1923.65 17
893.23 1920.84 16
911.38 1914.66 17
931.27 1917.77 16
948.31 1909.00 17
962.64 1906.45 16
983.53 1904.28 17
1001.71 1901.19 16
1019.10 1896.10 17
1034.25 1895.97 18
1051.51 1891.45 16
1072.39 1887.41 17
1087.62 1885.84 16
1107.98 1883.01 18
1123.73 1875.53 17
1142.34 1876.34 16
1158.82 1875.27 18
1180.02 1872.26 17
1195.19 1866.49 18
1212.14 1857.64 18
1231.50 1855.63 17
1251.17 1855.45 18
435.43 1945.11 17
455.05 1942.86 17
472.60 1938.35 18
486.91 1938.31 18
503.43 1936.25 17
521.83 1931.34 18
541.22 1928.72 16
554.59 1924.07 19
574.30 1922.88 18
593.62 1914.62 18
612.06 1911.63 18
625.69 1912.02 20
646.59 1910.02 16
660.90 1904.36 17
685.21 1900.94 18
700.81 1897.31 17
717.13 1894.90 16
734.85 1891.15 18
754.87 1888.18 16
766.91 1882.90 17
786.52 1885.00 17
806.04 1875.54 19
824.80 1874.96 17
840.84 1869.95 18
855.29 1872.30 16
875.41 1862.98 17
893.01 1860.73 17
908.23 1855.52 16
925.28 1854.88 17
947.19 1853.71 18
962.22 1850.70 19
982.42 1845.00 18
1001.56 1843.56 17
1015.68 1840.87 16
1037.39 1836.55 19
1054.68 1838.06 17
1069.95 1829.22 18
1091.15 1825.05 18
1109.14 1820.74 17
1124.59 1822.18 17
1141.24 1812.65 16
1159.70 1812.68 17
1171.01 1811.01 19
1193.86 1803.16 17
1212.00 1803.24 18
1229.16 1793.83 17
460.98 1882.76 18
478.22 1878.29 17
501.30 1877.60 19
515.70 1872.64 18
534.15 1870.59 17
552.57 1867.21 20
571.43 1868.28 17
587.64 1859.49 16
604.27 1857.18 17
617.92 1853.59 17
640.75 1850.89 18
638.00 1895.82 17
673.65 1844.67 17
690.82 1841.46 17
706.51 1840.15 17
728.39 1835.59 17
743.62 1828.26 18
761.12 1825.73 18
781.70 1824.52 17
795.82 1823.62 17
815.60 1817.13 18
834.31 1812.53 16
852.90 1808.53 17
870.69 1805.14 18
887.92 1804.93 17
901.39 1803.67 17
925.98 1802.18 20
939.94 1793.46 18
955.83 1790.92 17
973.16 1789.58 17
993.99 1788.71 18
1010.55 1784.85 15
1030.95 1776.01 16
1047.63 1775.02 18
1066.94 1774.06 18
1080.04 1762.96 19
1100.30 1764.39 17
1118.80 1758.17 18
1133.98 1755.23 18
1149.79 1758.44 20
1170.61 1755.98 16
1189.46 1749.97 18
381.40 1837.32 18
401.90 1836.89 16
418.43 1833.50 18
437.19 1828.06 19
452.72 1826.65 18
471.38 1825.53 18
490.17 1816.74 17
505.31 1813.46 19
523.47 1812.85 17
539.69 1806.37 17
561.93 1807.55 17
581.11 1804.87 17
595.71 1798.72 17
612.11 1793.72 17
632.51 1791.98 17
652.05 1788.55 18
660.66 1787.46 17
687.10 1785.69 18
700.41 1777.61 17
721.76 1778.07 17
738.13 1773.12 18
753.29 1771.83 18
769.94 1767.32 16
787.73 1764.45 17
811.82 1757.23 18
826.42 1756.33 16
842.70 1754.82 17
861.83 1748.08 15
879.30 1743.81 18
897.30 1744.09 16
929.74 1742.49 19
946.99 1734.03 17
971.16 1735.27 19
985.18 1728.27 17
1003.62 1727.54 16
1018.77 1722.28 16
1040.92 1718.69 17
1054.78 1717.02 19
1074.06 1711.72 19
1092.24 1709.40 18
1106.89 1704.21 18
1127.10 1697.51 18
1145.51 1697.00 16
1163.76 1695.77 18
1178.74 1691.54 17
1198.07 1690.85 17
1218.54 1687.74 18
1236.26 1680.97 21
1251.03 1679.21 17
439.94 1767.55 18
457.71 1766.75 16
473.36 1762.98 18
494.42 1764.04 18
509.91 1759.53 18
523.54 1756.62 16
551.65 1757.60 17
559.75 1749.05 16
578.85 1741.86 17
597.21 1742.73 17
613.23 1739.73 16
633.04 1737.21 18
650.55 1732.09 18
665.12 1726.02 19
688.26 1727.13 20
708.06 1721.46 18
723.08 1719.18 17
741.67 1715.68 18
758.58 1710.23 17
772.91 1705.28 18
795.87 1702.82 18
811.63 1699.34 17
829.30 1696.75 18
849.82 1694.35 17
865.84 1693.06 15
881.21 1689.35 17
899.30 1685.22 17
919.40 1679.12 18
936.15 1679.25 17
937.07 1698.68 17
983.13 1668.62 18
989.51 1667.89 19
1009.73 1668.21 16
1023.12 1665.79 18
1035.78 1659.47 18
1056.27 1654.43 17
1073.77 1650.78 16
1093.39 1647.32 17
1116.94 1646.77 16
1140.12 1670.04 18
1150.49 1642.01 17
1162.92 1635.74 17
1183.83 1631.90 17
390.54 1716.85 16
403.49 1718.52 17
425.12 1713.22 18
439.28 1711.21 17
459.50 1707.00 17
477.68 1705.87 17
492.15 1701.25 18
505.55 1701.05 18
529.83 1693.68 18
542.65 1696.95 18
559.96 1688.56 17
582.05 1689.63 18
596.48 1684.91 18
618.37 1679.00 17
638.60 1676.28 18
653.27 1672.95 18
671.49 1667.73 19
689.57 1668.05 16
702.46 1666.64 17
720.86 1658.83 19
734.84 1657.44 17
762.79 1652.46 17
772.11 1653.08 18
796.01 1647.55 18
810.72 1643.46 19
825.61 1642.57 18
851.17 1641.06 18
864.50 1638.21 18
885.94 1628.07 16
896.00 1625.44 19
918.46 1624.94 17
936.90 1618.06 17
950.40 1616.39 17
967.92 1615.38 18
990.62 1609.33 18
1004.10 1609.53 16
1014.33 1614.51 17
1042.78 1600.51 17
1043.03 1595.71 17
1079.24 1594.25 16
1095.23 1592.03 17
1111.24 1588.62 17
1128.83 1581.93 19
1149.23 1582.78 17
1169.97 1578.22 17
1186.79 1575.06 16
1197.37 1570.71 17
1216.46 1567.08 19
377.54 1666.77 17
397.08 1662.92 17
414.24 1655.95 16
432.15 1654.95 17
453.71 1648.87 17
467.58 1649.29 18
484.01 1646.44 18
501.88 1638.04 17
519.06 1635.87 17
536.90 1630.98 17
559.39 1635.47 18
574.44 1628.95 18
586.31 1628.91 16
614.65 1623.41 18
627.72 1618.52 17
639.47 1614.78 18
660.71 1612.61 17
677.54 1604.82 18
697.27 1606.74 18
714.32 1604.20 16
726.65 1601.23 20
748.95 1595.54 17
771.39 1589.69 17
782.34 1589.26 17
808.29 1587.67 19
818.30 1587.25 19
836.29 1578.28 19
856.34 1579.08 18
872.40 1572.21 17
890.77 1568.83 19
911.30 1571.01 18
927.97 1565.57 17
951.22 1561.86 17
961.67 1552.43 18
982.28 1557.03 18
996.52 1546.92 16
1012.68 1551.46 17
1031.08 1546.29 18
1052.55 1537.46 16
1070.83 1538.26 18
1087.77 1539.46 18
1107.93 1531.42 17
1117.30 1529.87 18
1138.43 1522.85 18
1157.22 1521.56 16
1175.46 1513.54 17
1231.00 1526.78 18
1212.90 1509.57 17
404.25 1598.96 18
424.76 1598.84 18
440.09 1592.83 17
457.16 1594.35 18
475.71 1588.79 17
496.98 1586.41 15
511.40 1583.40 16
526.98 1574.63 17
551.19 1571.15 19
565.36 1571.51 17
580.58 1569.45 18
604.85 1568.78 19
619.06 1561.62 17
632.85 1559.78 18
649.96 1556.82 17
669.04 1551.36 17
689.71 1545.75 17
707.37 1547.53 17
724.79 1543.61 18
740.81 1537.78 17
762.17 1537.23 18
778.15 1529.56 17
799.67 1532.00 17
812.80 1526.33 17
832.44 1528.98 17
850.79 1516.26 17
866.75 1517.08 18
879.98 1514.52 19
903.51 1509.20 17
922.71 1510.45 19
942.57 1503.97 18
952.19 1500.11 16
972.24 1494.92 17
985.30 1496.88 19
1010.01 1494.40 17
1026.52 1487.80 18
1043.18 1482.13 18
1062.48 1482.08 17
1076.89 1475.09 18
1098.16 1479.15 17
1119.51 1468.53 17
1129.65 1466.21 17
1148.73 1464.59 18
1167.72 1456.12 18
348.50 1555.71 17
348.45 1544.48 17
380.17 1545.32 16
396.28 1546.35 19
413.74 1540.47 16
434.39 1535.76 17
450.10 1534.96 18
468.85 1528.48 18
489.55 1524.76 18
502.27 1529.73 18
520.51 1518.26 19
540.59 1520.25 18
558.26 1517.51 17
574.12 1511.69 17
589.29 1507.17 16
609.70 1502.53 18
625.67 1503.35 18
648.09 1499.61 16
668.11 1497.35 18
676.50 1488.18 18
698.37 1491.52 16
718.57 1485.36 17
732.36 1479.85 17
752.32 1481.02 18
769.71 1474.98 17
790.98 1473.89 18
805.20 1465.16 17
826.26 1467.24 18
844.70 1462.54 19
859.58 1457.91 19
875.24 1453.33 16
897.88 1455.68 19
913.65 1446.04 18
925.58 1445.68 18
947.99 1445.82 16
966.40 1439.53 18
981.14 1435.73 17
1000.47 1436.12 17
1016.68 1429.47 17
1034.80 1425.89 17
1051.64 1425.86 17
1071.58 1419.92 17
1086.17 1415.02 17
1104.94 1412.25 17
1123.24 1405.96 18
1143.31 1410.64 18
1159.49 1399.13 18
1180.43 1402.35 18
1193.78 1397.59 18
1216.27 1397.95 17
412.01 1483.26 17
438.78 1479.93 19
453.73 1478.95 17
468.55 1474.89 20
487.41 1466.18 19
504.87 1463.57 18
522.91 1461.69 18
545.35 1458.21 17
559.90 1457.74 16
574.72 1452.21 18
595.71 1452.66 17
614.69 1445.26 17
629.25 1445.00 17
648.40 1438.76 17
665.70 1437.82 19
684.94 1430.85 18
701.70 1430.44 18
716.60 1429.03 18
739.67 1422.66 17
755.00 1417.36 18
773.29 1421.42 18
790.06 1412.74 17
807.29 1406.50 17
826.50 1409.49 18
841.94 1407.25 17
856.59 1400.70 18
877.71 1394.20 17
892.45 1393.38 19
916.62 1390.18 17
928.14 1388.46 18
950.51 1381.21 17
967.17 1381.25 17
984.82 1376.93 18
1000.12 1374.58 17
1018.66 1367.49 19
1033.53 1368.28 17
1053.71 1364.86 17
1071.66 1356.00 18
1089.48 1355.88 18
1105.08 1356.87 20
1128.22 1346.47 18
415.38 1424.53 20
436.78 1421.05 17
455.47 1417.38 17
471.85 1413.52 19
485.23 1409.20 17
502.46 1410.79 16
521.92 1401.24 17
543.86 1402.43 17
557.43 1399.27 17
581.13 1395.99 18
587.50 1389.21 17
611.73 1385.97 17
635.21 1385.24 17
646.09 1381.23 18
666.51 1376.28 17
684.01 1373.21 16
701.15 1371.37 17
715.09 1367.11 17
738.53 1363.99 17
753.39 1358.67 18
771.83 1356.96 18
791.69 1353.62 18
808.09 1346.95 19
826.85 1346.29 19
843.03 1348.38 19
858.72 1343.22 17
879.92 1337.05 17
940.98 1347.09 17
912.22 1332.50 18
932.49 1328.22 17
951.98 1324.84 19
956.32 1338.57 16
981.01 1320.75 17
1005.89 1317.39 17
1020.15 1311.71 16
1037.46 1308.19 17
1055.22 1306.78 16
1073.02 1299.36 16
1056.38 1286.59 18
1111.05 1296.48 19
394.93 1371.66 17
410.41 1363.02 19
429.78 1358.14 18
445.92 1359.20 16
472.54 1355.61 19
484.30 1351.20 18
501.49 1349.45 18
520.29 1350.89 17
533.53 1342.98 17
553.60 1338.82 16
571.13 1334.07 18
590.28 1333.75 18
604.92 1328.08 17
621.75 1328.39 16
641.09 1318.73 18
658.43 1320.67 18
674.54 1313.35 18
697.26 1315.66 17
715.31 1311.47 17
730.42 1309.33 16
747.12 1304.32 18
764.92 1298.38 18
784.83 1299.23 18
799.27 1293.78 18
818.84 1293.82 17
831.65 1289.03 18
852.39 1286.07 17
869.12 1281.73 16
889.09 1281.64 18
906.72 1276.42 18
921.64 1279.44 18
988.53 1269.17 18
961.79 1266.69 19
979.38 1260.06 17
993.67 1258.62 17
1014.41 1254.97 17
1029.64 1247.98 17
1048.21 1247.71 17
1066.09 1245.15 19
1086.85 1241.44 17
1101.70 1239.02 18
1119.48 1235.83 18
359.52 1317.68 17
376.80 1314.21 16
396.81 1312.00 18
409.35 1305.78 17
435.15 1306.03 17
445.91 1299.48 19
466.43 1293.79 18
485.66 1291.67 19
501.58 1288.83 17
512.72 1286.50 17
535.19 1282.41 17
553.46 1280.38 17
572.88 1276.32 18
590.59 1274.68 17
609.33 1274.04 17
625.59 1272.02 17
644.70 1263.18 17
660.42 1262.34 17
679.95 1258.03 18
697.53 1255.37 17
713.59 1252.56 17
733.89 1248.68 18
750.51 1246.87 17
766.46 1241.33 18
782.73 1239.39 17
802.36 1237.02 18
820.52 1230.78 17
834.31 1229.25 17
807.70 1209.27 17
872.94 1222.84 17
888.33 1217.18 17
910.30 1216.73 16
928.06 1211.41 15
1015.66 1182.73 17
960.11 1205.29 18
975.51 1205.40 17
993.31 1199.89 18
1015.84 1194.51 18
1032.41 1190.74 17
1053.45 1188.84 17
1068.10 1190.37 18
1086.90 1181.59 16
1104.77 1177.30 17
1120.47 1177.43 18
1140.80 1171.62 17
1603.88 1178.72 11
1619.13 1186.53 12
1631.68 1194.29 11
1644.41 1200.60 12
1657.25 1206.02 13
1673.03 1211.76 11
1686.06 1218.65 12
1699.58 1225.55 11
1714.57 1229.56 12
1727.18 1234.35 10
1741.25 1241.82 10
1759.36 1239.73 12
1771.14 1249.75 13
1784.32 1252.65 11
1796.83 1255.48 8
1812.39 1260.56 12
1825.18 1265.14 13
1839.69 1266.95 13
1854.38 1272.72 10
1868.40 1274.92 12
1881.85 1282.16 12
1895.69 1283.75 12
1908.86 1291.44 13
1922.63 1294.03 12
1939.09 1298.84 12
1951.08 1305.04 12
1964.50 1312.24 11
1979.03 1315.96 10
1994.11 1323.87 11
2008.58 1329.88 12
2021.47 1338.63 12
2032.80 1346.16 10
2046.52 1351.71 10
2059.72 1360.15 11
2073.15 1367.51 12
2084.91 1377.55 12
2099.89 1389.35 11
2113.97 1396.41 12
2124.96 1403.23 11
2138.69 1412.84 12
1609.23 1156.07 10
1622.60 1163.27 11
1636.87 1171.63 11
1647.28 1175.47 11
1664.18 1187.17 12
1674.85 1188.03 13
1689.00 1194.38 12
1703.79 1198.67 10
1718.27 1206.37 11
1731.69 1209.65 12
1746.43 1214.10 13
1759.69 1219.45 11
1773.40 1223.41 12
1789.53 1227.27 11
1803.83 1231.37 11
1817.03 1237.14 11
1830.10 1240.75 11
1843.15 1246.54 12
1857.60 1247.53 11
1873.69 1252.10 11
1885.06 1257.31 12
1900.88 1261.53 11
1913.67 1267.56 10
1927.15 1270.58 11
1942.52 1275.36 11
1957.28 1279.72 12
1971.65 1287.01 9
1984.23 1293.61 10
1998.10 1299.70 11
2011.77 1308.02 12
2025.60 1312.39 11
2037.75 1319.80 11
2052.08 1325.31 9
2063.44 1333.51 12
2078.01 1344.32 13
2090.27 1351.78 12
2102.27 1363.23 14
2114.69 1372.15 13
2128.67 1381.04 11
2141.88 1389.28 10
2156.64 1399.37 12
2168.28 1410.53 14
2181.92 1417.65 12
2193.85 1429.13 12
2207.86 1437.85 10
2220.30 1449.73 12
2234.47 1457.56 13
1175.95 176.73 16
1196.14 176.56 16
1215.12 179.42 16
1236.88 183.40 15
1253.49 189.44 20
1274.02 193.78 17
1289.49 196.13 19
1306.99 200.39 18
1326.04 205.11 18
1346.94 213.85 19
1364.30 219.02 15
1381.75 220.61 19
1402.91 226.24 18
1424.02 233.28 18
1441.24 237.36 18
1461.64 246.12 17
1480.04 251.82 16
1496.47 258.16 17
1515.80 266.32 17
1531.87 270.29 16
1551.69 277.03 16
1571.22 287.28 17
1592.25 294.17 17
1612.00 300.01 18
1627.62 304.02 18
1653.74 316.46 18
1668.02 321.17 17
1686.20 329.94 18
1705.00 336.54 18
1723.64 340.75 17
1743.59 352.32 17
1759.18 359.51 18
1778.31 363.96 17
1798.14 368.18 18
1820.50 376.03 19
1839.18 381.28 18
1855.70 386.87 17
1876.20 391.72 17
1894.32 394.30 18
1911.92 401.61 18
1930.56 408.81 18
1957.13 394.08 19
1967.61 417.82 20
1990.97 422.77 17
2006.01 426.40 19
2027.36 431.72 19
2049.21 435.19 18
2064.44 440.70 16
1182.21 129.05 18
1198.94 131.57 15
1220.07 134.66 18
1235.52 140.44 18
1251.67 144.80 19
1273.19 146.36 17
1292.06 150.41 18
1280.13 156.61 20
1329.58 161.57 17
1349.25 166.59 19
1367.14 169.25 16
1388.32 175.29 16
1407.01 183.81 17
1422.57 186.55 18
1445.27 191.16 17
1458.99 198.83 18
1480.61 203.62 17
1498.82 214.58 18
1517.23 219.81 18
1535.01 225.02 18
1556.94 233.11 18
1575.38 241.50 19
1595.24 246.64 16
1615.24 254.25 16
1633.87 261.91 17
1651.88 268.01 18
1672.49 277.53 20
1686.41 282.12 17
1706.41 292.38 17
1725.65 301.71 17
1739.45 302.71 18
1762.43 311.67 19
1783.67 317.05 19
1801.35 319.14 17
1822.86 331.55 19
1841.11 334.45 17
1855.58 341.33 18
1879.58 346.16 17
1895.59 355.40 18
1911.94 354.67 18
1929.58 362.69 18
1949.33 365.28 18
1970.52 370.89 18
1990.95 373.74 18
2011.91 381.24 18
2028.54 385.16 16
2051.67 390.05 17
283.86 1319.23 21
303.10 1307.28 19
316.34 1289.66 19
331.17 1273.99 19
349.28 1254.59 24
361.47 1242.18 20
377.26 1228.86 18
393.71 1208.82 15
401.72 1198.18 19
421.96 1181.75 21
431.83 1165.72 19
453.33 1148.12 19
464.41 1133.51 19
482.51 1120.52 21
495.82 1102.89 21
511.77 1092.13 19
529.30 1072.22 22
544.07 1060.14 18
559.23 1045.07 21
570.94 1029.55 22
590.51 1014.82 20
604.32 1000.36 18
620.01 987.52 20
632.29 974.86 20
649.90 958.80 18
663.89 942.98 22
683.12 922.58 24
698.03 911.37 16
713.44 900.11 22
725.01 885.51 19
742.20 866.79 16
753.77 851.49 21
771.58 840.51 18
786.75 828.63 21
801.96 807.40 19
819.16 794.98 21
834.65 776.41 19
849.10 761.96 21
861.94 748.04 13
878.16 731.78 21
891.04 719.17 17
906.39 701.58 16
921.76 684.32 19
267.79 1288.38 22
288.61 1268.19 20
298.83 1257.59 19
315.81 1243.72 17
328.03 1225.20 19
342.05 1208.09 19
363.89 1195.99 18
376.82 1173.81 18
390.73 1158.45 17
402.20 1144.19 23
420.44 1132.04 21
433.20 1121.44 22
451.01 1100.39 21
463.82 1093.17 24
479.26 1067.70 21
492.79 1060.25 18
510.81 1037.92 22
523.39 1035.24 22
542.08 1014.02 18
555.33 1001.57 22
569.29 990.04 21
587.88 970.37 18
598.51 958.09 17
617.28 942.89 17
631.16 925.60 20
648.82 912.94 20
666.76 895.44 17
681.13 880.26 20
698.37 867.25 19
710.16 853.45 18
719.81 837.42 20
738.24 820.59 18
754.28 811.88 22
771.11 795.72 20
784.87 775.29 20
800.10 766.95 19
817.82 748.65 17
829.22 735.64 19
847.02 715.42 19
859.35 701.12 20
873.27 687.98 19
887.57 672.66 24
901.80 653.34 19
919.81 637.59 20
936.11 625.05 19
947.33 611.01 21
250.93 1262.75 17
266.58 1242.44 19
284.42 1224.98 21
300.14 1209.46 19
307.78 1195.36 21
328.22 1177.41 22
339.34 1167.30 21
355.43 1151.98 21
373.59 1133.28 20
388.02 1118.67 21
400.47 1102.49 21
410.92 1089.26 19
426.08 1073.16 18
446.51 1057.41 19
461.08 1045.44 19
478.62 1029.60 18
489.57 1014.75 18
508.24 1001.03 19
522.51 985.44 21
537.48 974.34 19
552.88 957.33 17
571.32 943.47 21
584.60 927.37 20
596.03 913.34 19
617.16 897.34 19
629.72 881.48 17
644.90 868.40 22
660.94 853.32 18
678.58 838.25 20
691.85 822.12 21
704.15 809.22 17
719.72 794.27 19
739.90 775.87 16
751.89 760.84 21
769.01 747.02 19
782.30 732.60 18
794.74 719.55 21
810.57 705.45 19
825.60 688.00 17
842.73 673.24 24
855.03 659.19 16
869.11 641.04 23
886.66 624.50 21
896.11 607.65 19
916.09 592.45 18
929.60 578.62 17
942.28 561.34 20
961.28 546.94 21
971.84 531.42 19
986.63 516.69 19
232.16 1228.17 19
244.17 1216.35 22
263.62 1200.42 19
278.29 1184.87 17
292.63 1166.50 18
304.76 1151.63 18
316.74 1138.81 18
337.35 1121.67 16
350.57 1110.32 16
364.93 1091.39 17
383.06 1075.50 21
399.67 1058.68 20
410.39 1047.45 20
425.10 1033.27 18
444.91 1014.15 21
452.55 1002.66 18
466.67 984.56 20
487.63 976.16 20
503.32 955.46 17
517.07 944.80 18
532.69 927.90 22
550.57 911.90 16
563.69 896.39 17
579.72 885.57 19
592.27 872.10 19
605.95 853.96 19
622.77 842.57 22
638.32 829.66 19
655.25 807.10 20
669.28 795.92 21
688.61 785.95 20
703.62 766.66 19
713.99 756.57 21
728.57 738.51 16
748.99 721.47 19
756.71 704.36 21
775.36 692.82 21
787.41 675.63 22
803.62 661.28 20
820.46 646.81 20
832.59 631.57 21
845.72 619.01 19
875.71 592.00 16
878.14 584.54 21
897.53 567.33 22
907.82 548.53 20
210.65 1202.99 17
227.52 1188.75 18
239.47 1171.80 22
253.83 1159.19 21
267.38 1140.72 21
285.55 1124.20 21
296.46 1113.05 22
308.56 1101.66 21
332.01 1071.94 21
341.71 1064.75 18
361.15 1046.70 19
375.03 1036.24 19
388.27 1022.25 20
401.35 1007.39 22
417.90 987.86 20
434.22 971.26 21
448.04 961.07 19
466.04 945.65 18
485.21 929.41 20
495.82 913.96 20
509.96 897.54 19
526.10 887.07 20
531.98 877.13 20
559.25 856.08 15
573.29 844.49 20
587.32 826.26 19
605.41 809.61 24
619.14 799.50 21
632.99 785.34 21
650.71 768.13 19
633.41 784.53 20
681.46 737.58 17
693.39 726.56 19
708.29 706.89 22
723.17 693.22 20
739.74 678.66 17
754.76 663.90 21
766.17 648.64 18
782.33 633.06 17
800.94 616.37 17
815.29 602.24 18
827.49 593.01 23
842.54 573.20 21
858.17 551.43 18
870.12 543.07 17
891.66 522.80 20
904.70 505.23 21
914.89 492.35 18
928.64 477.26 19
945.08 459.77 21
2342.02 2016.27 12
2339.43 2005.79 10
2339.37 1998.19 11
2340.20 1985.50 11
2340.45 1976.43 10
2340.21 1967.78 11
2336.55 1956.02 11
2337.49 1945.77 11
2340.51 1934.20 12
2339.76 1925.68 11
2339.08 1916.04 11
2339.94 1904.31 11
2339.08 1896.73 11
2341.54 1885.19 12
2338.00 1873.73 11
2338.56 1864.96 12
2339.62 1854.09 12
2338.59 1844.76 11
2337.33 1834.91 11
2338.28 1824.72 11
2344.11 1814.60 12
2338.69 1806.00 11
2337.90 1794.07 12
2339.04 1785.88 11
2330.93 1783.71 12
2337.31 1763.80 11
2339.44 1754.27 12
2339.20 1741.68 12
2339.82 1732.83 12
2340.19 1725.30 12
2339.15 1712.68 13
2339.58 1703.59 12
2338.62 1695.29 13
2337.98 1683.12 11
2341.52 1672.50 11
2337.90 1662.86 12
2338.52 1650.88 11
2339.94 1641.92 10
2340.68 1634.36 12
2340.70 1623.69 11
2339.60 1612.08 12
2339.52 1602.43 12
2338.42 1593.04 12
2339.61 1583.04 12
2339.56 1571.46 11
2340.40 1561.15 12
2305.34 2017.70 12
2303.14 2006.73 12
2303.80 1998.19 12
2303.07 1985.60 10
2303.33 1977.74 11
2302.37 1965.55 11
2304.27 1953.82 11
2304.57 1945.45 12
2302.51 1935.92 12
2305.18 1924.47 11
2302.85 1915.41 12
2303.36 1904.10 11
2303.11 1896.04 12
2304.26 1885.98 12
2303.38 1876.37 11
2302.36 1865.25 11
2304.78 1854.32 12
2304.83 1843.25 11
2305.39 1835.14 11
2304.13 1825.06 10
2306.16 1813.05 12
2303.61 1804.94 12
2303.28 1795.21 13
2304.18 1783.83 11
2300.67 1762.33 11
2304.03 1764.60 11
2304.06 1755.39 11
2302.76 1744.24 10
2303.42 1733.23 12
2305.13 1723.77 13
2303.29 1712.68 12
2303.64 1702.05 11
2303.86 1692.45 12
2302.09 1682.16 12
2303.67 1672.58 12
2301.68 1663.34 12
2304.50 1652.92 12
2303.07 1641.05 12
2303.28 1633.25 11
2301.66 1625.88 12
2303.91 1610.18 11
2302.74 1600.73 12
2304.85 1592.60 11
2301.55 1583.19 12
2301.25 1570.49 12
2302.87 1563.22 12
2304.06 1553.28 12
2308.95 1538.28 11
2305.56 1532.16 12
2268.98 2017.38 12
2267.75 2006.45 11
2270.12 1996.15 11
2271.21 1986.51 12
2268.26 1976.07 11
2268.09 1968.36 11
2268.89 1956.91 12
2267.90 1946.07 11
2268.40 1937.25 10
2266.02 1924.66 13
2268.91 1916.38 13
2271.62 1907.35 12
2268.35 1897.16 11
2266.30 1884.05 11
2270.49 1873.99 13
2268.19 1864.75 12
2268.28 1855.20 11
2267.73 1844.96 11
2268.62 1834.92 10
2266.96 1825.03 12
2266.88 1816.34 12
2268.22 1804.41 12
2268.40 1793.98 11
2268.42 1785.79 12
2269.20 1772.31 11
2270.37 1765.48 12
2268.91 1754.35 11
2268.31 1743.40 12
2267.17 1732.71 12
2268.77 1725.18 12
2266.46 1711.85 11
2267.22 1703.61 12
2267.35 1692.59 12
2270.56 1682.40 10
2267.30 1673.43 11
2268.65 1662.04 12
2268.39 1651.67 11
2270.68 1640.92 13
2266.49 1632.67 11
2268.57 1623.17 13
2267.70 1611.22 11
2267.39 1600.10 11
2266.69 1593.29 12
2269.17 1580.91 13
2232.40 2016.14 11
2234.44 2008.00 12
2232.35 1996.66 11
2234.79 1986.82 12
2233.19 1975.43 12
2232.57 1965.40 11
2230.78 1956.51 13
2230.24 1947.54 11
2233.11 1936.75 11
2233.77 1926.37 12
2233.05 1918.37 10
2232.24 1904.48 13
2233.78 1896.02 10
2232.17 1883.87 11
2232.10 1877.43 12
2233.22 1865.90 11
2231.63 1854.60 12
2233.36 1844.43 12
2234.21 1837.73 12
2233.62 1825.83 13
2233.81 1814.55 12
2231.30 1804.56 11
2234.12 1795.61 12
2234.64 1783.04 11
2231.37 1773.21 12
2234.68 1764.31 11
2233.27 1756.44 11
2233.36 1742.34 11
2232.73 1733.60 12
2232.34 1721.97 11
2231.57 1714.28 12
2233.85 1702.51 12
2233.83 1691.82 13
2233.38 1686.44 11
2232.41 1672.53 12
2233.40 1665.20 12
2230.64 1653.38 12
2232.24 1641.67 11
2235.95 1634.03 12
2233.13 1623.69 12
2233.82 1612.61 11
2233.98 1602.27 11
2234.76 1590.03 12
2232.38 1579.51 12
2232.46 1572.54 11
2234.41 1561.42 13
2231.92 1551.84 12
2232.70 1541.23 12
2233.25 1532.14 11
2197.98 2015.71 11
2198.03 2005.60 12
2198.60 1997.85 12
2197.39 1986.57 12
2197.93 1974.64 11
2195.88 1966.90 12
2199.90 1956.67 12
2197.52 1946.40 11
2196.86 1936.34 10
2197.21 1924.87 13
2197.22 1915.24 12
2195.99 1906.09 12
2197.15 1895.75 11
2195.80 1886.26 12
2197.18 1875.50 11
2199.14 1865.54 12
2197.16 1856.02 12
2197.23 1845.59 11
2197.31 1835.03 11
2197.50 1825.30 11
2197.69 1814.74 11
2198.42 1802.70 11
2197.09 1795.67 10
2197.76 1781.75 11
2198.26 1773.47 11
2195.90 1765.04 12
2197.91 1753.89 12
2197.46 1742.24 11
2197.52 1735.05 11
2197.24 1724.73 11
2198.75 1712.82 12
2197.11 1703.46 11
2197.81 1694.14 11
2195.57 1683.50 11
2199.45 1672.52 11
2196.61 1662.22 12
2205.30 1635.44 12
2196.97 1644.87 12
2196.90 1633.42 11
2198.02 1621.14 11
2198.24 1613.15 12
2198.17 1603.27 10
2198.32 1591.61 11
2167.00 2006.64 11
2161.87 2006.66 11
2163.13 1996.54 12
2161.82 1984.92 11
2163.83 1976.35 12
2163.98 1964.70 11
2161.76 1957.70 12
2164.04 1946.61 11
2162.53 1936.55 11
2161.51 1926.96 11
2163.18 1916.71 12
2163.59 1905.25 11
2163.18 1896.94 12
2162.50 1887.61 11
2163.42 1876.34 10
2162.28 1863.38 12
2162.20 1853.27 12
2163.51 1834.71 10
2161.06 1836.37 12
2163.91 1824.71 11
2162.74 1814.93 12
2160.96 1805.65 11
2163.05 1794.68 12
2160.41 1785.81 12
2162.85 1775.36 12
2162.91 1763.33 11
2162.82 1754.00 11
2162.67 1744.48 13
2164.45 1733.32 11
2163.36 1723.17 11
2148.95 1716.07 11
2161.88 1703.39 11
2159.78 1692.44 11
2162.35 1680.51 12
2163.56 1673.89 10
2162.16 1660.12 12
2163.44 1652.39 11
2161.94 1644.92 12
2162.91 1631.99 12
2161.47 1619.20 13
2161.99 1613.32 11
2162.95 1600.74 12
2162.80 1591.22 12
2129.85 2016.12 11
2127.01 2006.39 12
2127.27 1997.75 11
2125.91 1985.68 12
2126.33 1976.45 11
2128.11 1967.53 12
2125.87 1957.01 11
2127.55 1946.88 12
2126.89 1936.97 12
2127.73 1925.75 11
2127.39 1915.11 11
2125.79 1905.16 11
2126.42 1893.82 11
2127.81 1885.08 12
2127.70 1874.90 12
2128.77 1862.79 10
2127.45 1855.98 12
2125.29 1843.47 12
2126.65 1835.42 12
2128.07 1825.64 12
2124.78 1815.87 11
2127.54 1806.48 13
2127.65 1791.64 12
2125.50 1784.85 11
2127.12 1773.56 12
2128.87 1766.17 11
2127.25 1751.59 11
2126.01 1744.90 11
2127.59 1732.66 12
2124.76 1723.67 13
2127.33 1711.64 12
2127.77 1703.18 12
2124.45 1692.01 13
2128.39 1682.83 11
2129.04 1673.27 11
2124.77 1663.54 12
2128.04 1653.61 11
2126.40 1643.37 11
2129.71 1631.12 11
2126.70 1622.23 11
2126.14 1610.85 12
2128.49 1600.73 11
2129.26 1592.55 12
2090.16 2015.88 11
2092.64 2006.22 11
2093.23 1998.28 11
2090.45 1987.73 11
2091.89 1976.18 12
2093.15 1966.87 12
2091.94 1955.21 11
2091.73 1945.23 10
2091.04 1934.55 11
2091.93 1925.77 11
2090.29 1916.43 11
2090.92 1905.32 11
2092.38 1895.09 13
2089.66 1884.87 12
2091.30 1875.20 12
2090.96 1866.09 11
2089.39 1853.84 12
2090.73 1847.19 13
2090.88 1836.09 11
2090.45 1823.86 11
2090.80 1814.64 11
2093.48 1804.92 11
2091.88 1795.04 12
2090.52 1784.35 11
2091.33 1774.66 11
2091.51 1764.07 12
2093.08 1755.67 11
2090.52 1742.09 11
2093.91 1731.67 11
2092.86 1720.53 12
2091.84 1713.28 12
2090.78 1703.60 13
2090.46 1692.90 12
2090.53 1684.07 12
2092.33 1672.46 11
2089.04 1662.83 11
2090.94 1652.89 12
2089.94 1643.41 10
2091.95 1631.53 11
2091.72 1622.50 12
2091.20 1611.64 11
2090.61 1602.70 11
2091.29 1591.88 12
2091.29 1582.48 12
2092.38 1573.17 13
2056.45 2018.08 12
2056.65 2006.95 11
2056.03 1996.45 11
2055.95 1986.61 11
2056.65 1977.68 12
2057.44 1965.75 11
2056.93 1959.12 11
2057.79 1943.65 12
2055.67 1936.07 11
2055.20 1926.68 12
2054.26 1914.74 12
2056.80 1905.70 12
2054.82 1895.34 12
2055.47 1883.66 12
2057.70 1875.88 12
2055.79 1864.67 11
2056.66 1855.60 12
2056.99 1844.27 11
2052.84 1835.52 13
2055.35 1821.69 11
2054.87 1813.73 11
2055.46 1804.78 11
2059.41 1795.44 11
2057.34 1783.56 11
2056.95 1773.95 12
2058.71 1762.52 12
2056.83 1752.55 11
2057.56 1743.03 12
2055.07 1733.89 12
2055.24 1724.92 10
2057.26 1712.66 11
2054.97 1703.18 11
2057.28 1691.58 12
2057.36 1681.69 11
2055.70 1674.85 12
2056.16 1662.90 10
2057.18 1654.03 12
2055.34 1643.07 11
2055.34 1631.75 11
2056.29 1621.20 11
2056.38 1613.78 12
2055.22 1605.45 11
2056.53 1590.99 11
2058.17 1582.20 12
2054.18 1571.83 11
2057.25 1561.95 11
2057.13 1550.84 12
2055.56 1540.78 12
2019.14 2016.66 12
2020.39 2006.68 11
2024.21 1999.81 12
2020.96 1985.06 12
2019.41 1978.29 12
2020.69 1965.29 11
2021.27 1954.55 11
2020.41 1943.94 11
2021.44 1934.35 11
2021.72 1925.21 13
2018.94 1915.12 11
2022.13 1903.81 11
2020.36 1894.23 11
2023.93 1887.29 12
2021.15 1875.09 12
2020.63 1862.96 12
2021.22 1853.57 12
2019.91 1844.05 12
2021.61 1834.47 11
2019.92 1823.75 11
2018.91 1813.58 12
2021.13 1801.07 12
2021.99 1794.12 13
2021.47 1785.11 11
2021.76 1771.91 12
2020.36 1764.30 11
2020.26 1758.43 12
2022.43 1744.49 12
2019.54 1732.63 11
2018.50 1724.13 12
2020.19 1712.72 11
2019.55 1702.52 11
2022.30 1691.70 12
2018.77 1683.35 11
2021.71 1672.47 11
2020.60 1663.16 13
2019.44 1652.19 11
2019.93 1641.86 11
2020.11 1632.78 11
2020.40 1620.42 12
2019.12 1610.58 12
2020.97 1601.70 12
2021.33 1591.22 11
2022.07 1583.57 11
2020.64 1571.25 11
2019.34 1562.86 12
2018.74 1551.68 11
2019.31 1541.48 12
1986.37 2016.87 11
1988.70 2006.23 11
1986.05 1997.12 10
1984.70 1985.63 11
1985.97 1976.13 12
1987.45 1968.59 11
1986.13 1956.98 10
1985.11 1945.25 12
1984.01 1933.78 12
1985.66 1926.94 11
1986.69 1914.80 11
1986.82 1907.58 11
1985.22 1893.80 11
1984.77 1884.87 11
1985.58 1874.61 13
1985.42 1865.21 12
1986.02 1855.94 12
1984.47 1845.15 11
1986.16 1832.05 12
1981.83 1815.88 12
1987.25 1813.23 10
1985.36 1804.90 12
1983.88 1794.38 12
1985.39 1785.62 12
1985.74 1775.42 11
1986.63 1762.76 11
1987.95 1754.64 11
1986.56 1743.90 12
1985.03 1732.61 10
1986.41 1724.92 12
1986.50 1712.94 12
1986.67 1704.14 12
1986.48 1695.31 11
1984.50 1682.52 12
1986.26 1674.28 12
1985.36 1661.46 12
1987.11 1652.10 11
1986.76 1640.65 12
1986.41 1629.19 12
1985.96 1622.10 11
1985.93 1609.80 12
1983.91 1604.48 12
1985.27 1592.60 12
1984.47 1580.23 11
1986.30 1572.30 11
1986.43 1562.83 11
1984.99 1551.12 12
1951.28 2017.82 12
1950.74 2005.20 11
1951.09 1996.26 12
1955.56 1992.31 11
1949.34 1976.44 11
1950.35 1967.63 12
1950.72 1954.43 11
1950.47 1944.94 11
1950.55 1935.48 10
1949.89 1926.92 12
1949.35 1915.35 12
1951.84 1904.73 11
1949.60 1895.23 11
1951.69 1884.60 9
1949.55 1875.59 11
1949.24 1864.20 11
1950.73 1857.03 12
1948.24 1845.46 12
1950.27 1834.72 12
1949.25 1825.24 12
1950.85 1813.69 12
1948.86 1805.12 11
1950.45 1793.29 11
1949.12 1785.63 11
1940.01 1764.21 11
1951.65 1764.50 10
1950.45 1753.62 12
1949.15 1745.19 12
1952.73 1734.03 12
1948.14 1724.41 11
1950.15 1712.20 11
1951.11 1703.10 12
1949.02 1693.64 11
1951.49 1683.44 13
1950.37 1670.90 12
1949.65 1662.83 13
1950.01 1651.68 11
1951.39 1645.53 12
1952.22 1632.64 11
1950.40 1623.05 11
1949.40 1613.77 11
1915.78 2016.75 12
1915.95 1995.81 11
1915.69 1985.35 12
1914.40 1977.11 12
1915.04 1964.48 11
1914.49 1956.19 11
1916.39 1944.36 11
1914.37 1934.66 11
1916.32 1923.35 11
1915.57 1913.62 11
1914.18 1905.56 12
1914.21 1894.32 12
1915.09 1885.19 11
1917.02 1875.11 12
1915.05 1863.86 10
1914.34 1854.42 12
1914.05 1845.27 12
1913.58 1835.95 11
1916.31 1824.78 12
1914.28 1813.34 12
1914.76 1804.22 12
1914.72 1794.88 11
1912.41 1783.43 11
1914.09 1774.34 11
1914.09 1763.83 11
1914.47 1753.24 13
1915.79 1742.88 11
1914.40 1734.82 11
1914.98 1722.86 12
1914.74 1713.26 11
1913.25 1702.20 11
1914.26 1693.69 12
1914.16 1684.66 11
1915.92 1671.76 12
1915.07 1661.82 11
1914.50 1654.21 11
1914.46 1642.15 11
1915.19 1634.17 11
1915.51 1620.98 13
1914.89 1612.35 11
1912.21 1603.35 11
1915.54 1591.10 11
1915.32 1581.54 11
1880.07 2017.59 11
1878.90 2006.35 12
1878.73 1996.68 11
1877.83 1985.93 13
1877.73 1977.05 11
1879.29 1967.09 11
1879.16 1955.34 11
1880.48 1947.10 10
1878.70 1935.85 11
1880.53 1926.50 12
1879.87 1916.10 11
1881.61 1905.96 11
1880.83 1896.72 12
1878.22 1886.17 12
1879.17 1874.31 12
1879.97 1864.18 12
1878.78 1853.33 11
1881.04 1844.34 11
1880.70 1833.45 11
1880.19 1826.74 11
1879.04 1813.79 12
1878.96 1803.38 12
1880.43 1794.01 12
1880.18 1783.12 12
1881.83 1773.47 11
1879.01 1764.13 13
1880.64 1753.23 12
1879.53 1744.60 12
1879.82 1730.82 11
1879.45 1725.42 12
1878.42 1712.41 12
1879.30 1704.56 11
1880.69 1692.24 13
1880.63 1683.02 11
1877.87 1672.95 11
1878.83 1661.81 11
1880.46 1651.91 11
1878.83 1642.23 11
1878.76 1631.38 12
1881.59 1621.08 12
1880.04 1612.13 11
1880.62 1600.74 10
1877.12 1593.68 11
1877.29 1582.15 11
1878.90 1570.50 13
1880.05 1564.47 12
1844.67 2017.98 10
1844.28 2007.91 12
1843.95 1994.88 12
1844.67 1987.55 11
1845.47 1975.57 10
1845.55 1966.65 12
1843.59 1955.81 12
1844.49 1944.79 11
1846.29 1936.25 12
1845.02 1925.89 11
1844.13 1913.65 12
1843.95 1905.78 12
1848.17 1904.23 11
1844.59 1885.91 12
1844.45 1874.77 11
1846.51 1865.80 12
1845.16 1854.15 11
1845.23 1844.64 12
1845.42 1835.13 11
1843.63 1823.54 11
1846.51 1813.22 12
1844.78 1805.43 12
1844.91 1795.20 12
1843.80 1785.52 12
1843.48 1773.59 11
1843.48 1762.98 12
1842.15 1752.19 12
1843.61 1742.29 12
1842.39 1730.34 11
1845.95 1721.95 12
1844.51 1714.69 12
1843.68 1704.35 10
1843.05 1692.83 12
1847.78 1690.17 12
1845.64 1674.37 11
1843.78 1663.85 12
1844.65 1653.67 11
1842.50 1642.15 12
1844.45 1630.33 12
1845.04 1621.25 12
1843.64 1612.48 11
1842.54 1602.85 11
1842.68 1593.51 11
1842.42 1581.71 12
1827.58 2024.19 13
1810.43 2007.19 11
1808.46 1995.65 11
1807.72 1986.53 12
1809.60 1977.38 11
1808.34 1966.30 11
1808.76 1953.10 12
1808.40 1945.29 11
1807.43 1935.73 12
1808.66 1931.26 10
1807.16 1913.87 12
1808.63 1904.81 12
1809.16 1897.49 12
1810.52 1885.30 12
1807.73 1874.55 12
1807.33 1865.87 12
1810.67 1856.06 12
1807.74 1846.25 12
1807.20 1834.00 12
1807.92 1825.35 11
1807.08 1812.80 12
1809.71 1805.64 11
1809.99 1794.59 13
1809.47 1785.93 12
1808.47 1774.77 11
1809.89 1763.54 11
1808.93 1754.44 12
1808.30 1744.31 11
1809.11 1732.97 12
1809.06 1723.93 12
1810.24 1714.93 12
1807.25 1703.54 10
1808.07 1694.33 13
1807.86 1684.11 12
1809.06 1672.81 12
1810.60 1663.91 12
1808.54 1652.41 12
1808.57 1644.39 10
1807.17 1632.05 12
1807.47 1623.76 12
1809.72 1610.15 11
1807.14 1602.79 11
1809.18 1590.77 11
1811.76 1582.40 12
1809.51 1572.49 11
1809.11 1560.67 11
1773.21 2016.63 12
1774.44 2009.44 11
1771.67 1997.11 12
1775.52 1987.96 11
1775.76 1975.12 11
1774.20 1968.59 12
1771.91 1957.18 11
1772.13 1946.32 12
1771.81 1934.59 13
1773.63 1926.47 11
1774.08 1915.66 11
1773.37 1907.78 12
1774.79 1895.44 10
1772.62 1887.60 12
1774.76 1877.42 11
1770.95 1865.88 11
1775.24 1855.79 11
1772.93 1845.16 12
1775.54 1835.78 11
1772.96 1824.76 11
1773.54 1813.35 13
1771.85 1804.56 12
1772.60 1793.61 11
1772.64 1783.66 12
1774.13 1774.06 12
1772.77 1764.91 11
1773.29 1753.39 12
1773.45 1742.82 12
1774.79 1733.05 12
1773.43 1723.94 12
1774.57 1713.57 10
1770.71 1705.18 12
1773.35 1693.07 11
1774.14 1682.64 11
1774.73 1672.44 11
1772.65 1661.99 11
1774.42 1652.22 10
1772.56 1643.30 11
1767.93 1634.83 11
1772.29 1620.13 12
1773.09 1612.73 11
1772.42 1602.50 11
1738.20 2017.15 11
1737.27 2006.78 12
1737.17 1996.47 11
1740.32 1987.08 12
1739.93 1976.25 11
1738.76 1967.41 13
1736.86 1957.61 11
1739.23 1947.18 11
1736.73 1935.62 11
1737.10 1925.34 12
1737.50 1916.25 12
1737.13 1905.96 12
1737.59 1895.47 12
1738.86 1885.47 10
1737.39 1874.33 10
1737.71 1863.51 11
1738.17 1853.52 11
1738.53 1844.30 12
1736.91 1836.71 11
1738.55 1824.81 12
1736.18 1813.54 12
1736.85 1805.83 12
1734.89 1794.39 13
1737.17 1783.82 12
1737.16 1773.61 11
1738.85 1765.36 11
1737.37 1752.03 12
1737.44 1744.11 11
1739.83 1733.69 11
1737.18 1723.21 11
1739.17 1713.29 11
1736.82 1703.10 11
1738.08 1694.63 12
1739.01 1683.28 12
1736.79 1672.99 12
1738.40 1662.39 11
1738.25 1650.39 11
1736.78 1641.85 12
1736.92 1632.26 11
1738.91 1620.36 11
1738.93 1612.94 11
1701.32 2016.56 12
1702.48 2006.02 12
1701.55 1996.92 11
1699.83 1988.91 12
1702.13 1977.34 11
1703.41 1968.93 11
1703.26 1956.69 13
1701.76 1944.58 10
1703.12 1937.02 11
1705.41 1926.03 11
1702.93 1914.65 12
1701.88 1906.22 12
1702.10 1898.00 11
1701.37 1886.53 11
1702.72 1876.15 13
1701.65 1866.89 12
1702.75 1858.31 11
1701.81 1843.37 12
1703.86 1834.12 11
1702.35 1824.94 11
1701.73 1814.98 12
1703.04 1805.59 12
1702.94 1795.64 12
1703.31 1782.89 11
1700.92 1774.79 11
1700.66 1763.38 11
1701.62 1753.69 11
1704.02 1740.12 12
1702.86 1732.97 11
1702.55 1723.61 11
1701.89 1715.87 12
1704.21 1703.14 11
1703.76 1693.48 11
1704.29 1684.59 11
1702.20 1672.88 13
1703.83 1662.90 11
1703.51 1653.59 12
1702.27 1643.65 11
1702.69 1632.26 12
1702.31 1624.19 11
1703.72 1612.67 11
1703.61 1604.32 12
1703.00 1588.97 12
1703.42 1581.75 12
1703.23 1572.42 12
1702.61 1560.48 12
1703.20 1549.43 13
1704.22 1541.47 13
1703.14 1529.12 12
1666.69 2017.64 12
1666.49 2004.56 11
1666.81 1995.48 11
1668.00 1986.64 12
1667.00 1975.67 12
1678.21 1968.63 12
1668.09 1957.32 12
1665.64 1947.98 12
1668.12 1935.77 12
1667.54 1925.30 12
1665.23 1916.44 12
1667.19 1905.60 11
1667.17 1894.86 10
1664.87 1884.58 11
1666.65 1875.11 12
1666.87 1866.09 13
1669.38 1855.63 11
1667.80 1845.02 12
1665.89 1836.18 11
1667.60 1824.96 11
1666.06 1812.19 12
1666.46 1802.00 11
1666.33 1793.06 12
1667.07 1783.11 11
1666.01 1776.43 11
1667.32 1763.27 12
1667.23 1754.71 11
1668.66 1744.46 11
1665.36 1733.24 11
1666.56 1723.49 11
1665.88 1714.90 12
1668.22 1705.04 10
1668.79 1692.70 12
1667.48 1681.60 11
1666.01 1673.38 12
1668.20 1661.62 12
1667.49 1651.77 10
1678.83 1636.00 10
1665.16 1630.69 12
1667.26 1622.50 11
1666.27 1611.16 12
1668.85 1601.71 11
1631.26 2015.04 10
1633.16 2005.17 13
1629.73 1996.26 11
1629.73 1990.12 11
1631.98 1977.69 12
1630.95 1965.38 12
1631.62 1956.54 11
1633.31 1945.66 12
1632.47 1936.38 12
1632.39 1923.90 12
1630.80 1915.38 12
1631.25 1906.27 11
1631.66 1895.60 12
1631.64 1886.68 12
1632.02 1874.45 11
1631.03 1863.52 12
1630.86 1855.07 12
1631.09 1845.41 12
1632.37 1833.76 11
1632.18 1822.35 13
1631.23 1813.72 11
1633.18 1803.07 13
1633.79 1790.90 12
1631.15 1785.17 12
1630.87 1773.20 11
1632.57 1764.01 11
1631.37 1752.81 11
1630.23 1744.06 11
1634.34 1733.79 12
1632.80 1723.19 12
1630.76 1722.43 12
1632.39 1702.59 10
1633.24 1692.58 11
1630.84 1684.03 12
1630.73 1671.89 12
1633.53 1664.29 11
1631.94 1651.56 10
1631.58 1642.59 11
1630.56 1632.08 11
1632.32 1620.91 12
1634.20 1613.26 12
1633.02 1601.30 11
1598.13 2017.43 10
1595.79 2006.80 11
1597.28 1996.68 11
1596.69 1987.38 11
1596.44 1976.97 11
1596.90 1965.74 11
1596.99 1955.79 11
1595.60 1945.75 12
1594.06 1934.74 12
1597.28 1924.14 11
1597.13 1916.22 13
1596.94 1907.23 12
1598.50 1895.98 12
1597.35 1884.46 12
1596.67 1875.65 11
1598.12 1864.38 11
1595.36 1856.02 10
1595.61 1845.39 12
1597.55 1834.44 12
1596.18 1826.40 12
1597.11 1815.73 13
1596.33 1801.81 11
1597.43 1795.47 12
1597.91 1784.24 13
1597.41 1775.46 11
1595.96 1763.88 13
1596.42 1755.94 11
1597.28 1742.70 11
1596.59 1732.66 11
1593.99 1724.82 13
1596.48 1713.61 11
1597.56 1702.71 11
1595.71 1692.35 12
1595.98 1681.98 12
1595.06 1673.82 11
1596.39 1662.45 12
1597.91 1655.25 12
1595.41 1643.02 11
1596.18 1633.49 12
1596.82 1621.35 12
1597.19 1613.13 11
1596.47 1602.55 12
1581.86 1592.54 11
1598.45 1582.25 10
1597.53 1572.96 11
1596.16 1563.42 11
1595.98 1552.69 11
1598.23 1538.02 11
1597.31 1529.75 12
