0.276864 0.049225 0.020769
0.315837 0.035583 0.020769
0.354809 0.020945 0.020769
0.393782 0.009785 0.020769
0.432755 0.005512 0.020769
0.471728 0.009433 0.020769
0.510701 0.020349 0.020769
0.549674 0.034925 0.020769
0.588647 0.048706 0.020769
0.627620 0.057482 0.020769
0.666593 0.058570 0.020769
0.705566 0.051638 0.020769
0.744539 0.038805 0.020769
0.783511 0.023992 0.020769
0.281603 0.088198 0.020769
0.320576 0.074556 0.020769
0.359549 0.059918 0.020769
0.398521 0.048758 0.020769
0.437494 0.044485 0.020769
0.476467 0.048406 0.020769
0.515440 0.059322 0.020769
0.554413 0.073898 0.020769
0.593386 0.087679 0.020769
0.632359 0.096454 0.020769
0.671332 0.097543 0.020769
0.710305 0.090611 0.020769
0.749278 0.077778 0.020769
0.788251 0.062965 0.020769
0.285086 0.127171 0.020769
0.324059 0.113529 0.020769
0.363032 0.098891 0.020769
0.402005 0.087731 0.020769
0.440978 0.083458 0.020769
0.479951 0.087379 0.020769
0.518924 0.098295 0.020769
0.557897 0.112871 0.020769
0.596870 0.126652 0.020769
0.635843 0.135427 0.020769
0.674815 0.136516 0.020769
0.713788 0.129584 0.020769
0.752761 0.116751 0.020769
0.791734 0.101938 0.020769
0.326162 0.152502 0.020769
0.365135 0.137864 0.020769
0.404108 0.126704 0.020769
0.482054 0.126352 0.020769
0.521027 0.137268 0.020769
0.560000 0.151844 0.020769
0.598973 0.165625 0.020769
0.676918 0.175489 0.020769
0.715891 0.168557 0.020769
0.754864 0.155724 0.020769
0.793837 0.140910 0.020769
0.287836 0.205117 0.020769
0.326809 0.191475 0.020769
0.365782 0.176837 0.020769
0.404755 0.165677 0.020769
0.443728 0.161404 0.020769
0.482701 0.165325 0.020769
0.521673 0.176241 0.020769
0.560646 0.190816 0.020769
0.599619 0.204598 0.020769
0.638592 0.213373 0.020769
0.677565 0.214461 0.020769
0.716538 0.207530 0.020769
0.755511 0.194697 0.020769
0.794484 0.179883 0.020769
0.287003 0.244090 0.020769
0.325976 0.230448 0.020769
0.364949 0.215810 0.020769
0.403922 0.204650 0.020769
0.442895 0.200377 0.020769
0.481868 0.204298 0.020769
0.520840 0.215214 0.020769
0.559813 0.229789 0.020769
0.598786 0.243571 0.020769
0.637759 0.252346 0.020769
0.676732 0.253434 0.020769
0.715705 0.246503 0.020769
0.754678 0.233670 0.020769
0.793651 0.218856 0.020769
0.323693 0.269420 0.020769
0.362666 0.254783 0.020769
0.401639 0.243622 0.020769
0.440612 0.239350 0.020769
0.479585 0.243271 0.020769
0.518558 0.254187 0.020769
0.557531 0.268762 0.020769
0.596504 0.282543 0.020769
0.635477 0.291319 0.020769
0.674450 0.292407 0.020769
0.713422 0.285476 0.020769
0.752395 0.272643 0.020769
0.791368 0.257829 0.020769
0.281070 0.322036 0.020769
0.320043 0.308393 0.020769
0.359016 0.293756 0.020769
0.397989 0.282595 0.020769
0.436962 0.278323 0.020769
0.475935 0.282244 0.020769
0.514908 0.293160 0.020769
0.553881 0.307735 0.020769
0.592854 0.321516 0.020769
0.631827 0.330292 0.020769
0.670799 0.331380 0.020769
0.709772 0.324449 0.020769
0.748745 0.311615 0.020769
0.787718 0.296802 0.020769
0.276184 0.361008 0.020769
0.315157 0.347366 0.020769
0.354130 0.332729 0.020769
0.393103 0.321568 0.020769
0.432076 0.317296 0.020769
0.471048 0.321216 0.020769
0.510021 0.332133 0.020769
0.548994 0.346708 0.020769
0.587967 0.360489 0.020769
0.626940 0.369265 0.020769
0.665913 0.370353 0.020769
0.704886 0.363422 0.020769
0.743859 0.350588 0.020769
0.782832 0.335775 0.020769
0.270237 0.399981 0.020769
0.309210 0.386339 0.020769
0.348183 0.371701 0.020769
0.387155 0.360541 0.020769
0.426128 0.356269 0.020769
0.465101 0.360189 0.020769
0.504074 0.371105 0.020769
0.543047 0.385681 0.020769
0.582020 0.399462 0.020769
0.620993 0.408238 0.020769
0.659966 0.409326 0.020769
0.698939 0.402394 0.020769
0.737912 0.389561 0.020769
0.776885 0.374748 0.020769
0.263443 0.438954 0.020769
0.302416 0.425312 0.020769
0.341388 0.410674 0.020769
0.380361 0.399514 0.020769
0.419334 0.395241 0.020769
0.458307 0.399162 0.020769
0.497280 0.410078 0.020769
0.536253 0.424654 0.020769
0.575226 0.438435 0.020769
0.614199 0.447211 0.020769
0.653172 0.448299 0.020769
0.692145 0.441367 0.020769
0.731118 0.428534 0.020769
0.770090 0.413721 0.020769
0.256046 0.477927 0.020769
0.295019 0.464285 0.020769
0.333992 0.449647 0.020769
0.372965 0.438487 0.020769
0.411938 0.434214 0.020769
0.450910 0.438135 0.020769
0.489883 0.449051 0.020769
0.528856 0.463627 0.020769
0.567829 0.477408 0.020769
0.606802 0.486184 0.020769
0.645775 0.487272 0.020769
0.684748 0.480340 0.020769
0.723721 0.467507 0.020769
0.762694 0.452694 0.020769
0.248312 0.516900 0.020769
0.287285 0.503258 0.020769
0.326258 0.488620 0.020769
0.365231 0.477460 0.020769
0.404204 0.473187 0.020769
0.443177 0.477108 0.020769
0.482150 0.488024 0.020769
0.521123 0.502600 0.020769
0.560096 0.516381 0.020769
0.599068 0.525156 0.020769
0.638041 0.526245 0.020769
0.677014 0.519313 0.020769
0.715987 0.506480 0.020769
0.754960 0.491667 0.020769
0.240520 0.555873 0.020769
0.279493 0.542231 0.020769
0.318466 0.527593 0.020769
0.357439 0.516433 0.020769
0.396411 0.512160 0.020769
0.435384 0.516081 0.020769
0.474357 0.526997 0.020769
0.513330 0.541573 0.020769
0.552303 0.555354 0.020769
0.591276 0.564129 0.020769
0.630249 0.565218 0.020769
0.669222 0.558286 0.020769
0.708195 0.545453 0.020769
0.747168 0.530640 0.020769
0.232949 0.594846 0.020769
0.271922 0.581204 0.020769
0.310895 0.566566 0.020769
0.349867 0.555406 0.020769
0.388840 0.551133 0.020769
0.427813 0.555054 0.020769
0.466786 0.565970 0.020769
0.505759 0.580546 0.020769
0.544732 0.594327 0.020769
0.583705 0.603102 0.020769
0.622678 0.604191 0.020769
0.661651 0.597259 0.020769
0.700624 0.584426 0.020769
0.739597 0.569612 0.020769
0.225871 0.633819 0.020769
0.264844 0.620177 0.020769
0.303817 0.605539 0.020769
0.342790 0.594379 0.020769
0.381763 0.590106 0.020769
0.420736 0.594027 0.020769
0.459709 0.604943 0.020769
0.498681 0.619518 0.020769
0.537654 0.633300 0.020769
0.576627 0.642075 0.020769
0.615600 0.643163 0.020769
0.654573 0.636232 0.020769
0.693546 0.623399 0.020769
0.732519 0.608585 0.020769
0.219541 0.672792 0.020769
0.258514 0.659150 0.020769
0.297487 0.644512 0.020769
0.336460 0.633352 0.020769
0.375433 0.629079 0.020769
0.414406 0.633000 0.020769
0.453379 0.643916 0.020769
0.492352 0.658491 0.020769
0.531325 0.672273 0.020769
0.570297 0.681048 0.020769
0.609270 0.682136 0.020769
0.648243 0.675205 0.020769
0.687216 0.662372 0.020769
0.726189 0.647558 0.020769
0.214187 0.711765 0.020769
0.253160 0.698123 0.020769
0.292133 0.683485 0.020769
0.331106 0.672324 0.020769
0.370078 0.668052 0.020769
0.409051 0.671973 0.020769
0.448024 0.682889 0.020769
0.486997 0.697464 0.020769
0.525970 0.711245 0.020769
0.564943 0.720021 0.020769
0.603916 0.721109 0.020769
0.642889 0.714178 0.020769
0.681862 0.701345 0.020769
0.720835 0.686531 0.020769
0.210000 0.750738 0.020769
0.248973 0.737095 0.020769
0.287946 0.722458 0.020769
0.326919 0.711297 0.020769
0.365892 0.707025 0.020769
0.404865 0.710946 0.020769
0.443838 0.721862 0.020769
0.482811 0.736437 0.020769
0.521784 0.750218 0.020769
0.560757 0.758994 0.020769
0.599729 0.760082 0.020769
0.638702 0.753151 0.020769
0.677675 0.740317 0.020769
0.716648 0.725504 0.020769
0.207132 0.789711 0.020769
0.246105 0.776068 0.020769
0.285078 0.761431 0.020769
0.324051 0.750270 0.020769
0.363024 0.745998 0.020769
0.401997 0.749918 0.020769
0.440970 0.760835 0.020769
0.479943 0.775410 0.020769
0.518915 0.789191 0.020769
0.557888 0.797967 0.020769
0.596861 0.799055 0.020769
0.635834 0.792124 0.020769
0.674807 0.779290 0.020769
0.713780 0.764477 0.020769
0.205685 0.828683 0.020769
0.244658 0.815041 0.020769
0.283631 0.800403 0.020769
0.322604 0.789243 0.020769
0.361577 0.784971 0.020769
0.400550 0.788891 0.020769
0.439523 0.799807 0.020769
0.478496 0.814383 0.020769
0.517469 0.828164 0.020769
0.556442 0.836940 0.020769
0.595415 0.838028 0.020769
0.634387 0.831096 0.020769
0.673360 0.818263 0.020769
0.712333 0.803450 0.020769
0.205712 0.867656 0.020769
0.244685 0.854014 0.020769
0.322631 0.828216 0.020769
0.361604 0.823944 0.020769
0.400577 0.827864 0.020769
0.439550 0.838780 0.020769
0.478523 0.853356 0.020769
0.517496 0.867137 0.020769
0.556468 0.875913 0.020769
0.595441 0.877001 0.020769
0.634414 0.870069 0.020769
0.673387 0.857236 0.020769
0.712360 0.842423 0.020769
0.207212 0.906629 0.020769
0.246184 0.892987 0.020769
0.285157 0.878349 0.020769
0.324130 0.867189 0.020769
0.363103 0.862916 0.020769
0.402076 0.866837 0.020769
0.441049 0.877753 0.020769
0.480022 0.892329 0.020769
0.518995 0.906110 0.020769
0.557968 0.914886 0.020769
0.596941 0.915974 0.020769
0.635914 0.909042 0.020769
0.674886 0.896209 0.020769
0.713859 0.881396 0.020769
0.210129 0.945602 0.020769
0.249102 0.931960 0.020769
0.288075 0.917322 0.020769
0.327048 0.906162 0.020769
0.366021 0.901889 0.020769
0.404994 0.905810 0.020769
0.443967 0.916726 0.020769
0.482940 0.931302 0.020769
0.521913 0.945083 0.020769
0.560886 0.953858 0.020769
0.599859 0.954947 0.020769
0.638831 0.948015 0.020769
0.677804 0.935182 0.020769
0.716777 0.920369 0.020769
0.214361 0.984575 0.020769
0.253334 0.970933 0.020769
0.292307 0.956295 0.020769
0.331280 0.945135 0.020769
0.370253 0.940862 0.020769
0.409226 0.944783 0.020769
0.448199 0.955699 0.020769
0.487171 0.970275 0.020769
0.526144 0.984056 0.020769
0.604090 0.993920 0.020769
0.643063 0.986988 0.020769
0.682036 0.974155 0.020769
0.721009 0.959342 0.020769
