276.86 49.23 20.77
315.84 35.58 20.77
354.81 20.95 20.77
393.78 9.78 20.77
432.76 5.51 20.77
471.73 9.43 20.77
510.70 20.35 20.77
549.67 34.92 20.77
588.65 48.71 20.77
627.62 57.48 20.77
666.59 58.57 20.77
705.57 51.64 20.77
744.54 38.81 20.77
783.51 23.99 20.77
281.60 88.20 20.77
320.58 74.56 20.77
359.55 59.92 20.77
398.52 48.76 20.77
437.49 44.49 20.77
476.47 48.41 20.77
515.44 59.32 20.77
554.41 73.90 20.77
593.39 87.68 20.77
632.36 96.45 20.77
671.33 97.54 20.77
710.30 90.61 20.77
749.28 77.78 20.77
788.25 62.96 20.77
285.09 127.17 20.77
324.06 113.53 20.77
363.03 98.89 20.77
402.01 87.73 20.77
440.98 83.46 20.77
479.95 87.38 20.77
518.92 98.30 20.77
557.90 112.87 20.77
596.87 126.65 20.77
635.84 135.43 20.77
674.82 136.52 20.77
713.79 129.58 20.77
752.76 116.75 20.77
791.73 101.94 20.77
326.16 152.50 20.77
365.14 137.86 20.77
404.11 126.70 20.77
482.05 126.35 20.77
521.03 137.27 20.77
560.00 151.84 20.77
598.97 165.62 20.77
676.92 175.49 20.77
715.89 168.56 20.77
754.86 155.72 20.77
793.84 140.91 20.77
287.84 205.12 20.77
326.81 191.47 20.77
365.78 176.84 20.77
404.75 165.68 20.77
443.73 161.40 20.77
482.70 165.32 20.77
521.67 176.24 20.77
560.65 190.82 20.77
599.62 204.60 20.77
638.59 213.37 20.77
677.57 214.46 20.77
716.54 207.53 20.77
755.51 194.70 20.77
794.48 179.88 20.77
287.00 244.09 20.77
325.98 230.45 20.77
364.95 215.81 20.77
403.92 204.65 20.77
442.89 200.38 20.77
481.87 204.30 20.77
520.84 215.21 20.77
559.81 229.79 20.77
598.79 243.57 20.77
637.76 252.35 20.77
676.73 253.43 20.77
715.71 246.50 20.77
754.68 233.67 20.77
793.65 218.86 20.77
323.69 269.42 20.77
362.67 254.78 20.77
401.64 243.62 20.77
440.61 239.35 20.77
479.59 243.27 20.77
518.56 254.19 20.77
557.53 268.76 20.77
596.50 282.54 20.77
635.48 291.32 20.77
674.45 292.41 20.77
713.42 285.48 20.77
752.40 272.64 20.77
791.37 257.83 20.77
281.07 322.04 20.77
320.04 308.39 20.77
359.02 293.76 20.77
397.99 282.60 20.77
436.96 278.32 20.77
475.93 282.24 20.77
514.91 293.16 20.77
553.88 307.74 20.77
592.85 321.52 20.77
631.83 330.29 20.77
670.80 331.38 20.77
709.77 324.45 20.77
748.75 311.62 20.77
787.72 296.80 20.77
276.18 361.01 20.77
315.16 347.37 20.77
354.13 332.73 20.77
393.10 321.57 20.77
432.08 317.30 20.77
471.05 321.22 20.77
510.02 332.13 20.77
548.99 346.71 20.77
587.97 360.49 20.77
626.94 369.26 20.77
665.91 370.35 20.77
704.89 363.42 20.77
743.86 350.59 20.77
782.83 335.77 20.77
270.24 399.98 20.77
309.21 386.34 20.77
348.18 371.70 20.77
387.16 360.54 20.77
426.13 356.27 20.77
465.10 360.19 20.77
504.07 371.11 20.77
543.05 385.68 20.77
582.02 399.46 20.77
620.99 408.24 20.77
659.97 409.33 20.77
698.94 402.39 20.77
737.91 389.56 20.77
776.88 374.75 20.77
263.44 438.95 20.77
302.42 425.31 20.77
341.39 410.67 20.77
380.36 399.51 20.77
419.33 395.24 20.77
458.31 399.16 20.77
497.28 410.08 20.77
536.25 424.65 20.77
575.23 438.44 20.77
614.20 447.21 20.77
653.17 448.30 20.77
692.14 441.37 20.77
731.12 428.53 20.77
770.09 413.72 20.77
256.05 477.93 20.77
295.02 464.29 20.77
333.99 449.65 20.77
372.96 438.49 20.77
411.94 434.21 20.77
450.91 438.14 20.77
489.88 449.05 20.77
528.86 463.63 20.77
567.83 477.41 20.77
606.80 486.18 20.77
645.77 487.27 20.77
684.75 480.34 20.77
723.72 467.51 20.77
762.69 452.69 20.77
248.31 516.90 20.77
287.29 503.26 20.77
326.26 488.62 20.77
365.23 477.46 20.77
404.20 473.19 20.77
443.18 477.11 20.77
482.15 488.02 20.77
521.12 502.60 20.77
560.10 516.38 20.77
599.07 525.16 20.77
638.04 526.24 20.77
677.01 519.31 20.77
715.99 506.48 20.77
754.96 491.67 20.77
240.52 555.87 20.77
279.49 542.23 20.77
318.47 527.59 20.77
357.44 516.43 20.77
396.41 512.16 20.77
435.38 516.08 20.77
474.36 527.00 20.77
513.33 541.57 20.77
552.30 555.35 20.77
591.28 564.13 20.77
630.25 565.22 20.77
669.22 558.29 20.77
708.19 545.45 20.77
747.17 530.64 20.77
232.95 594.85 20.77
271.92 581.20 20.77
310.89 566.57 20.77
349.87 555.41 20.77
388.84 551.13 20.77
427.81 555.05 20.77
466.79 565.97 20.77
505.76 580.55 20.77
544.73 594.33 20.77
583.70 603.10 20.77
622.68 604.19 20.77
661.65 597.26 20.77
700.62 584.43 20.77
739.60 569.61 20.77
225.87 633.82 20.77
264.84 620.18 20.77
303.82 605.54 20.77
342.79 594.38 20.77
381.76 590.11 20.77
420.74 594.03 20.77
459.71 604.94 20.77
498.68 619.52 20.77
537.65 633.30 20.77
576.63 642.08 20.77
615.60 643.16 20.77
654.57 636.23 20.77
693.55 623.40 20.77
732.52 608.59 20.77
219.54 672.79 20.77
258.51 659.15 20.77
297.49 644.51 20.77
336.46 633.35 20.77
375.43 629.08 20.77
414.41 633.00 20.77
453.38 643.92 20.77
492.35 658.49 20.77
531.32 672.27 20.77
570.30 681.05 20.77
609.27 682.14 20.77
648.24 675.20 20.77
687.22 662.37 20.77
726.19 647.56 20.77
214.19 711.76 20.77
253.16 698.12 20.77
292.13 683.48 20.77
331.11 672.32 20.77
370.08 668.05 20.77
409.05 671.97 20.77
448.02 682.89 20.77
487.00 697.46 20.77
525.97 711.25 20.77
564.94 720.02 20.77
603.92 721.11 20.77
642.89 714.18 20.77
681.86 701.34 20.77
720.83 686.53 20.77
210.00 750.74 20.77
248.97 737.10 20.77
287.95 722.46 20.77
326.92 711.30 20.77
365.89 707.02 20.77
404.86 710.95 20.77
443.84 721.86 20.77
482.81 736.44 20.77
521.78 750.22 20.77
560.76 758.99 20.77
599.73 760.08 20.77
638.70 753.15 20.77
677.68 740.32 20.77
716.65 725.50 20.77
207.13 789.71 20.77
246.11 776.07 20.77
285.08 761.43 20.77
324.05 750.27 20.77
363.02 746.00 20.77
402.00 749.92 20.77
440.97 760.83 20.77
479.94 775.41 20.77
518.92 789.19 20.77
557.89 797.97 20.77
596.86 799.06 20.77
635.83 792.12 20.77
674.81 779.29 20.77
713.78 764.48 20.77
205.69 828.68 20.77
244.66 815.04 20.77
283.63 800.40 20.77
322.60 789.24 20.77
361.58 784.97 20.77
400.55 788.89 20.77
439.52 799.81 20.77
478.50 814.38 20.77
517.47 828.16 20.77
556.44 836.94 20.77
595.41 838.03 20.77
634.39 831.10 20.77
673.36 818.26 20.77
712.33 803.45 20.77
205.71 867.66 20.77
244.69 854.01 20.77
322.63 828.22 20.77
361.60 823.94 20.77
400.58 827.86 20.77
439.55 838.78 20.77
478.52 853.36 20.77
517.50 867.14 20.77
556.47 875.91 20.77
595.44 877.00 20.77
634.41 870.07 20.77
673.39 857.24 20.77
712.36 842.42 20.77
207.21 906.63 20.77
246.18 892.99 20.77
285.16 878.35 20.77
324.13 867.19 20.77
363.10 862.92 20.77
402.08 866.84 20.77
441.05 877.75 20.77
480.02 892.33 20.77
518.99 906.11 20.77
557.97 914.89 20.77
596.94 915.97 20.77
635.91 909.04 20.77
674.89 896.21 20.77
713.86 881.40 20.77
210.13 945.60 20.77
249.10 931.96 20.77
288.08 917.32 20.77
327.05 906.16 20.77
366.02 901.89 20.77
404.99 905.81 20.77
443.97 916.73 20.77
482.94 931.30 20.77
521.91 945.08 20.77
560.89 953.86 20.77
599.86 954.95 20.77
638.83 948.02 20.77
677.80 935.18 20.77
716.78 920.37 20.77
214.36 984.58 20.77
253.33 970.93 20.77
292.31 956.30 20.77
331.28 945.13 20.77
370.25 940.86 20.77
409.23 944.78 20.77
448.20 955.70 20.77
487.17 970.27 20.77
526.14 984.06 20.77
604.09 993.92 20.77
643.06 986.99 20.77
682.04 974.15 20.77
721.01 959.34 20.77
