351.86 659.76 15
381.68 666.14 14
413.08 670.93 15
446.48 678.73 14
475.09 683.40 16
504.59 690.98 15
536.87 694.76 14
567.76 703.65 16
598.42 710.26 15
630.98 716.57 15
659.53 721.89 15
688.57 728.80 15
722.72 735.69 14
751.71 743.59 14
783.10 746.78 15
812.86 752.33 16
344.88 689.30 15
378.52 696.18 15
405.89 701.42 17
437.63 707.88 16
467.41 715.84 15
500.84 723.58 15
530.84 727.21 16
559.96 735.52 16
592.45 741.29 14
624.46 748.27 15
652.15 753.03 14
682.94 759.46 15
714.75 767.76 15
745.80 771.69 16
774.77 778.78 16
805.91 785.93 15
339.80 719.31 14
371.55 725.65 16
399.61 731.75 14
432.32 740.57 15
463.07 745.85 16
495.63 752.03 15
521.49 756.93 15
554.16 765.38 15
584.96 771.04 14
617.83 777.87 16
645.73 782.62 15
677.00 789.84 16
708.73 795.91 15
739.48 804.17 15
770.24 809.66 15
799.30 813.94 15
335.39 751.69 15
363.31 756.52 17
394.70 766.12 14
426.57 769.92 15
455.66 776.63 15
487.56 782.43 16
515.95 788.28 15
548.15 795.41 15
578.36 801.86 15
607.83 808.48 15
639.17 816.71 15
669.79 821.60 14
702.69 828.89 16
732.03 831.64 17
761.04 841.97 17
794.26 844.10 17
326.35 781.90 15
360.35 789.51 14
390.36 794.74 15
419.46 799.47 15
448.21 809.71 16
482.88 815.06 14
511.45 820.03 15
539.41 827.96 14
572.43 835.67 14
601.47 837.68 15
635.38 846.12 14
665.68 849.57 15
694.31 856.75 17
725.38 864.55 15
753.88 872.23 15
789.41 878.67 16
319.83 815.60 14
351.80 819.42 16
383.94 822.79 15
412.27 830.41 15
442.26 839.30 16
473.22 845.00 14
505.14 850.33 15
534.16 858.00 15
565.54 864.10 16
597.01 870.63 14
628.23 873.80 15
657.56 882.56 15
688.08 886.72 14
719.34 893.65 15
750.94 903.10 16
782.74 908.44 15
315.34 843.51 15
344.19 850.30 16
376.45 854.86 16
406.90 861.00 15
438.75 868.62 15
466.69 874.60 15
499.91 880.90 16
529.58 887.50 16
559.19 895.98 15
593.58 900.57 15
623.46 907.14 15
650.30 911.68 15
682.99 918.74 15
714.14 926.76 15
745.43 932.67 16
773.23 939.00 15
308.34 873.09 15
338.34 881.63 15
367.78 888.07 14
400.82 892.80 14
429.58 900.55 14
460.77 907.61 15
490.82 911.51 16
523.43 917.52 15
553.76 925.97 15
583.46 932.29 14
614.19 935.35 16
646.03 941.54 17
676.72 949.56 15
706.76 958.72 17
737.27 963.53 14
769.49 970.33 15
301.23 902.44 14
332.21 910.04 15
364.99 915.60 15
392.62 922.16 15
424.01 930.67 15
455.19 936.35 17
484.65 942.41 15
514.69 948.24 15
545.90 954.76 15
575.08 961.42 15
608.62 967.23 17
638.91 975.20 14
670.79 980.73 15
702.49 989.59 16
732.02 991.28 16
762.23 1000.23 16
295.65 934.25 14
324.96 941.40 15
386.32 952.87 15
417.87 960.81 15
448.20 967.98 16
479.08 973.91 16
508.84 980.94 15
540.61 986.29 16
570.69 993.42 15
601.99 998.03 14
631.32 1004.20 14
662.27 1012.07 16
694.48 1016.55 15
755.61 1031.27 15
289.42 964.70 16
321.15 974.10 15
350.00 979.63 15
380.54 983.35 16
408.82 991.36 15
441.77 996.86 15
474.27 1004.13 15
502.32 1009.87 15
533.87 1016.18 17
564.74 1022.88 13
596.08 1028.68 16
625.56 1033.28 15
657.96 1042.83 14
688.43 1049.03 15
717.39 1054.16 15
745.63 1061.35 14
282.96 995.77 16
312.69 1004.08 15
343.67 1008.50 16
371.80 1016.03 16
403.67 1022.92 15
434.89 1030.19 15
466.89 1033.52 15
496.90 1041.18 16
528.51 1049.74 16
557.50 1051.70 15
587.88 1059.16 16
620.04 1065.68 16
652.15 1073.07 16
679.54 1080.13 15
710.38 1085.10 15
744.64 1093.59 15
274.66 1027.41 14
306.84 1031.84 16
338.70 1040.45 16
366.61 1045.78 16
398.48 1053.43 16
429.66 1059.96 16
459.86 1064.82 15
490.46 1070.76 15
520.40 1078.76 15
551.15 1086.56 15
584.08 1091.16 15
610.76 1097.11 14
644.99 1102.54 15
674.26 1113.30 16
705.62 1117.05 17
736.64 1121.92 15
269.17 1057.96 14
300.38 1065.91 14
328.07 1071.07 16
362.24 1077.52 16
393.02 1083.18 15
423.29 1087.92 14
453.66 1095.09 15
485.32 1103.02 15
517.30 1110.10 15
547.61 1115.89 14
577.96 1122.42 15
604.79 1128.41 15
640.20 1133.67 14
668.94 1139.77 16
698.72 1146.30 15
730.13 1154.96 16
264.28 1089.08 16
291.48 1094.82 14
325.41 1100.69 16
354.54 1106.99 17
385.88 1114.08 14
416.30 1119.46 14
448.30 1125.95 15
477.98 1133.34 15
507.88 1138.91 14
538.33 1145.62 15
569.09 1153.80 15
601.22 1160.04 15
630.72 1164.32 15
663.13 1171.87 15
694.35 1178.39 15
724.03 1183.96 14
254.01 1119.20 15
287.75 1125.49 16
318.73 1131.39 15
349.61 1139.28 15
379.88 1143.99 17
411.97 1150.56 16
442.35 1159.05 15
471.60 1164.15 15
503.31 1170.07 16
535.03 1178.20 15
564.62 1182.60 16
594.91 1189.79 15
627.49 1196.50 14
653.42 1202.01 15
688.36 1208.54 14
716.78 1215.63 15
247.05 1152.00 15
281.68 1157.89 15
313.09 1163.96 16
342.21 1169.13 15
373.91 1174.41 15
404.48 1184.74 15
434.07 1187.49 15
465.26 1196.02 16
496.45 1202.66 15
525.56 1208.32 15
557.27 1213.41 15
587.60 1216.84 15
617.83 1224.95 15
649.48 1232.04 15
680.76 1238.72 15
710.72 1247.65 15
244.16 1182.24 15
275.13 1188.01 15
305.55 1195.68 15
335.04 1200.44 15
366.17 1206.15 15
395.80 1211.99 14
429.88 1219.20 17
459.82 1225.23 15
488.84 1232.81 14
519.74 1239.67 14
551.96 1244.18 15
580.37 1251.51 14
611.89 1256.56 15
641.68 1265.02 14
673.96 1268.69 16
705.84 1277.21 15
236.74 1211.05 18
269.85 1216.10 15
299.63 1221.85 15
329.49 1228.69 15
361.25 1236.53 15
389.53 1243.08 15
421.47 1251.12 16
452.26 1256.98 14
485.78 1262.14 14
513.07 1269.65 15
544.23 1277.82 16
573.72 1281.48 15
604.75 1287.72 15
637.50 1293.99 17
669.38 1300.82 15
699.20 1308.89 14
229.46 1240.31 15
260.27 1248.96 16
290.65 1255.35 16
323.04 1260.68 16
354.39 1270.98 16
385.58 1273.85 15
415.60 1278.91 17
445.76 1287.58 15
503.06 1299.15 16
537.66 1305.53 16
566.58 1312.00 16
599.02 1319.80 16
628.73 1325.13 16
661.46 1332.28 15
690.85 1337.26 15
223.23 1272.45 16
255.12 1277.96 14
287.14 1285.11 17
315.96 1291.86 14
348.46 1300.07 14
376.26 1305.28 14
406.99 1311.45 15
438.81 1317.89 15
470.21 1322.68 15
501.25 1331.26 17
531.09 1337.73 15
561.57 1345.46 16
591.12 1349.37 16
625.43 1354.24 15
653.70 1362.59 14
684.99 1370.28 13
218.34 1302.24 15
250.95 1310.27 16
277.25 1316.45 16
310.11 1322.32 15
342.25 1330.44 15
368.79 1335.16 15
401.40 1342.82 14
433.30 1346.01 16
463.73 1355.17 16
492.94 1360.81 16
525.91 1368.11 14
554.55 1372.76 15
587.83 1381.49 15
617.30 1385.60 15
646.23 1394.13 16
680.42 1398.97 16
211.63 1335.27 15
243.03 1340.17 15
273.99 1347.32 14
303.35 1353.05 15
333.86 1359.65 15
365.53 1366.79 15
397.94 1370.94 15
426.68 1381.12 15
456.54 1385.80 16
490.02 1392.37 16
517.90 1397.79 16
549.34 1402.92 15
580.10 1409.44 15
610.84 1416.96 15
642.28 1423.13 15
672.86 1430.87 15
204.08 1365.73 13
234.88 1372.02 15
267.71 1377.95 15
298.57 1383.45 16
327.03 1390.56 14
359.90 1398.25 15
389.56 1402.56 15
420.38 1411.50 15
451.25 1416.73 14
482.17 1422.27 14
511.93 1428.97 15
543.28 1435.27 15
573.07 1442.48 15
605.11 1446.24 15
634.65 1455.64 15
665.65 1459.67 15
198.19 1397.76 15
230.14 1401.94 15
260.93 1406.48 16
290.41 1417.05 15
321.63 1419.68 16
353.32 1426.02 16
385.21 1433.82 16
413.93 1441.33 15
445.08 1447.29 15
474.18 1454.07 15
505.47 1459.77 15
536.16 1467.44 15
569.19 1473.96 16
598.82 1480.36 15
629.40 1487.10 15
659.79 1490.45 15
192.53 1427.26 15
223.92 1433.34 13
254.06 1439.20 15
283.49 1444.62 16
315.26 1452.11 14
345.93 1458.80 14
375.60 1461.54 16
405.16 1470.92 16
437.99 1477.59 15
468.66 1483.79 15
499.53 1490.22 16
530.75 1495.87 16
561.75 1502.43 17
593.20 1508.91 15
621.62 1513.56 14
653.83 1521.66 16
187.57 1457.88 14
218.03 1464.71 16
246.46 1468.88 15
278.86 1475.08 14
309.69 1480.81 15
338.91 1489.84 15
368.89 1495.75 15
400.64 1502.24 15
433.47 1506.96 15
462.01 1515.12 16
493.04 1521.06 15
523.55 1527.53 16
555.84 1534.40 15
585.22 1541.31 14
614.41 1544.08 15
644.21 1551.80 15
179.30 1489.13 17
210.09 1492.55 15
240.32 1501.09 15
273.81 1505.81 16
304.21 1512.18 15
333.71 1518.94 15
364.98 1526.49 15
395.83 1535.25 17
425.43 1539.37 14
455.70 1544.78 15
485.26 1550.21 16
518.43 1557.98 14
550.11 1564.14 16
577.93 1570.07 15
608.97 1577.90 14
639.67 1582.82 17
173.95 1518.82 15
203.81 1524.04 15
235.86 1533.20 15
263.73 1538.66 15
299.16 1544.78 15
328.87 1548.98 15
357.54 1555.04 15
387.51 1562.15 16
417.89 1568.71 14
449.57 1578.50 16
480.33 1583.14 14
510.76 1588.78 15
541.25 1595.89 14
572.15 1603.16 15
603.13 1607.49 14
633.52 1613.44 16
