0.267170 0.500957 0.012112
0.289809 0.505804 0.010636
0.313651 0.509435 0.011823
0.339015 0.515359 0.011276
0.360738 0.518904 0.012855
0.383139 0.524662 0.011812
0.407649 0.527530 0.011021
0.431103 0.534283 0.012617
0.454381 0.539300 0.011865
0.479101 0.544093 0.011689
0.500786 0.548133 0.011993
0.522835 0.553376 0.011458
0.548764 0.558607 0.011207
0.570772 0.564611 0.011275
0.594612 0.567029 0.011896
0.617205 0.571248 0.012392
0.261869 0.523387 0.011564
0.287414 0.528610 0.011471
0.308194 0.532590 0.013286
0.332294 0.537494 0.012238
0.354904 0.543541 0.011454
0.380290 0.549415 0.011400
0.403064 0.552168 0.012257
0.425175 0.558483 0.012465
0.449844 0.562865 0.011252
0.474156 0.568165 0.012074
0.495181 0.571775 0.011165
0.518557 0.576657 0.011815
0.542713 0.582962 0.011801
0.566287 0.585943 0.012369
0.588285 0.591332 0.012566
0.611925 0.596755 0.011705
0.258014 0.546177 0.010864
0.282121 0.550988 0.012308
0.303422 0.555616 0.010795
0.328258 0.562313 0.012033
0.351610 0.566328 0.012863
0.376329 0.571020 0.011674
0.395970 0.574737 0.012026
0.420772 0.581158 0.011399
0.444165 0.585448 0.011039
0.469116 0.590634 0.012399
0.490307 0.594242 0.011472
0.514048 0.599727 0.012826
0.538140 0.604338 0.011546
0.561489 0.610605 0.011495
0.584844 0.614778 0.011846
0.606913 0.618024 0.012018
0.254662 0.570759 0.011672
0.275866 0.574423 0.013203
0.299696 0.581719 0.011208
0.323896 0.584602 0.012080
0.345981 0.589698 0.011452
0.370204 0.594101 0.012473
0.391764 0.598539 0.012054
0.416214 0.603957 0.011483
0.439153 0.608855 0.011613
0.461529 0.613879 0.011710
0.485326 0.620128 0.011803
0.508570 0.623841 0.010952
0.533550 0.629376 0.012777
0.555830 0.631466 0.013015
0.577861 0.639305 0.013166
0.603080 0.640930 0.013239
0.247799 0.593701 0.011452
0.273617 0.599479 0.011026
0.296401 0.603448 0.011848
0.318498 0.607041 0.011905
0.340327 0.614811 0.012608
0.366653 0.618876 0.010690
0.388348 0.622653 0.011697
0.409578 0.628671 0.011294
0.434646 0.634522 0.011045
0.456696 0.636048 0.011678
0.482443 0.642457 0.011320
0.505452 0.645083 0.011785
0.527187 0.650535 0.012908
0.550785 0.656457 0.011934
0.572419 0.662286 0.012071
0.599401 0.667175 0.012210
0.242850 0.619283 0.011282
0.267122 0.622187 0.012195
0.291523 0.624749 0.012036
0.313035 0.630532 0.011785
0.335806 0.637281 0.012842
0.359320 0.641611 0.011117
0.383551 0.645657 0.012088
0.405587 0.651483 0.011520
0.429414 0.656111 0.012151
0.453313 0.661074 0.011184
0.477015 0.663481 0.012077
0.499287 0.670126 0.011913
0.522464 0.673291 0.011349
0.546199 0.678549 0.011567
0.570190 0.685722 0.012621
0.594334 0.689784 0.011742
0.239440 0.640477 0.012132
0.261342 0.645636 0.012177
0.285838 0.649098 0.012560
0.308956 0.653756 0.011781
0.333144 0.659541 0.011796
0.354359 0.664082 0.011603
0.379579 0.668866 0.012181
0.402111 0.673879 0.012310
0.424594 0.680320 0.012016
0.450705 0.683808 0.011806
0.473393 0.688790 0.011835
0.493773 0.692238 0.011490
0.518595 0.697597 0.012002
0.542244 0.703693 0.011639
0.566004 0.708174 0.012303
0.587113 0.712982 0.011968
0.234124 0.662938 0.012148
0.256898 0.669426 0.011918
0.279255 0.674311 0.011057
0.304341 0.677903 0.010690
0.326182 0.683791 0.010967
0.349861 0.689146 0.011846
0.372681 0.692114 0.012332
0.397441 0.696671 0.011965
0.420470 0.703094 0.011622
0.443022 0.707890 0.011138
0.466356 0.710210 0.012380
0.490533 0.714910 0.012979
0.513838 0.720999 0.011423
0.536644 0.727955 0.013046
0.559808 0.731607 0.011346
0.584277 0.736770 0.011485
0.228722 0.685220 0.010782
0.252245 0.690996 0.011556
0.277136 0.695216 0.011809
0.298118 0.700194 0.011736
0.321952 0.706657 0.011707
0.345629 0.710974 0.013036
0.367998 0.715571 0.011857
0.390808 0.720002 0.011412
0.414501 0.724947 0.012014
0.436660 0.730004 0.012051
0.462126 0.734420 0.013166
0.485124 0.740472 0.010856
0.509331 0.744672 0.011639
0.533401 0.751396 0.012600
0.555821 0.752681 0.012252
0.578764 0.759478 0.012158
0.224488 0.709375 0.011090
0.246741 0.714808 0.012145
0.293333 0.723515 0.011654
0.317291 0.729547 0.011621
0.340320 0.734985 0.012424
0.363767 0.739493 0.012240
0.386362 0.744827 0.011690
0.410486 0.748895 0.012447
0.433327 0.754306 0.012011
0.457095 0.757809 0.011234
0.479365 0.762490 0.010994
0.502863 0.768464 0.012211
0.527320 0.771868 0.011969
0.573737 0.783043 0.011600
0.219760 0.732497 0.012182
0.243846 0.739636 0.011528
0.265757 0.743836 0.012135
0.288944 0.746660 0.012270
0.310419 0.752741 0.011425
0.335437 0.756921 0.011619
0.360114 0.762438 0.011945
0.381412 0.766796 0.011559
0.405366 0.771583 0.013438
0.428805 0.776674 0.010603
0.452606 0.781081 0.012214
0.474991 0.784574 0.012006
0.499588 0.791819 0.010724
0.522729 0.796533 0.012095
0.544715 0.800426 0.011539
0.566155 0.805887 0.011304
0.214849 0.756088 0.012159
0.237423 0.762397 0.012086
0.260949 0.765757 0.012283
0.282308 0.771475 0.012278
0.306506 0.776704 0.011391
0.330211 0.782227 0.011676
0.354507 0.784756 0.011784
0.377300 0.790572 0.012393
0.401296 0.797070 0.012354
0.423313 0.798556 0.012101
0.446380 0.804220 0.012778
0.470796 0.809174 0.012336
0.495177 0.814787 0.012358
0.515974 0.820143 0.011540
0.539396 0.823916 0.011992
0.565405 0.830367 0.011703
0.208547 0.780111 0.010814
0.232984 0.783476 0.012240
0.257176 0.790014 0.012428
0.278369 0.794061 0.012348
0.302563 0.799871 0.012816
0.326243 0.804825 0.012456
0.349174 0.808521 0.011752
0.372406 0.813031 0.012065
0.395139 0.819103 0.011511
0.418492 0.825027 0.011491
0.443494 0.828522 0.011608
0.463751 0.833039 0.011290
0.489741 0.837163 0.011753
0.511965 0.845333 0.012850
0.535777 0.848177 0.012947
0.559333 0.851878 0.011882
0.204380 0.803313 0.011371
0.228079 0.809345 0.011369
0.249101 0.813265 0.012215
0.275051 0.818160 0.012802
0.298421 0.822458 0.011692
0.321407 0.826059 0.011222
0.344463 0.831504 0.011860
0.368507 0.837523 0.012011
0.392787 0.842901 0.011925
0.415804 0.847299 0.011373
0.438848 0.852254 0.011607
0.459218 0.856800 0.011726
0.486101 0.860795 0.010884
0.507926 0.865430 0.012222
0.530536 0.870388 0.011517
0.554387 0.876966 0.012467
0.200669 0.826937 0.012639
0.221323 0.831301 0.011298
0.247082 0.835758 0.012438
0.269202 0.840540 0.013182
0.293003 0.845922 0.011040
0.316099 0.850011 0.010903
0.340394 0.854934 0.011668
0.362933 0.860547 0.011466
0.385637 0.864773 0.010843
0.408751 0.869873 0.012001
0.432109 0.876079 0.012121
0.456505 0.880818 0.011925
0.478909 0.884069 0.011925
0.503514 0.889803 0.011939
0.527224 0.894751 0.011942
0.549759 0.898981 0.011383
0.192871 0.849812 0.011434
0.218486 0.854589 0.012472
0.242011 0.859064 0.011988
0.265459 0.865058 0.011494
0.288447 0.868636 0.013004
0.312808 0.873626 0.012578
0.335875 0.880065 0.011606
0.358087 0.883943 0.011965
0.382162 0.888439 0.012198
0.406251 0.894609 0.011606
0.428720 0.897952 0.012453
0.451714 0.903407 0.011698
0.476451 0.908502 0.010953
0.496140 0.912689 0.011709
0.522671 0.917646 0.011309
0.544254 0.923028 0.011655
0.187582 0.874718 0.011711
0.213881 0.879187 0.011627
0.237730 0.883798 0.012473
0.259844 0.887724 0.011786
0.283911 0.891728 0.011451
0.307123 0.899572 0.011394
0.329591 0.901660 0.011752
0.353276 0.908143 0.012848
0.376957 0.913180 0.012097
0.399056 0.917477 0.012098
0.423137 0.921344 0.011965
0.446167 0.923945 0.011825
0.469120 0.930109 0.011626
0.493150 0.935489 0.012069
0.516902 0.940565 0.011585
0.539650 0.947340 0.011926
0.185392 0.897675 0.012108
0.208910 0.902055 0.012040
0.232003 0.907878 0.011468
0.254398 0.911496 0.012104
0.278037 0.915831 0.011942
0.300533 0.920268 0.011112
0.326410 0.925743 0.013052
0.349146 0.930319 0.012121
0.371173 0.936076 0.010912
0.394641 0.941280 0.011235
0.419105 0.944705 0.012042
0.440677 0.950275 0.011184
0.464610 0.954108 0.011432
0.487225 0.960529 0.010938
0.511737 0.963317 0.012197
0.535945 0.969789 0.011558
0.179753 0.919551 0.013680
0.204899 0.923385 0.012047
0.227508 0.927749 0.011897
0.250185 0.932948 0.012045
0.274297 0.938903 0.011694
0.295770 0.943872 0.012007
0.320023 0.949975 0.012479
0.343403 0.954426 0.010815
0.368852 0.958342 0.011222
0.389575 0.964048 0.011887
0.413237 0.970252 0.012845
0.435627 0.973030 0.011643
0.459190 0.977767 0.011992
0.484057 0.982527 0.013064
0.508264 0.987716 0.011586
0.530907 0.993841 0.011241
0.174231 0.941772 0.011624
0.197620 0.948334 0.012426
0.220691 0.953186 0.012581
0.245286 0.957240 0.012594
0.269086 0.965055 0.012295
0.292770 0.967239 0.011756
0.315567 0.971080 0.013034
0.338466 0.977661 0.011854
0.381976 0.986444 0.012199
0.408245 0.991288 0.012803
0.430204 0.996201 0.012332
0.454834 1.002126 0.012345
0.477392 1.006177 0.012150
0.502245 1.011599 0.011516
0.524563 1.015381 0.011920
0.169501 0.966171 0.012271
0.193711 0.970360 0.011154
0.218024 0.975782 0.013239
0.239911 0.980915 0.011249
0.264585 0.987142 0.011045
0.285695 0.991099 0.011163
0.309031 0.995785 0.011758
0.333187 1.000677 0.011875
0.357035 1.004316 0.011654
0.380597 1.010826 0.012959
0.403261 1.015737 0.011624
0.426403 1.021608 0.012630
0.448835 1.024577 0.012364
0.474889 1.028280 0.011971
0.496352 1.034613 0.011228
0.520114 1.040459 0.010450
0.165789 0.988792 0.011822
0.190546 0.994889 0.012249
0.210516 0.999581 0.012306
0.235469 1.004036 0.012080
0.259869 1.010204 0.011515
0.280021 1.013791 0.011500
0.304786 1.019603 0.010748
0.329008 1.022029 0.012520
0.352111 1.028979 0.012289
0.374292 1.033265 0.012419
0.399325 1.038807 0.011226
0.421074 1.042338 0.012067
0.446339 1.048965 0.012130
0.468715 1.052088 0.011814
0.490682 1.058563 0.012680
0.516647 1.062243 0.012363
0.160691 1.013875 0.011672
0.184531 1.017591 0.011953
0.208042 1.023022 0.010836
0.230337 1.027372 0.012059
0.253500 1.032385 0.011891
0.277546 1.037803 0.011423
0.302155 1.040954 0.011682
0.323980 1.048687 0.011671
0.346653 1.052237 0.012586
0.372075 1.057226 0.012300
0.393245 1.061343 0.012291
0.417114 1.065240 0.011917
0.440470 1.070187 0.011955
0.463809 1.075901 0.011408
0.487683 1.080585 0.011906
0.510902 1.086463 0.011711
0.154959 1.037003 0.010629
0.178347 1.041779 0.011993
0.203270 1.046279 0.012043
0.226703 1.050457 0.012599
0.248317 1.055852 0.011175
0.273276 1.061697 0.011605
0.295793 1.064962 0.011615
0.319196 1.071753 0.011876
0.342633 1.075724 0.010908
0.366113 1.079933 0.011290
0.388706 1.085022 0.011503
0.412513 1.089805 0.011513
0.435136 1.095276 0.011746
0.459459 1.098134 0.011961
0.481891 1.105269 0.011699
0.505433 1.108332 0.011923
0.150483 1.061320 0.011835
0.174749 1.064496 0.012074
0.198128 1.067940 0.012667
0.220511 1.075967 0.012118
0.244213 1.077967 0.012226
0.268273 1.082779 0.012697
0.292492 1.088700 0.012525
0.314297 1.094406 0.011728
0.337949 1.098928 0.011578
0.360048 1.104076 0.011629
0.383808 1.108407 0.011586
0.407105 1.114227 0.011582
0.432183 1.119179 0.012848
0.454682 1.124042 0.012092
0.477907 1.129154 0.011646
0.500980 1.131697 0.011479
0.146186 1.083723 0.011582
0.170022 1.088341 0.010401
0.192905 1.092786 0.011944
0.215251 1.096900 0.012189
0.239378 1.102593 0.011001
0.262663 1.107668 0.011337
0.285193 1.109746 0.012658
0.307638 1.116870 0.012157
0.332568 1.121935 0.011792
0.355851 1.126648 0.011500
0.379295 1.131528 0.012905
0.403000 1.135817 0.012483
0.426539 1.140796 0.013138
0.450414 1.145716 0.012085
0.471996 1.149247 0.010985
0.496456 1.155395 0.012733
0.142419 1.106968 0.011288
0.165551 1.112159 0.012468
0.187134 1.115326 0.011856
0.211742 1.120031 0.011339
0.235150 1.124381 0.011621
0.257338 1.131237 0.011838
0.280095 1.135724 0.011679
0.304205 1.140651 0.011534
0.329133 1.144238 0.011724
0.350801 1.150431 0.012347
0.374367 1.154944 0.011711
0.397534 1.159852 0.012509
0.422053 1.165071 0.012038
0.444362 1.170322 0.011103
0.466522 1.172420 0.011989
0.489146 1.178281 0.012000
0.136142 1.130701 0.013266
0.159525 1.133297 0.011920
0.182477 1.139779 0.011584
0.207904 1.143362 0.012393
0.230988 1.148198 0.012002
0.253389 1.153335 0.011844
0.277128 1.159067 0.011398
0.300552 1.165715 0.013059
0.323029 1.168849 0.011209
0.346012 1.172957 0.011769
0.368459 1.177079 0.012363
0.393647 1.182976 0.011125
0.417700 1.187652 0.012594
0.438823 1.192160 0.011612
0.462393 1.198101 0.011232
0.485704 1.201839 0.012998
0.132079 1.153244 0.011953
0.154753 1.157205 0.011916
0.179086 1.164164 0.011731
0.200252 1.168304 0.011769
0.227150 1.172955 0.012078
0.249709 1.176140 0.011887
0.271484 1.180742 0.011952
0.294236 1.186144 0.012243
0.317307 1.191124 0.011205
0.341360 1.198556 0.012496
0.364717 1.202081 0.010710
0.387817 1.206359 0.011520
0.410970 1.211761 0.010719
0.434435 1.217278 0.011707
0.457960 1.220571 0.011358
0.481030 1.225087 0.012511
