652.74 513.11 15.94
630.61 549.07 15.94
600.74 584.15 15.94
566.32 615.87 15.94
529.64 641.93 15.94
492.25 660.33 15.94
455.66 669.62 15.94
421.93 669.03 15.94
393.78 658.58 15.94
374.19 639.16 15.94
365.43 612.34 15.94
368.15 580.24 15.94
381.02 545.28 15.94
401.41 509.91 15.94
426.66 476.48 15.94
455.12 447.02 15.94
486.24 423.27 15.94
519.80 406.56 15.94
555.04 397.90 15.94
590.13 397.87 15.94
622.10 406.61 15.94
647.26 423.74 15.94
661.97 448.29 15.94
663.87 478.74 15.94
688.20 506.87 15.94
666.72 543.16 15.94
638.75 579.18 15.94
606.91 613.33 15.94
573.00 644.04 15.94
537.88 669.85 15.94
501.94 689.47 15.94
465.61 701.84 15.94
429.79 706.28 15.94
396.06 702.51 15.94
366.56 690.72 15.94
343.72 671.56 15.94
329.71 646.09 15.94
325.74 615.67 15.94
331.57 581.87 15.94
345.56 546.32 15.94
388.33 476.31 15.94
413.40 444.69 15.94
440.19 416.93 15.94
469.09 393.98 15.94
500.55 376.64 15.94
534.57 365.52 15.94
570.39 361.08 15.94
606.43 363.60 15.94
640.41 373.12 15.94
669.46 389.41 15.94
690.60 411.93 15.94
701.34 439.82 15.94
700.40 471.92 15.94
723.66 500.50 15.94
702.64 536.98 15.94
676.06 573.47 15.94
646.29 608.88 15.94
614.97 642.08 15.94
582.82 672.02 15.94
549.89 697.68 15.94
515.94 718.15 15.94
480.87 732.63 15.94
444.96 740.54 15.94
409.05 741.51 15.94
374.49 735.47 15.94
343.11 722.65 15.94
316.99 703.55 15.94
298.16 678.96 15.94
288.13 649.82 15.94
287.44 617.25 15.94
295.36 582.42 15.94
310.10 546.49 15.94
350.83 475.81 15.94
373.36 443.04 15.94
396.60 413.12 15.94
421.07 386.75 15.94
447.60 364.49 15.94
476.88 346.85 15.94
509.15 334.23 15.94
544.13 326.98 15.94
580.97 325.35 15.94
618.32 329.53 15.94
654.38 339.53 15.94
686.90 355.21 15.94
713.41 376.25 15.94
731.51 402.09 15.94
739.45 432.03 15.94
736.58 465.16 15.94
759.12 494.13 15.94
738.44 530.72 15.94
712.90 567.46 15.94
684.77 603.54 15.94
655.63 638.16 15.94
626.23 670.52 15.94
596.55 699.85 15.94
566.13 725.42 15.94
534.44 746.53 15.94
501.11 762.56 15.94
466.15 773.00 15.94
429.95 777.48 15.94
393.31 775.83 15.94
357.44 768.05 15.94
323.89 754.38 15.94
294.48 735.22 15.94
271.08 711.18 15.94
255.34 682.98 15.94
248.27 651.46 15.94
249.94 617.49 15.94
259.37 581.97 15.94
274.64 545.78 15.94
293.49 509.76 15.94
313.85 474.69 15.94
334.44 441.25 15.94
354.89 410.06 15.94
375.69 381.65 15.94
397.77 356.44 15.94
422.08 334.80 15.94
449.35 317.06 15.94
479.85 303.50 15.94
513.46 294.36 15.94
549.66 289.87 15.94
587.66 290.22 15.94
664.32 305.85 15.94
699.84 321.07 15.94
730.84 340.99 15.94
755.19 365.24 15.94
770.94 393.33 15.94
776.81 424.66 15.94
772.56 458.51 15.94
794.58 487.86 15.94
774.62 523.77 15.94
750.50 559.89 15.94
724.28 595.64 15.94
697.51 630.45 15.94
670.97 663.76 15.94
618.45 723.66 15.94
591.36 749.17 15.94
562.86 771.04 15.94
532.48 788.77 15.94
500.04 801.93 15.94
465.67 810.19 15.94
429.75 813.30 15.94
392.93 811.13 15.94
356.10 803.70 15.94
320.42 791.16 15.94
287.29 773.82 15.94
258.26 752.08 15.94
234.93 726.46 15.94
218.71 697.55 15.94
210.50 666.00 15.94
210.43 632.45 15.94
217.78 597.58 15.94
231.00 562.04 15.94
248.05 526.46 15.94
266.88 491.41 15.94
285.89 457.44 15.94
304.21 425.02 15.94
321.82 394.56 15.94
339.36 366.43 15.94
357.79 340.92 15.94
378.13 318.29 15.94
401.16 298.74 15.94
427.31 282.47 15.94
456.69 269.65 15.94
489.09 260.46 15.94
524.10 255.08 15.94
561.18 253.65 15.94
599.63 256.32 15.94
638.65 263.17 15.94
677.19 274.23 15.94
713.95 289.43 15.94
747.37 308.63 15.94
775.65 331.57 15.94
797.01 357.90 15.94
809.97 387.22 15.94
813.68 419.01 15.94
808.20 452.75 15.94
830.04 481.83 15.94
810.23 517.86 15.94
786.67 554.12 15.94
761.41 590.13 15.94
736.01 625.46 15.94
711.32 659.67 15.94
687.49 692.33 15.94
664.11 723.02 15.94
640.44 751.30 15.94
615.71 776.75 15.94
589.24 798.96 15.94
560.60 817.53 15.94
496.32 842.27 15.94
461.01 847.88 15.94
424.10 848.73 15.94
386.17 844.76 15.94
347.97 836.01 15.94
310.44 822.64 15.94
274.73 804.91 15.94
242.21 783.17 15.94
214.35 757.86 15.94
192.61 729.46 15.94
178.18 698.48 15.94
171.74 665.48 15.94
173.19 631.00 15.94
181.63 595.57 15.94
195.44 559.73 15.94
212.57 523.98 15.94
231.00 488.77 15.94
249.12 454.54 15.94
266.05 421.67 15.94
281.69 390.50 15.94
296.63 361.31 15.94
328.47 309.83 15.94
347.42 287.90 15.94
369.35 268.70 15.94
394.54 252.36 15.94
422.99 239.01 15.94
454.44 228.78 15.94
488.52 221.81 15.94
524.78 218.25 15.94
562.75 218.22 15.94
601.92 221.86 15.94
641.72 229.24 15.94
720.07 255.31 15.94
756.44 273.86 15.94
789.00 295.86 15.94
816.09 321.05 15.94
836.07 349.11 15.94
847.66 379.65 15.94
850.22 412.26 15.94
843.98 446.47 15.94
865.51 476.13 15.94
845.81 512.27 15.94
822.72 548.60 15.94
798.26 584.76 15.94
774.02 620.40 15.94
750.90 655.17 15.94
729.11 688.75 15.94
708.29 720.79 15.94
687.69 750.95 15.94
666.42 778.90 15.94
643.70 804.29 15.94
618.90 826.78 15.94
591.68 846.02 15.94
561.92 861.68 15.94
529.71 873.47 15.94
495.28 881.13 15.94
458.94 884.49 15.94
421.11 883.43 15.94
382.25 877.91 15.94
342.93 868.02 15.94
303.90 853.89 15.94
266.05 835.77 15.94
198.68 788.85 15.94
171.90 760.81 15.94
151.53 730.31 15.94
138.61 697.79 15.94
133.61 663.71 15.94
136.29 628.53 15.94
145.61 592.69 15.94
159.89 556.62 15.94
177.09 520.73 15.94
195.19 485.39 15.94
212.59 450.96 15.94
228.37 417.75 15.94
242.38 386.05 15.94
255.16 356.10 15.94
267.70 328.10 15.94
281.16 302.21 15.94
296.60 278.57 15.94
314.83 257.29 15.94
336.31 238.45 15.94
361.14 222.14 15.94
389.19 208.45 15.94
420.12 197.48 15.94
453.53 189.32 15.94
488.97 184.12 15.94
526.07 181.99 15.94
564.47 183.07 15.94
603.86 187.47 15.94
643.88 195.28 15.94
684.09 206.54 15.94
723.83 221.22 15.94
762.19 239.25 15.94
797.97 260.50 15.94
829.67 284.75 15.94
855.68 311.75 15.94
874.48 341.18 15.94
884.93 372.71 15.94
886.56 405.97 15.94
879.69 440.57 15.94
900.97 470.89 15.94
881.68 506.56 15.94
859.36 542.39 15.94
835.94 578.11 15.94
812.96 613.42 15.94
791.39 648.08 15.94
771.53 681.82 15.94
753.09 714.40 15.94
735.40 745.55 15.94
717.56 775.03 15.94
698.71 802.57 15.94
678.09 827.89 15.94
655.22 850.71 15.94
629.82 870.75 15.94
601.84 887.74 15.94
571.41 901.40 15.94
538.75 911.50 15.94
504.14 917.84 15.94
467.88 920.27 15.94
430.26 918.69 15.94
391.62 913.10 15.94
352.32 903.54 15.94
312.82 890.13 15.94
273.71 873.07 15.94
235.78 852.60 15.94
200.05 829.00 15.94
167.71 802.62 15.94
140.08 773.79 15.94
118.42 742.90 15.94
103.76 710.31 15.94
96.67 676.39 15.94
97.09 641.52 15.94
104.27 606.06 15.94
116.79 570.35 15.94
132.80 534.71 15.94
150.31 499.47 15.94
167.55 464.91 15.94
183.27 431.31 15.94
196.89 398.90 15.94
208.54 367.90 15.94
218.92 338.51 15.94
229.10 310.87 15.94
240.23 285.10 15.94
253.37 261.32 15.94
269.30 239.59 15.94
288.48 219.96 15.94
311.02 202.50 15.94
336.79 187.25 15.94
365.46 174.26 15.94
396.61 163.61 15.94
429.79 155.38 15.94
464.59 149.68 15.94
500.67 146.61 15.94
537.76 146.32 15.94
575.68 148.90 15.94
614.28 154.46 15.94
653.42 163.07 15.94
692.87 174.78 15.94
732.23 189.56 15.94
770.88 207.35 15.94
807.91 228.04 15.94
842.11 251.48 15.94
872.03 277.44 15.94
896.17 305.68 15.94
913.18 335.93 15.94
922.11 367.89 15.94
922.64 401.24 15.94
915.20 435.68 15.94
936.43 466.19 15.94
917.20 501.96 15.94
895.17 537.85 15.94
872.28 573.63 15.94
850.10 609.07 15.94
829.63 643.95 15.94
811.22 678.07 15.94
794.63 711.23 15.94
779.18 743.22 15.94
763.94 773.84 15.94
747.95 802.89 15.94
730.37 830.15 15.94
710.59 855.38 15.94
688.24 878.35 15.94
663.19 898.80 15.94
635.52 916.49 15.94
605.42 931.18 15.94
573.19 942.63 15.94
503.51 955.05 15.94
466.61 955.75 15.94
428.64 952.68 15.94
389.81 945.83 15.94
350.33 935.28 15.94
310.48 921.13 15.94
270.66 903.58 15.94
231.43 882.85 15.94
193.58 859.19 15.94
158.15 832.89 15.94
126.34 804.28 15.94
99.44 773.67 15.94
78.69 741.38 15.94
65.03 707.74 15.94
58.94 673.07 15.94
60.27 637.68 15.94
68.15 601.87 15.94
81.13 565.93 15.94
97.34 530.14 15.94
131.68 460.06 15.94
146.77 426.24 15.94
159.45 393.53 15.94
169.80 362.11 15.94
178.51 332.16 15.94
186.65 303.80 15.94
195.44 277.15 15.94
219.32 229.31 15.94
235.89 208.22 15.94
255.97 189.08 15.94
279.50 171.89 15.94
306.19 156.70 15.94
335.59 143.52 15.94
367.22 132.42 15.94
400.59 123.46 15.94
435.26 116.72 15.94
470.87 112.31 15.94
507.17 110.33 15.94
544.00 110.92 15.94
581.29 114.18 15.94
619.05 120.22 15.94
657.26 129.10 15.94
695.91 140.87 15.94
734.84 155.53 15.94
773.69 173.01 15.94
811.81 193.25 15.94
848.28 216.09 15.94
881.84 241.36 15.94
911.04 268.85 15.94
934.40 298.33 15.94
950.61 329.54 15.94
958.79 362.20 15.94
958.70 396.05 15.94
950.84 430.80 15.94
971.89 462.13 15.94
952.71 497.98 15.94
930.93 533.91 15.94
908.51 569.71 15.94
887.02 605.21 15.94
867.51 640.21 15.94
850.37 674.56 15.94
835.40 708.09 15.94
821.90 740.63 15.94
808.93 772.04 15.94
795.47 802.15 15.94
780.57 830.79 15.94
763.52 857.76 15.94
743.83 882.89 15.94
721.32 905.95 15.94
696.00 926.74 15.94
668.06 945.02 15.94
637.81 960.57 15.94
605.59 973.17 15.94
571.75 982.62 15.94
536.58 988.76 15.94
500.35 991.45 15.94
463.24 990.60 15.94
425.38 986.18 15.94
386.86 978.20 15.94
347.75 966.73 15.94
308.18 951.90 15.94
268.35 933.88 15.94
228.63 912.86 15.94
189.57 889.10 15.94
152.00 862.85 15.94
116.96 834.39 15.94
85.69 804.01 15.94
59.49 771.98 15.94
39.55 738.60 15.94
26.77 704.15 15.94
21.55 668.90 15.94
23.64 633.10 15.94
32.13 597.03 15.94
45.50 560.92 15.94
61.88 525.01 15.94
79.26 489.52 15.94
95.87 454.67 15.94
110.42 420.67 15.94
122.28 387.69 15.94
131.51 355.91 15.94
138.78 325.47 15.94
145.17 296.50 15.94
151.94 269.12 15.94
160.33 243.39 15.94
171.35 219.38 15.94
185.69 197.13 15.94
203.69 176.65 15.94
225.37 157.97 15.94
250.50 141.08 15.94
278.63 126.00 15.94
309.25 112.73 15.94
341.81 101.32 15.94
375.80 91.80 15.94
410.75 84.25 15.94
446.29 78.75 15.94
482.15 75.42 15.94
518.16 74.36 15.94
554.25 75.70 15.94
590.46 79.55 15.94
626.87 86.00 15.94
663.63 95.13 15.94
700.85 106.98 15.94
776.69 138.81 15.94
814.82 158.68 15.94
852.31 181.04 15.94
888.15 205.74 15.94
921.08 232.61 15.94
949.60 261.43 15.94
972.25 291.97 15.94
987.75 324.00 15.94
995.28 357.28 15.94
994.67 391.55 15.94
986.46 426.58 15.94
1007.35 458.79 15.94
988.21 494.70 15.94
966.66 530.65 15.94
944.64 566.45 15.94
905.09 637.02 15.94
889.07 671.49 15.94
875.51 705.24 15.94
863.73 738.14 15.94
852.77 770.07 15.94
841.52 800.90 15.94
828.98 830.50 15.94
814.30 858.73 15.94
796.93 885.42 15.94
776.58 910.42 15.94
753.22 933.55 15.94
727.02 954.60 15.94
698.28 973.37 15.94
667.38 989.65 15.94
634.73 1003.24 15.94
600.71 1013.95 15.94
565.65 1021.60 15.94
529.82 1026.04 15.94
493.42 1027.16 15.94
456.56 1024.91 15.94
419.27 1019.25 15.94
381.56 1010.23 15.94
343.37 997.92 15.94
304.70 982.44 15.94
265.58 963.96 15.94
226.17 942.66 15.94
186.82 918.77 15.94
148.14 892.52 15.94
110.95 864.17 15.94
76.37 833.97 15.94
45.64 802.18 15.94
20.09 769.05 15.94
0.89 734.82 15.94
-11.11 699.74 15.94
-15.58 664.04 15.94
-12.83 627.94 15.94
-3.82 591.66 15.94
9.90 555.41 15.94
26.42 519.40 15.94
43.74 483.81 15.94
60.10 448.84 15.94
74.18 414.66 15.94
85.33 381.43 15.94
93.59 349.32 15.94
99.61 318.46 15.94
104.48 288.96 15.94
109.50 260.94 15.94
115.97 234.45 15.94
125.02 209.58 15.94
137.44 186.35 15.94
153.67 164.78 15.94
173.82 144.88 15.94
197.70 126.64 15.94
224.90 110.06 15.94
287.10 81.84 15.94
320.95 70.22 15.94
355.90 60.29 15.94
391.48 52.12 15.94
463.16 41.32 15.94
498.77 38.90 15.94
534.07 38.63 15.94
569.06 40.62 15.94
603.83 44.98 15.94
638.54 51.80 15.94
673.42 61.16 15.94
708.70 73.11 15.94
744.58 87.64 15.94
781.15 104.74 15.94
818.27 124.33 15.94
855.59 146.31 15.94
892.38 170.55 15.94
927.59 196.90 15.94
959.89 225.16 15.94
987.79 255.13 15.94
1009.80 286.60 15.94
1024.67 319.36 15.94
1031.64 353.17 15.94
1030.58 387.82 15.94
1022.06 423.10 15.94
1042.81 456.22 15.94
1023.93 491.80 15.94
1002.82 527.37 15.94
981.37 562.78 15.94
961.18 597.91 15.94
943.32 632.62 15.94
928.27 666.80 15.94
915.92 700.36 15.94
905.64 733.18 15.94
896.49 765.17 15.94
887.36 796.25 15.94
877.18 826.30 15.94
865.03 855.23 15.94
850.23 882.93 15.94
832.39 909.26 15.94
811.38 934.10 15.94
787.31 957.29 15.94
760.44 978.66 15.94
731.14 998.03 15.94
699.85 1015.22 15.94
667.00 1030.04 15.94
633.00 1042.30 15.94
598.20 1051.84 15.94
562.90 1058.49 15.94
527.32 1062.13 15.94
491.61 1062.66 15.94
455.82 1060.04 15.94
419.95 1054.24 15.94
383.93 1045.29 15.94
347.65 1033.26 15.94
273.79 1000.44 15.94
236.06 979.95 15.94
159.46 931.77 15.94
121.37 904.51 15.94
84.37 875.43 15.94
49.46 844.76 15.94
17.87 812.71 15.94
-9.11 779.50 15.94
-30.26 745.34 15.94
-44.62 710.43 15.94
-51.70 674.96 15.94
-51.54 639.13 15.94
-44.85 603.12 15.94
-32.92 567.09 15.94
-17.48 531.24 15.94
-0.46 495.71 15.94
16.28 460.68 15.94
31.20 426.30 15.94
43.31 392.72 15.94
52.27 360.08 15.94
58.40 328.51 15.94
62.51 298.12 15.94
65.82 269.03 15.94
69.65 241.32 15.94
75.28 215.05 15.94
83.77 190.29 15.94
95.85 167.05 15.94
111.92 145.36 15.94
132.03 125.21 15.94
155.95 106.60 15.94
183.27 89.51 15.94
213.45 73.91 15.94
245.89 59.79 15.94
279.99 47.14 15.94
351.10 26.29 15.94
387.21 18.16 15.94
423.21 11.63 15.94
458.86 6.79 15.94
493.97 3.74 15.94
528.43 2.58 15.94
562.22 3.44 15.94
595.39 6.43 15.94
628.08 11.66 15.94
660.49 19.20 15.94
692.90 29.12 15.94
725.61 41.45 15.94
758.92 56.21 15.94
793.05 73.37 15.94
828.07 92.86 15.94
863.83 114.59 15.94
899.90 138.45 15.94
935.49 164.29 15.94
969.50 191.94 15.94
1000.58 221.25 15.94
1027.24 252.00 15.94
1048.05 284.02 15.94
1061.85 317.10 15.94
1067.96 351.04 15.94
1066.31 385.67 15.94
1057.51 420.79 15.94
1078.27 454.47 15.94
1059.41 490.12 15.94
1038.45 525.72 15.94
1017.30 561.13 15.94
997.57 596.24 15.94
980.35 630.95 15.94
966.16 665.16 15.94
954.89 698.78 15.94
945.93 731.72 15.94
938.31 763.92 15.94
930.87 795.29 15.94
922.47 825.77 15.94
912.11 855.28 15.94
899.02 883.73 15.94
882.74 911.03 15.94
863.07 937.07 15.94
840.07 961.74 15.94
814.00 984.90 15.94
785.24 1006.40 15.94
754.23 1026.08 15.94
721.46 1043.76 15.94
687.39 1059.27 15.94
652.44 1072.43 15.94
616.98 1083.07 15.94
581.31 1091.02 15.94
545.65 1096.16 15.94
510.18 1098.37 15.94
474.97 1097.58 15.94
440.05 1093.75 15.94
405.37 1086.87 15.94
370.81 1076.99 15.94
301.34 1048.54 15.94
266.02 1030.22 15.94
193.37 986.20 15.94
156.04 960.88 15.94
118.35 933.62 15.94
80.83 904.62 15.94
44.30 874.08 15.94
9.84 842.21 15.94
-21.30 809.20 15.94
-47.78 775.23 15.94
-68.39 740.49 15.94
-82.19 705.15 15.94
-88.69 669.37 15.94
-88.01 633.32 15.94
-80.88 597.15 15.94
-68.62 561.01 15.94
-52.98 525.06 15.94
-35.91 489.43 15.94
-19.28 454.29 15.94
-4.63 419.75 15.94
7.04 385.96 15.94
15.37 353.05 15.94
20.64 321.14 15.94
25.78 260.75 15.94
28.22 232.46 15.94
32.39 205.53 15.94
39.42 180.03 15.94
50.13 155.99 15.94
65.00 133.43 15.94
84.14 112.35 15.94
107.38 92.75 15.94
164.38 57.87 15.94
197.00 42.54 15.94
231.53 28.58 15.94
267.39 15.97 15.94
304.08 4.70 15.94
341.13 -5.23 15.94
378.16 -13.76 15.94
414.89 -20.87 15.94
451.05 -26.47 15.94
486.48 -30.48 15.94
521.03 -32.79 15.94
554.63 -33.28 15.94
587.28 -31.85 15.94
619.04 -28.37 15.94
650.03 -22.75 15.94
680.48 -14.91 15.94
710.66 -4.77 15.94
740.94 7.69 15.94
771.68 22.49 15.94
835.85 58.95 15.94
904.37 104.07 15.94
939.62 129.59 15.94
974.55 156.90 15.94
1008.00 185.84 15.94
1038.57 216.22 15.94
1064.73 247.87 15.94
1085.06 280.61 15.94
1098.40 314.26 15.94
1104.10 348.64 15.94
1102.11 383.58 15.94
1093.08 418.91 15.94
