0.652742 0.513107 0.015942
0.630608 0.549068 0.015942
0.600743 0.584149 0.015942
0.566324 0.615873 0.015942
0.529643 0.641926 0.015942
0.492255 0.660329 0.015942
0.455665 0.669619 0.015942
0.421929 0.669025 0.015942
0.393783 0.658584 0.015942
0.374189 0.639159 0.015942
0.365427 0.612337 0.015942
0.368147 0.580239 0.015942
0.381023 0.545276 0.015942
0.401411 0.509913 0.015942
0.426657 0.476478 0.015942
0.455122 0.447024 0.015942
0.486243 0.423268 0.015942
0.519802 0.406564 0.015942
0.555041 0.397899 0.015942
0.590128 0.397868 0.015942
0.622103 0.406610 0.015942
0.647256 0.423739 0.015942
0.661973 0.448290 0.015942
0.663872 0.478742 0.015942
0.688203 0.506870 0.015942
0.666723 0.543156 0.015942
0.638753 0.579180 0.015942
0.606914 0.613332 0.015942
0.572995 0.644045 0.015942
0.537877 0.669854 0.015942
0.501939 0.689466 0.015942
0.465610 0.701840 0.015942
0.429794 0.706279 0.015942
0.396057 0.702508 0.015942
0.366557 0.690717 0.015942
0.343724 0.671558 0.015942
0.329712 0.646087 0.015942
0.325735 0.615671 0.015942
0.331570 0.581869 0.015942
0.345562 0.546319 0.015942
0.388326 0.476306 0.015942
0.413403 0.444688 0.015942
0.440188 0.416926 0.015942
0.469086 0.393981 0.015942
0.500553 0.376637 0.015942
0.534574 0.365516 0.015942
0.570390 0.361077 0.015942
0.606435 0.363596 0.015942
0.640406 0.373119 0.015942
0.669460 0.389413 0.015942
0.690605 0.411933 0.015942
0.701344 0.439816 0.015942
0.700403 0.471917 0.015942
0.723663 0.500504 0.015942
0.702640 0.536978 0.015942
0.676057 0.573474 0.015942
0.646288 0.608875 0.015942
0.614966 0.642080 0.015942
0.582820 0.672018 0.015942
0.549889 0.697681 0.015942
0.515940 0.718148 0.015942
0.480867 0.732633 0.015942
0.444964 0.740540 0.015942
0.409053 0.741512 0.015942
0.374494 0.735474 0.015942
0.343108 0.722650 0.015942
0.316988 0.703554 0.015942
0.298160 0.678956 0.015942
0.288133 0.649822 0.015942
0.287436 0.617253 0.015942
0.295362 0.582417 0.015942
0.310102 0.546490 0.015942
0.350828 0.475806 0.015942
0.373356 0.443041 0.015942
0.396601 0.413123 0.015942
0.421071 0.386747 0.015942
0.447600 0.364495 0.015942
0.476877 0.346853 0.015942
0.509152 0.334233 0.015942
0.544128 0.326978 0.015942
0.580966 0.325354 0.015942
0.618323 0.329527 0.015942
0.654381 0.339526 0.015942
0.686904 0.355212 0.015942
0.713407 0.376247 0.015942
0.731511 0.402094 0.015942
0.739449 0.432027 0.015942
0.736583 0.465163 0.015942
0.759124 0.494129 0.015942
0.738437 0.530717 0.015942
0.712902 0.567459 0.015942
0.684770 0.603542 0.015942
0.655635 0.638159 0.015942
0.626233 0.670519 0.015942
0.596549 0.699853 0.015942
0.566132 0.725420 0.015942
0.534439 0.746527 0.015942
0.501115 0.762556 0.015942
0.466151 0.772997 0.015942
0.429946 0.777484 0.015942
0.393307 0.775831 0.015942
0.357437 0.768055 0.015942
0.323891 0.754377 0.015942
0.294479 0.735220 0.015942
0.271082 0.711179 0.015942
0.255337 0.682984 0.015942
0.248266 0.651462 0.015942
0.249944 0.617492 0.015942
0.259366 0.581973 0.015942
0.274641 0.545784 0.015942
0.293488 0.509765 0.015942
0.313855 0.474689 0.015942
0.334439 0.441252 0.015942
0.354894 0.410065 0.015942
0.375693 0.381647 0.015942
0.397765 0.356436 0.015942
0.422082 0.334803 0.015942
0.449347 0.317062 0.015942
0.479850 0.303496 0.015942
0.513455 0.294356 0.015942
0.549661 0.289869 0.015942
0.587658 0.290221 0.015942
0.664323 0.305846 0.015942
0.699835 0.321070 0.015942
0.730844 0.340987 0.015942
0.755192 0.365240 0.015942
0.770943 0.393333 0.015942
0.776813 0.424656 0.015942
0.772559 0.458509 0.015942
0.794584 0.487864 0.015942
0.774623 0.523773 0.015942
0.750501 0.559892 0.015942
0.724284 0.595641 0.015942
0.697508 0.630451 0.015942
0.670972 0.663759 0.015942
0.618446 0.723661 0.015942
0.591360 0.749175 0.015942
0.562855 0.771037 0.015942
0.532475 0.788766 0.015942
0.500042 0.801935 0.015942
0.465670 0.810195 0.015942
0.429749 0.813300 0.015942
0.392926 0.811128 0.015942
0.356101 0.803695 0.015942
0.320424 0.791159 0.015942
0.287287 0.773815 0.015942
0.258258 0.752077 0.015942
0.234934 0.726461 0.015942
0.218713 0.697555 0.015942
0.210496 0.665997 0.015942
0.210433 0.632450 0.015942
0.217783 0.597581 0.015942
0.231000 0.562041 0.015942
0.248052 0.526456 0.015942
0.266884 0.491410 0.015942
0.285886 0.457438 0.015942
0.304208 0.425017 0.015942
0.321821 0.394563 0.015942
0.339355 0.366432 0.015942
0.357790 0.340924 0.015942
0.378129 0.318288 0.015942
0.401157 0.298739 0.015942
0.427314 0.282466 0.015942
0.456692 0.269649 0.015942
0.489092 0.260462 0.015942
0.524105 0.255076 0.015942
0.561178 0.253650 0.015942
0.599635 0.256318 0.015942
0.638649 0.263169 0.015942
0.677188 0.274225 0.015942
0.713954 0.289429 0.015942
0.747368 0.308626 0.015942
0.775649 0.331566 0.015942
0.797009 0.357905 0.015942
0.809965 0.387217 0.015942
0.813676 0.419011 0.015942
0.808205 0.452749 0.015942
0.830045 0.481828 0.015942
0.810228 0.517865 0.015942
0.786672 0.554117 0.015942
0.761415 0.590130 0.015942
0.736013 0.625459 0.015942
0.711323 0.659669 0.015942
0.687492 0.692330 0.015942
0.664107 0.723015 0.015942
0.640445 0.751298 0.015942
0.615712 0.776754 0.015942
0.589243 0.798964 0.015942
0.560600 0.817526 0.015942
0.496322 0.842273 0.015942
0.461012 0.847883 0.015942
0.424102 0.848733 0.015942
0.386174 0.844760 0.015942
0.347975 0.836009 0.015942
0.310443 0.822639 0.015942
0.274734 0.804909 0.015942
0.242206 0.783174 0.015942
0.214345 0.757862 0.015942
0.192608 0.729457 0.015942
0.178184 0.698482 0.015942
0.171738 0.665480 0.015942
0.173190 0.630996 0.015942
0.181631 0.595573 0.015942
0.195437 0.559735 0.015942
0.212570 0.523979 0.015942
0.231000 0.488771 0.015942
0.249123 0.454540 0.015942
0.266051 0.421670 0.015942
0.281693 0.390498 0.015942
0.296632 0.361313 0.015942
0.328474 0.309829 0.015942
0.347422 0.287895 0.015942
0.369347 0.268696 0.015942
0.394542 0.252360 0.015942
0.422990 0.239012 0.015942
0.454444 0.228783 0.015942
0.488523 0.221813 0.015942
0.524780 0.218246 0.015942
0.562745 0.218220 0.015942
0.601916 0.221856 0.015942
0.641715 0.229238 0.015942
0.720072 0.255310 0.015942
0.756438 0.273858 0.015942
0.789004 0.295859 0.015942
0.816092 0.321053 0.015942
0.836072 0.349112 0.015942
0.847661 0.379654 0.015942
0.850222 0.412256 0.015942
0.843980 0.446469 0.015942
0.865505 0.476134 0.015942
0.845807 0.512266 0.015942
0.822718 0.548595 0.015942
0.798262 0.584757 0.015942
0.774017 0.620397 0.015942
0.750897 0.655173 0.015942
0.729113 0.688747 0.015942
0.708291 0.720785 0.015942
0.687686 0.750950 0.015942
0.666422 0.778902 0.015942
0.643696 0.804294 0.015942
0.618900 0.826780 0.015942
0.591679 0.846016 0.015942
0.561922 0.861677 0.015942
0.529712 0.873466 0.015942
0.495278 0.881133 0.015942
0.458944 0.884490 0.015942
0.421109 0.883426 0.015942
0.382246 0.877914 0.015942
0.342933 0.868019 0.015942
0.303895 0.853893 0.015942
0.266052 0.835774 0.015942
0.198681 0.788846 0.015942
0.171898 0.760813 0.015942
0.151531 0.730309 0.015942
0.138610 0.697788 0.015942
0.133615 0.663709 0.015942
0.136292 0.628529 0.015942
0.145613 0.592690 0.015942
0.159894 0.556621 0.015942
0.177092 0.520728 0.015942
0.195193 0.485391 0.015942
0.212593 0.450960 0.015942
0.228372 0.417754 0.015942
0.242384 0.386053 0.015942
0.255165 0.356099 0.015942
0.267704 0.328095 0.015942
0.281159 0.302208 0.015942
0.296601 0.278568 0.015942
0.314832 0.257286 0.015942
0.336306 0.238449 0.015942
0.361144 0.222143 0.015942
0.389193 0.208454 0.015942
0.420125 0.197477 0.015942
0.453526 0.189324 0.015942
0.488971 0.184118 0.015942
0.526069 0.181991 0.015942
0.564472 0.183072 0.015942
0.603860 0.187475 0.015942
0.643882 0.195283 0.015942
0.684086 0.206535 0.015942
0.723828 0.221217 0.015942
0.762195 0.239252 0.015942
0.797969 0.260497 0.015942
0.829668 0.284748 0.015942
0.855677 0.311746 0.015942
0.874478 0.341183 0.015942
0.884934 0.372714 0.015942
0.886559 0.405972 0.015942
0.879694 0.440574 0.015942
0.900966 0.470889 0.015942
0.881683 0.506559 0.015942
0.859361 0.542393 0.015942
0.835938 0.578106 0.015942
0.812962 0.613423 0.015942
0.791392 0.648082 0.015942
0.771528 0.681825 0.015942
0.753091 0.714400 0.015942
0.735397 0.745555 0.015942
0.717562 0.775031 0.015942
0.698705 0.802566 0.015942
0.678093 0.827885 0.015942
0.655218 0.850709 0.015942
0.629817 0.870754 0.015942
0.601843 0.887741 0.015942
0.571415 0.901404 0.015942
0.538755 0.911505 0.015942
0.504143 0.917843 0.015942
0.467877 0.920269 0.015942
0.430264 0.918695 0.015942
0.391625 0.913101 0.015942
0.352323 0.903540 0.015942
0.312817 0.890134 0.015942
0.273706 0.873071 0.015942
0.235781 0.852596 0.015942
0.200051 0.829001 0.015942
0.167715 0.802615 0.015942
0.140081 0.773791 0.015942
0.118419 0.742896 0.015942
0.103757 0.710305 0.015942
0.096668 0.676392 0.015942
0.097095 0.641525 0.015942
0.104274 0.606061 0.015942
0.116793 0.570347 0.015942
0.132799 0.534712 0.015942
0.150308 0.499470 0.015942
0.167552 0.464911 0.015942
0.183270 0.431306 0.015942
0.196890 0.398898 0.015942
0.208538 0.367904 0.015942
0.218921 0.338508 0.015942
0.229096 0.310867 0.015942
0.240231 0.285104 0.015942
0.253372 0.261319 0.015942
0.269304 0.239586 0.015942
0.288479 0.219963 0.015942
0.311022 0.202500 0.015942
0.336791 0.187246 0.015942
0.365461 0.174259 0.015942
0.396609 0.163607 0.015942
0.429790 0.155379 0.015942
0.464590 0.149676 0.015942
0.500667 0.146615 0.015942
0.537760 0.146317 0.015942
0.575680 0.148898 0.015942
0.614285 0.154460 0.015942
0.653423 0.163074 0.015942
0.692867 0.174777 0.015942
0.732228 0.189555 0.015942
0.770883 0.207349 0.015942
0.807913 0.228044 0.015942
0.842107 0.251476 0.015942
0.872029 0.277437 0.015942
0.896173 0.305680 0.015942
0.913184 0.335930 0.015942
0.922113 0.367887 0.015942
0.922639 0.401243 0.015942
0.915198 0.435681 0.015942
0.936426 0.466193 0.015942
0.917199 0.501961 0.015942
0.895170 0.537853 0.015942
0.872280 0.573631 0.015942
0.850101 0.609069 0.015942
0.829632 0.643951 0.015942
0.811224 0.678071 0.015942
0.794634 0.711227 0.015942
0.779178 0.743219 0.015942
0.763936 0.773844 0.015942
0.747948 0.802894 0.015942
0.730375 0.830150 0.015942
0.710595 0.855382 0.015942
0.688242 0.878348 0.015942
0.663192 0.898802 0.015942
0.635517 0.916493 0.015942
0.605422 0.931177 0.015942
0.573189 0.942625 0.015942
0.503510 0.955052 0.015942
0.466610 0.955751 0.015942
0.428644 0.952678 0.015942
0.389813 0.945832 0.015942
0.350333 0.935277 0.015942
0.310482 0.921135 0.015942
0.270655 0.903583 0.015942
0.231425 0.882846 0.015942
0.193584 0.859186 0.015942
0.158151 0.832894 0.015942
0.126337 0.804280 0.015942
0.099441 0.773665 0.015942
0.078689 0.741376 0.015942
0.065032 0.707736 0.015942
0.058944 0.673066 0.015942
0.060267 0.637675 0.015942
0.068152 0.601866 0.015942
0.081134 0.565929 0.015942
0.097339 0.530143 0.015942
0.131681 0.460060 0.015942
0.146773 0.426243 0.015942
0.159448 0.393532 0.015942
0.169798 0.362115 0.015942
0.178508 0.332157 0.015942
0.186648 0.303797 0.015942
0.195441 0.277148 0.015942
0.219321 0.229306 0.015942
0.235891 0.208222 0.015942
0.255973 0.189075 0.015942
0.279502 0.171891 0.015942
0.306186 0.156696 0.015942
0.335591 0.143524 0.015942
0.367222 0.132423 0.015942
0.400591 0.123460 0.015942
0.435259 0.116720 0.015942
0.470871 0.112306 0.015942
0.507170 0.110334 0.015942
0.544001 0.110922 0.015942
0.581295 0.114185 0.015942
0.619045 0.120222 0.015942
0.657263 0.129105 0.015942
0.695913 0.140874 0.015942
0.734840 0.155526 0.015942
0.773685 0.173014 0.015942
0.811815 0.193247 0.015942
0.848281 0.216087 0.015942
0.881841 0.241359 0.015942
0.911043 0.268852 0.015942
0.934399 0.298330 0.015942
0.950605 0.329535 0.015942
0.958786 0.362199 0.015942
0.958699 0.396046 0.015942
0.950843 0.430801 0.015942
0.971887 0.462134 0.015942
0.952708 0.497980 0.015942
0.930932 0.533908 0.015942
0.908505 0.569714 0.015942
0.887020 0.605208 0.015942
0.867512 0.640214 0.015942
0.850375 0.674561 0.015942
0.835396 0.708087 0.015942
0.821900 0.740635 0.015942
0.808934 0.772044 0.015942
0.795470 0.802152 0.015942
0.780573 0.830786 0.015942
0.763515 0.857764 0.015942
0.743831 0.882890 0.015942
0.721318 0.905955 0.015942
0.695998 0.926740 0.015942
0.668064 0.945019 0.015942
0.637815 0.960568 0.015942
0.605594 0.973170 0.015942
0.571746 0.982625 0.015942
0.536580 0.988764 0.015942
0.500348 0.991453 0.015942
0.463237 0.990604 0.015942
0.425377 0.986181 0.015942
0.386856 0.978200 0.015942
0.347753 0.966734 0.015942
0.308182 0.951903 0.015942
0.268353 0.933877 0.015942
0.228626 0.912864 0.015942
0.189570 0.889102 0.015942
0.151997 0.862852 0.015942
0.116958 0.834393 0.015942
0.085688 0.804007 0.015942
0.059486 0.771983 0.015942
0.039551 0.738605 0.015942
0.026774 0.704152 0.015942
0.021550 0.668897 0.015942
0.023640 0.633104 0.015942
0.032127 0.597029 0.015942
0.045504 0.560917 0.015942
0.061878 0.525005 0.015942
0.079257 0.489519 0.015942
0.095867 0.454672 0.015942
0.110418 0.420667 0.015942
0.122279 0.387689 0.015942
0.131512 0.355907 0.015942
0.138780 0.325469 0.015942
0.145168 0.296505 0.015942
0.151941 0.269117 0.015942
0.160329 0.243389 0.015942
0.171345 0.219379 0.015942
0.185685 0.197125 0.015942
0.203690 0.176651 0.015942
0.225375 0.157967 0.015942
0.250495 0.141079 0.015942
0.278627 0.125995 0.015942
0.309249 0.112731 0.015942
0.341814 0.101316 0.015942
0.375800 0.091799 0.015942
0.410748 0.084249 0.015942
0.446288 0.078755 0.015942
0.482147 0.075421 0.015942
0.518157 0.074364 0.015942
0.554252 0.075703 0.015942
0.590458 0.079549 0.015942
0.626872 0.086001 0.015942
0.663631 0.095131 0.015942
0.700853 0.106980 0.015942
0.776689 0.138810 0.015942
0.814819 0.158678 0.015942
0.852305 0.181041 0.015942
0.888154 0.205745 0.015942
0.921078 0.232609 0.015942
0.949604 0.261425 0.015942
0.972250 0.291968 0.015942
0.987749 0.324000 0.015942
0.995284 0.357276 0.015942
0.994672 0.391551 0.015942
0.986461 0.426582 0.015942
1.007347 0.458788 0.015942
0.988211 0.494699 0.015942
0.966657 0.530646 0.015942
0.944636 0.566454 0.015942
0.905095 0.637021 0.015942
0.889072 0.671492 0.015942
0.875509 0.705241 0.015942
0.863734 0.738143 0.015942
0.852768 0.770073 0.015942
0.841522 0.800904 0.015942
0.828975 0.830502 0.015942
0.814299 0.858727 0.015942
0.796930 0.885423 0.015942
0.776581 0.910424 0.015942
0.753222 0.933546 0.015942
0.727020 0.954595 0.015942
0.698280 0.973366 0.015942
0.667382 0.989651 0.015942
0.634731 1.003244 0.015942
0.600708 1.013950 0.015942
0.565650 1.021596 0.015942
0.529825 1.026036 0.015942
0.493423 1.027162 0.015942
0.456558 1.024908 0.015942
0.419273 1.019255 0.015942
0.381557 1.010234 0.015942
0.343374 0.997922 0.015942
0.304700 0.982442 0.015942
0.265575 0.963955 0.015942
0.226167 0.942656 0.015942
0.186825 0.918765 0.015942
0.148137 0.892520 0.015942
0.110953 0.864171 0.015942
0.076365 0.833973 0.015942
0.045640 0.802181 0.015942
0.020089 0.769049 0.015942
0.000890 0.734822 0.015942
-0.011110 0.699742 0.015942
-0.015580 0.664039 0.015942
-0.012827 0.627940 0.015942
-0.003820 0.591661 0.015942
0.009898 0.555412 0.015942
0.026417 0.519397 0.015942
0.043744 0.483809 0.015942
0.060098 0.448837 0.015942
0.074179 0.414656 0.015942
0.085332 0.381434 0.015942
0.093593 0.349323 0.015942
0.099610 0.318460 0.015942
0.104475 0.288964 0.015942
0.109496 0.260936 0.015942
0.115973 0.234454 0.015942
0.125018 0.209578 0.015942
0.137436 0.186345 0.015942
0.153671 0.164776 0.015942
0.173821 0.144876 0.015942
0.197696 0.126640 0.015942
0.224897 0.110060 0.015942
0.287103 0.081843 0.015942
0.320948 0.070221 0.015942
0.355895 0.060295 0.015942
0.391482 0.052116 0.015942
0.463157 0.041320 0.015942
0.498768 0.038904 0.015942
0.534068 0.038631 0.015942
0.569058 0.040617 0.015942
0.603826 0.044975 0.015942
0.638539 0.051800 0.015942
0.673419 0.061164 0.015942
0.708702 0.073109 0.015942
0.744584 0.087643 0.015942
0.781145 0.104738 0.015942
0.818274 0.124327 0.015942
0.855588 0.146311 0.015942
0.892375 0.170554 0.015942
0.927589 0.196898 0.015942
0.959895 0.225156 0.015942
0.987792 0.255129 0.015942
1.009797 0.286603 0.015942
1.024671 0.319357 0.015942
1.031642 0.353170 0.015942
1.030575 0.387821 0.015942
1.022057 0.423096 0.015942
1.042808 0.456218 0.015942
1.023930 0.491797 0.015942
1.002819 0.527366 0.015942
0.981372 0.562781 0.015942
0.961179 0.597906 0.015942
0.943320 0.632619 0.015942
0.928274 0.666805 0.015942
0.915921 0.700358 0.015942
0.905644 0.733180 0.015942
0.896493 0.765175 0.015942
0.887364 0.796248 0.015942
0.877181 0.826301 0.015942
0.865026 0.855232 0.015942
0.850226 0.882928 0.015942
0.832387 0.909264 0.015942
0.811382 0.934102 0.015942
0.787310 0.957289 0.015942
0.760439 0.978658 0.015942
0.731143 0.998031 0.015942
0.699853 1.015222 0.015942
0.667002 1.030041 0.015942
0.632999 1.042304 0.015942
0.598202 1.051838 0.015942
0.562904 1.058488 0.015942
0.527325 1.062128 0.015942
0.491607 1.062664 0.015942
0.455816 1.060039 0.015942
0.419947 1.054239 0.015942
0.383929 1.045291 0.015942
0.347649 1.033264 0.015942
0.273791 1.000436 0.015942
0.236057 0.979947 0.015942
0.159460 0.931771 0.015942
0.121373 0.904511 0.015942
0.084367 0.875432 0.015942
0.049462 0.844758 0.015942
0.017872 0.812708 0.015942
-0.009106 0.779498 0.015942
-0.030256 0.745338 0.015942
-0.044625 0.710428 0.015942
-0.051699 0.674963 0.015942
-0.051543 0.639132 0.015942
-0.044855 0.603117 0.015942
-0.032924 0.567095 0.015942
-0.017479 0.531237 0.015942
-0.000456 0.495712 0.015942
0.016280 0.460681 0.015942
0.031198 0.426300 0.015942
0.043309 0.392719 0.015942
0.052274 0.360078 0.015942
0.058396 0.328507 0.015942
0.062513 0.298124 0.015942
0.065820 0.269033 0.015942
0.069650 0.241320 0.015942
0.075281 0.215053 0.015942
0.083768 0.190285 0.015942
0.095853 0.167048 0.015942
0.111922 0.145356 0.015942
0.132029 0.125211 0.015942
0.155954 0.106601 0.015942
0.183275 0.089507 0.015942
0.213450 0.073909 0.015942
0.245886 0.059790 0.015942
0.279995 0.047140 0.015942
0.351103 0.026291 0.015942
0.387210 0.018156 0.015942
0.423214 0.011627 0.015942
0.458860 0.006787 0.015942
0.493967 0.003735 0.015942
0.528430 0.002583 0.015942
0.562221 0.003445 0.015942
0.595393 0.006434 0.015942
0.628080 0.011656 0.015942
0.660492 0.019195 0.015942
0.692902 0.029116 0.015942
0.725613 0.041454 0.015942
0.758922 0.056215 0.015942
0.793049 0.073369 0.015942
0.828069 0.092858 0.015942
0.863834 0.114590 0.015942
0.899899 0.138447 0.015942
0.935489 0.164286 0.015942
0.969503 0.191944 0.015942
1.000583 0.221245 0.015942
1.027243 0.252001 0.015942
1.048053 0.284017 0.015942
1.061855 0.317097 0.015942
1.067961 0.351045 0.015942
1.066306 0.385670 0.015942
1.057506 0.420787 0.015942
1.078269 0.454473 0.015942
1.059409 0.490121 0.015942
1.038452 0.525715 0.015942
1.017304 0.561129 0.015942
0.997570 0.596244 0.015942
0.980354 0.630954 0.015942
0.966161 0.665162 0.015942
0.954891 0.698779 0.015942
0.945931 0.731723 0.015942
0.938306 0.763920 0.015942
0.930868 0.795294 0.015942
0.922469 0.825773 0.015942
0.912108 0.855278 0.015942
0.899023 0.883728 0.015942
0.882741 0.911027 0.015942
0.863072 0.937071 0.015942
0.840075 0.961741 0.015942
0.814002 0.984901 0.015942
0.785235 1.006402 0.015942
0.754229 1.026080 0.015942
0.721460 1.043764 0.015942
0.687392 1.059274 0.015942
0.652444 1.072432 0.015942
0.616982 1.083067 0.015942
0.581308 1.091021 0.015942
0.545652 1.096159 0.015942
0.510176 1.098371 0.015942
0.474970 1.097580 0.015942
0.440052 1.093747 0.015942
0.405372 1.086870 0.015942
0.370813 1.076988 0.015942
0.301342 1.048539 0.015942
0.266015 1.030221 0.015942
0.193369 0.986204 0.015942
0.156040 0.960883 0.015942
0.118346 0.933619 0.015942
0.080826 0.904617 0.015942
0.044298 0.874081 0.015942
0.009836 0.842210 0.015942
-0.021299 0.809199 0.015942
-0.047783 0.775233 0.015942
-0.068392 0.740493 0.015942
-0.082188 0.705151 0.015942
-0.088691 0.669373 0.015942
-0.088008 0.633320 0.015942
-0.080877 0.597149 0.015942
-0.068619 0.561011 0.015942
-0.052981 0.525058 0.015942
-0.035911 0.489435 0.015942
-0.019282 0.454285 0.015942
-0.004631 0.419749 0.015942
0.007037 0.385961 0.015942
0.015365 0.353051 0.015942
0.020644 0.321140 0.015942
0.025778 0.260749 0.015942
0.028223 0.232456 0.015942
0.032389 0.205531 0.015942
0.039415 0.180029 0.015942
0.050129 0.155987 0.015942
0.064997 0.133425 0.015942
0.084139 0.112348 0.015942
0.107376 0.092745 0.015942
0.164383 0.057871 0.015942
0.196996 0.042542 0.015942
0.231528 0.028581 0.015942
0.267395 0.015967 0.015942
0.304077 0.004695 0.015942
0.341125 -0.005225 0.015942
0.378164 -0.013764 0.015942
0.414888 -0.020870 0.015942
0.451055 -0.026472 0.015942
0.486478 -0.030479 0.015942
0.521028 -0.032787 0.015942
0.554634 -0.033283 0.015942
0.587284 -0.031849 0.015942
0.619038 -0.028374 0.015942
0.650030 -0.022755 0.015942
0.680476 -0.014908 0.015942
0.710664 -0.004770 0.015942
0.740942 0.007693 0.015942
0.771683 0.022488 0.015942
0.835850 0.058949 0.015942
0.904367 0.104069 0.015942
0.939620 0.129594 0.015942
0.974549 0.156903 0.015942
1.008000 0.185835 0.015942
1.038565 0.216217 0.015942
1.064730 0.247869 0.015942
1.085058 0.280612 0.015942
1.098400 0.314262 0.015942
1.104096 0.348643 0.015942
1.102107 0.383581 0.015942
1.093077 0.418910 0.015942
