328.77 488.19 14
350.70 487.89 14
372.85 489.89 15
394.27 488.41 14
416.98 488.38 14
437.43 488.09 15
459.73 489.51 14
482.47 487.15 15
503.14 488.82 15
525.77 488.43 15
548.86 488.92 15
569.59 489.57 14
591.12 488.70 15
614.33 488.91 15
634.55 487.71 14
657.00 488.73 15
680.05 488.41 14
700.50 489.43 14
723.23 489.11 14
744.92 488.97 15
768.13 489.48 15
787.70 488.65 15
810.36 488.51 14
832.54 487.42 14
854.89 489.42 15
876.93 489.51 14
898.76 489.50 14
921.57 489.09 15
942.76 490.45 15
963.20 489.02 15
984.84 491.12 15
1007.64 489.47 14
1029.61 489.08 14
1051.57 489.43 15
1074.66 489.73 14
1095.22 490.13 15
1118.46 491.35 14
1133.16 474.08 14
1161.51 490.50 15
1183.00 490.66 14
1206.39 490.33 15
1226.52 491.55 15
1249.65 489.76 15
1294.17 489.15 14
1315.31 489.92 14
1337.07 488.47 15
1359.69 490.71 15
330.12 459.46 15
352.73 460.58 15
374.33 460.39 15
396.27 459.10 15
416.84 461.77 14
440.06 459.57 14
461.16 459.52 15
484.32 459.92 15
507.74 460.68 15
527.60 459.46 14
550.31 460.97 14
572.39 460.49 15
592.65 460.27 13
616.04 459.61 14
637.07 460.56 16
658.93 460.29 15
681.97 458.89 15
702.67 460.81 14
724.69 459.85 14
747.59 460.38 14
770.04 459.92 15
790.89 460.42 14
813.26 460.39 13
833.54 460.44 15
856.54 460.40 15
878.91 460.28 14
899.75 461.61 14
942.22 442.66 14
944.49 461.34 15
966.37 461.97 14
989.13 460.54 15
1010.99 461.33 13
1031.07 460.60 14
1053.43 460.36 15
1076.20 462.14 14
1097.59 460.46 14
1121.20 463.21 15
1142.40 463.15 15
1163.02 459.51 14
1184.83 461.97 14
1206.40 460.58 15
1229.58 461.77 14
1250.76 461.50 14
331.99 429.19 15
353.31 431.46 15
376.89 432.45 14
419.28 432.99 15
440.57 430.92 14
464.17 433.04 14
486.08 431.56 15
508.45 430.59 14
530.80 432.06 14
551.73 433.02 14
573.30 431.86 14
594.27 431.91 14
617.51 431.86 14
639.76 430.10 14
661.38 433.47 14
681.58 433.36 14
706.07 433.14 15
727.50 432.26 13
748.67 432.05 15
784.68 444.95 14
791.19 433.32 15
814.99 432.76 15
836.48 431.17 14
857.73 431.75 15
882.13 432.45 15
903.68 431.77 14
924.94 432.80 15
946.18 433.91 15
967.14 433.89 14
990.11 432.89 15
1012.52 431.64 15
1033.87 433.16 14
1055.98 431.48 14
1078.05 432.05 15
1098.87 431.91 15
1122.37 432.34 14
1144.43 432.81 15
1165.17 433.42 14
1186.92 432.86 14
1211.18 431.35 14
1233.21 413.64 14
1251.37 433.35 14
1275.06 433.44 15
1296.33 432.22 15
1318.33 432.67 14
1340.42 432.47 15
1362.88 433.57 15
1384.82 431.32 15
333.46 402.33 14
355.32 403.90 16
376.66 402.38 14
400.06 403.84 14
422.29 403.45 14
444.87 401.29 15
466.83 402.16 15
487.87 404.50 15
509.60 401.54 15
533.44 402.50 14
552.94 403.09 14
574.58 403.23 13
597.08 404.35 14
619.67 402.30 15
642.39 403.23 14
662.85 403.82 16
683.90 402.93 15
707.77 402.52 14
728.74 402.88 15
750.21 402.29 15
772.20 403.31 14
794.90 404.24 15
815.41 402.97 14
839.85 403.95 14
860.61 401.80 15
882.70 401.96 15
905.26 404.52 15
925.81 403.40 15
948.36 403.92 15
970.27 402.38 15
992.60 402.89 14
1015.96 404.59 14
1035.12 403.66 15
1057.86 404.26 15
1081.60 403.78 15
1101.03 404.72 14
1125.09 403.37 15
1145.86 401.96 15
1168.42 403.15 14
1189.93 404.36 15
1226.65 423.34 14
1232.67 403.77 14
1255.10 404.96 15
1277.82 403.53 15
336.22 373.11 14
357.46 374.72 14
379.53 373.49 15
403.36 374.29 15
425.54 372.92 15
445.60 372.99 14
468.02 373.66 14
490.78 375.98 14
512.06 374.65 15
533.84 374.06 14
565.97 379.72 15
576.72 374.54 15
599.01 374.49 14
622.05 375.01 15
643.44 376.04 14
665.71 374.22 15
687.17 376.61 14
708.22 372.94 15
731.43 374.76 15
754.17 373.99 15
775.31 375.04 14
797.56 373.56 15
818.08 374.02 15
862.35 373.60 15
884.02 377.23 14
905.93 375.78 15
928.87 375.56 15
950.78 375.23 15
972.92 375.34 14
995.68 374.85 15
1016.25 375.20 14
1038.44 374.84 14
1060.18 374.23 14
1080.58 374.94 15
1102.89 376.31 15
1126.14 375.44 16
1147.22 376.54 15
1169.51 376.01 14
1190.23 377.14 15
1213.66 375.47 14
1235.13 375.46 14
1257.48 375.02 15
1279.31 376.34 14
1299.90 375.08 14
339.29 345.86 14
359.47 343.99 15
382.10 345.03 14
403.79 346.59 14
427.00 345.91 15
448.10 346.61 15
470.83 345.11 15
492.12 345.38 15
513.95 344.16 15
557.31 346.31 14
579.69 345.51 15
601.77 345.80 15
623.02 344.96 15
646.59 345.10 14
667.59 345.82 15
688.36 346.46 14
712.39 345.59 14
731.78 346.46 14
755.31 346.91 15
776.57 345.60 14
800.19 345.10 14
821.62 344.21 15
841.79 346.27 15
865.50 345.52 14
884.96 346.20 15
909.22 345.63 14
930.42 345.99 15
951.62 346.53 14
975.11 345.96 15
996.78 347.11 14
1018.34 345.70 14
1040.34 345.84 15
1062.33 346.07 14
1083.60 346.78 15
1106.35 345.58 14
1126.12 347.46 15
1147.04 345.04 15
1172.00 346.40 14
1193.84 346.85 14
211.79 1083.99 27
240.31 1079.78 21
274.37 1079.48 25
300.55 1084.19 27
331.15 1083.21 24
360.98 1075.42 26
397.63 1081.57 21
433.09 1078.50 24
463.73 1079.38 26
493.43 1078.42 27
532.34 1074.34 24
553.72 1076.21 28
588.45 1068.97 22
626.30 1071.14 25
648.87 1058.56 26
683.57 1063.50 22
719.28 1058.93 28
754.07 1059.00 26
785.85 1060.99 23
820.47 1058.95 27
850.04 1054.98 24
877.40 1049.99 24
911.81 1041.23 23
943.33 1045.91 25
979.48 1043.02 21
1011.95 1038.41 26
1039.77 1036.43 30
1067.73 1042.66 25
1106.26 1038.05 20
1132.98 1031.90 24
1166.31 1034.96 25
1202.88 1032.30 26
1235.47 1029.23 25
1263.84 1025.90 29
1298.96 1028.45 25
1332.31 1026.90 25
1370.04 1020.56 26
1398.21 1027.27 26
1424.86 1033.47 25
1458.44 1023.88 25
1492.97 1030.63 24
1527.16 1032.75 27
1556.41 1028.97 22
1588.07 1034.24 26
1625.92 1041.45 27
1652.98 1036.45 25
202.18 1041.57 22
250.07 1041.34 25
270.89 1045.06 27
337.93 1042.17 23
369.97 1036.98 30
404.75 1036.92 28
433.49 1040.74 26
467.50 1045.91 32
494.71 1039.21 25
522.56 1035.95 22
563.94 1028.46 25
590.47 1031.60 26
622.01 1025.82 22
658.81 1029.92 27
691.71 1021.02 28
725.56 1013.81 22
757.91 1026.64 24
786.79 1017.12 23
814.70 1013.13 23
854.54 1012.53 26
887.05 1002.37 26
912.70 1005.18 25
955.77 999.90 26
978.25 998.58 25
1016.54 996.70 24
1047.10 999.96 25
1073.61 996.47 25
1107.68 993.84 26
1144.11 989.88 27
1177.43 989.26 24
1203.71 988.11 25
1235.79 989.84 24
1265.73 990.08 24
1307.31 987.44 27
1337.68 986.47 24
1366.08 989.47 25
1394.47 989.62 23
1430.72 985.43 27
1463.47 986.38 28
1496.96 990.61 26
1519.55 994.45 30
1561.66 992.65 21
1590.91 993.14 24
1627.77 994.13 27
1658.61 990.81 22
1685.45 992.53 25
1720.74 998.42 26
1751.45 998.51 25
214.81 1001.95 25
243.22 1001.96 27
276.41 1003.82 28
309.95 997.10 22
337.36 1000.25 23
378.06 992.68 26
413.73 996.49 23
437.27 1000.89 30
473.96 991.98 25
502.72 993.30 26
528.28 988.65 25
564.94 991.45 25
604.85 994.98 24
642.61 980.61 29
665.21 982.86 26
731.42 983.14 24
757.81 979.13 27
794.25 977.94 26
826.52 969.12 28
855.16 970.91 26
892.50 966.60 25
922.80 962.02 25
961.07 962.08 26
991.51 957.59 27
1019.88 955.12 24
1046.62 957.53 25
1078.52 962.08 27
1120.16 948.17 26
1151.28 947.14 25
1175.46 951.20 27
1213.18 943.58 24
1241.90 944.98 27
1271.66 949.05 28
1302.95 944.19 25
1340.36 945.81 25
1371.95 950.98 23
1403.47 947.78 25
1433.98 941.18 24
1471.03 944.07 28
1498.73 953.01 25
1536.35 947.60 25
1567.82 943.78 28
1596.38 951.86 25
1633.49 953.67 27
1659.00 959.38 25
1691.99 956.40 26
1726.70 959.73 25
1761.21 964.17 28
221.85 953.64 26
254.17 959.12 22
286.99 958.57 24
317.14 958.79 23
351.37 957.86 27
383.60 956.13 27
408.02 960.41 26
451.55 953.95 24
482.96 958.54 23
512.33 949.49 25
547.22 949.05 24
577.55 940.95 28
611.38 942.18 25
642.45 952.33 26
671.46 939.27 24
706.11 941.32 28
740.65 940.64 23
772.24 937.54 25
805.73 938.78 27
837.36 940.73 29
867.29 928.28 22
894.69 925.97 23
931.30 928.10 27
966.05 919.13 29
998.40 913.29 27
1023.87 919.07 27
1061.23 913.40 23
1088.92 912.24 26
1125.92 909.59 27
1162.12 909.31 26
1183.54 910.27 26
1218.44 904.42 27
1250.23 915.44 20
1288.63 899.20 21
1325.63 909.54 23
1349.98 903.90 26
1381.03 902.31 25
1412.04 904.08 23
1436.43 908.96 29
1476.98 904.12 25
1509.57 905.68 26
1546.55 906.20 28
1565.24 904.07 30
1604.51 913.17 25
1638.03 913.10 26
1665.73 912.72 23
1705.76 917.88 25
227.89 921.47 23
261.84 919.65 25
291.61 917.64 27
323.04 918.18 26
349.96 919.90 28
390.61 921.24 26
424.84 915.95 28
454.65 917.17 23
481.67 916.15 28
515.74 907.14 24
545.70 906.15 25
580.31 913.45 25
619.82 904.89 29
648.60 901.49 24
674.96 908.10 27
705.60 895.54 26
742.95 902.26 26
776.03 897.66 24
806.11 894.05 23
838.35 887.80 23
868.87 891.37 28
903.04 883.39 24
932.35 885.47 23
968.68 881.90 28
1001.50 879.71 27
1033.54 873.48 25
1065.36 870.38 24
1100.23 872.13 20
1127.62 873.27 24
1161.18 868.37 25
1199.41 863.29 23
1220.57 868.55 23
1249.02 866.74 30
1321.10 864.27 26
1360.88 859.82 24
1390.02 861.37 26
1420.88 863.52 23
1453.39 867.22 28
1479.15 865.39 25
231.51 878.34 29
271.00 886.08 28
291.36 878.64 23
327.65 874.80 23
356.54 877.52 23
394.28 867.49 23
427.81 874.78 28
452.68 873.34 29
488.74 867.41 24
526.21 864.96 28
553.13 872.13 25
581.56 866.96 25
618.97 863.78 25
656.80 865.44 27
677.57 862.68 21
712.21 862.04 25
745.13 855.11 24
780.11 854.96 27
811.11 859.93 27
844.76 851.22 28
881.76 845.67 27
906.64 847.90 26
936.25 845.01 24
971.28 847.34 26
1008.70 837.14 25
1035.04 836.97 24
1069.69 836.51 21
1100.51 833.84 28
1131.66 829.39 23
1162.74 833.46 25
1200.59 818.78 30
1226.80 826.65 27
1260.21 826.28 24
1286.05 819.13 31
1324.36 825.38 28
1356.89 822.24 24
1390.20 820.55 25
1419.78 821.52 28
1448.70 829.99 27
1487.34 825.74 26
1520.34 817.68 23
1547.99 826.67 25
231.74 837.08 27
260.97 834.70 30
294.50 836.19 26
327.66 833.17 25
357.68 837.36 25
387.85 833.20 27
429.63 833.21 22
455.32 829.62 25
489.27 837.02 25
524.70 821.24 26
556.51 827.32 25
580.81 816.40 25
615.38 825.84 24
659.50 818.24 26
681.80 822.13 27
716.48 815.50 26
747.23 823.32 28
810.20 808.42 27
843.38 812.75 22
875.81 808.49 25
896.41 805.92 29
937.04 798.89 24
968.04 798.63 27
997.07 798.90 24
1032.34 799.72 26
1060.62 790.75 22
1107.08 791.73 29
1129.61 783.99 29
1162.57 790.77 24
1198.81 788.07 23
1227.81 786.42 22
1263.10 785.48 26
1291.49 781.50 26
1324.77 784.84 27
1355.96 783.66 27
1392.17 780.69 23
1419.28 779.82 28
1443.80 786.65 29
1486.05 781.03 25
1521.52 785.64 24
1547.63 781.93 25
1578.68 783.14 25
1612.41 789.10 27
1638.20 795.07 28
1675.15 790.30 27
1708.54 791.25 25
1745.99 795.93 26
224.84 792.68 28
262.05 796.72 27
286.30 794.17 26
332.02 790.12 26
353.21 801.73 28
384.26 793.28 25
424.20 791.06 23
448.32 791.09 25
485.13 786.90 30
526.01 788.00 24
545.34 777.12 28
574.96 787.28 23
612.64 778.11 26
641.91 774.83 27
674.95 784.44 25
711.82 779.64 24
745.09 770.15 26
775.99 776.50 23
807.92 772.15 28
833.35 768.05 24
868.67 765.28 27
905.20 759.71 24
930.92 759.62 25
969.79 766.39 25
995.79 756.18 28
1034.60 751.35 27
1061.07 754.10 23
1098.50 751.02 22
1130.20 745.23 23
1160.29 745.81 24
1191.22 741.23 28
1220.95 751.16 26
1251.82 745.63 28
1295.69 739.08 24
1318.31 742.01 25
1347.43 746.73 25
1386.63 742.24 22
1415.69 741.41 28
1450.39 742.57 23
1481.63 738.67 23
1510.08 744.43 26
1537.90 738.45 28
1578.59 745.96 27
1615.85 751.26 27
1641.35 746.55 29
1676.21 750.82 24
222.73 753.04 22
250.92 756.57 27
281.78 751.59 25
313.46 745.32 27
353.09 754.72 30
383.93 755.85 28
414.53 751.25 26
441.30 749.16 24
485.43 749.31 28
510.89 750.39 28
542.53 752.68 27
577.74 748.34 26
609.50 745.17 24
638.17 738.21 26
673.45 736.37 28
708.58 727.83 24
737.73 733.61 27
767.03 732.95 30
797.13 736.46 27
826.25 716.41 27
861.30 723.70 26
893.28 717.13 27
923.00 719.80 32
959.54 715.30 24
993.92 723.21 24
1022.29 718.58 26
1051.97 712.36 23
1092.78 709.71 24
1122.95 700.01 23
1152.87 706.32 26
1186.13 703.54 21
1219.30 705.92 24
1252.48 700.10 23
1284.04 697.86 25
1315.14 705.25 27
1345.03 698.15 27
1376.71 701.24 26
1413.85 702.67 27
1451.05 707.50 25
1510.87 702.76 24
1544.91 706.10 26
1572.99 707.85 25
1598.51 701.87 22
1634.56 706.76 26
1674.27 714.12 30
1699.85 705.05 22
1737.76 713.94 26
1761.23 703.20 22
649.20 139.02 13
672.11 140.81 12
687.74 140.79 12
740.97 140.44 13
748.88 143.78 13
769.70 144.12 13
788.25 144.83 13
813.89 144.60 11
831.55 144.79 14
847.48 146.33 14
867.15 146.16 13
888.98 147.42 12
905.76 148.18 13
926.74 148.82 13
946.09 150.44 13
966.17 149.96 12
988.81 150.31 12
1005.73 150.43 11
1027.71 151.43 11
1045.86 151.85 12
1063.92 152.63 12
1081.12 153.40 12
1104.69 153.60 13
1126.61 155.59 13
1145.08 156.11 11
1165.87 156.69 11
1185.18 156.74 12
1201.87 155.99 12
1224.51 156.00 13
1245.64 156.27 13
1264.15 158.73 12
1286.61 158.91 13
1303.04 159.60 13
1344.48 161.08 13
1361.98 160.08 13
1381.76 164.06 12
1401.10 162.55 10
1425.49 162.05 11
1454.65 166.06 11
1460.00 164.80 13
1482.62 163.89 13
1498.68 163.46 12
1522.71 166.75 13
1541.06 164.56 11
1560.13 167.21 13
1579.18 166.01 13
1599.26 169.49 13
1619.75 166.42 12
654.85 115.75 11
673.25 113.60 13
691.90 114.88 12
715.62 117.35 14
732.07 113.34 13
750.63 116.79 14
772.31 116.79 12
788.80 119.59 13
811.70 118.92 12
831.59 119.30 13
848.61 119.77 14
869.43 121.09 13
887.91 121.38 13
907.03 119.97 11
930.52 119.79 13
949.18 121.90 13
970.57 119.38 14
988.21 124.29 12
1008.20 124.62 12
1029.37 124.01 14
1047.07 124.57 11
1069.18 125.66 12
1089.94 126.68 12
1105.24 128.60 13
1130.02 126.44 13
1147.56 127.75 12
1165.12 130.04 12
1188.25 128.60 14
1207.49 130.03 12
1224.61 130.31 12
1246.06 129.01 14
1268.97 130.80 14
1286.40 131.76 11
1307.16 131.98 13
1326.74 132.63 13
1347.96 133.88 12
1366.58 134.89 13
1383.93 133.82 12
1405.58 133.70 14
1423.76 135.13 13
1463.53 137.14 12
1484.48 136.71 12
1501.86 138.63 12
1523.89 138.34 14
652.11 87.22 14
674.57 86.65 11
692.49 87.31 13
713.26 89.53 11
732.66 88.86 12
750.48 90.37 13
780.78 88.48 13
789.39 90.04 13
812.09 91.29 11
831.94 91.48 11
853.42 92.68 11
873.58 93.21 14
893.77 93.18 13
910.74 94.19 13
930.29 93.79 12
949.11 96.15 13
970.92 93.63 13
990.35 98.38 12
1007.60 98.59 13
1029.40 99.39 13
1049.83 98.41 13
1071.04 99.09 14
1088.66 99.16 14
1108.90 98.22 11
1132.08 101.53 13
1145.53 99.16 12
1170.22 99.64 11
1189.30 102.97 14
1208.06 102.66 11
1227.25 102.65 14
1250.20 105.75 13
1265.20 103.02 12
1287.40 105.80 12
1309.81 105.96 11
1323.54 105.78 13
1348.75 107.02 11
1366.41 106.68 13
1386.87 109.36 12
1405.09 106.15 13
1428.23 108.92 13
1445.48 110.29 11
1461.99 110.61 13
1482.90 111.89 11
1507.25 111.44 13
1524.33 112.30 11
658.20 60.16 11
678.76 60.22 12
697.58 62.41 14
718.86 60.44 12
738.23 63.67 12
756.27 61.49 12
776.43 63.37 13
795.02 64.17 11
816.76 64.21 14
836.07 65.04 12
857.04 65.99 14
877.05 68.44 13
895.31 68.50 13
913.05 68.39 10
933.43 68.04 11
952.15 69.69 12
969.46 71.93 15
991.74 70.35 13
1032.81 72.02 11
1055.05 70.63 12
1073.36 73.06 12
1093.90 74.65 13
1110.92 73.94 12
1132.05 73.02 11
1152.11 72.42 14
1169.56 74.48 12
1189.25 76.46 12
1213.32 76.91 12
1230.50 76.13 12
1251.17 76.91 13
1270.53 77.51 12
1288.72 78.13 11
1311.59 76.29 12
1331.85 81.17 13
1348.57 79.09 12
1367.51 80.44 13
1388.21 81.11 11
1408.07 81.70 12
1427.16 81.49 14
1447.27 81.19 13
1468.60 83.44 12
1489.13 84.73 13
1505.45 84.53 12
1526.43 84.80 11
654.97 34.60 12
678.74 33.14 13
700.22 35.27 14
718.49 35.73 12
741.08 35.78 13
757.11 37.38 11
775.75 36.62 13
800.36 37.65 12
819.74 35.84 12
836.80 38.76 12
855.69 39.77 11
875.36 40.25 11
895.41 40.91 12
918.01 39.47 13
933.44 41.88 12
956.18 40.10 12
976.08 42.67 11
993.70 44.03 13
1017.32 43.45 11
1037.65 45.02 13
1073.37 46.24 11
1094.45 45.28 12
1117.37 48.26 11
1132.78 45.80 11
1154.05 48.30 14
1172.67 47.39 10
1192.44 46.71 11
1212.99 50.39 12
1232.83 49.06 12
1252.07 49.96 11
1272.58 49.84 14
1290.77 51.58 13
1311.16 50.21 14
1330.75 51.36 13
1351.73 52.08 13
1370.28 53.37 13
1389.07 52.49 12
1409.36 55.34 11
1428.21 54.98 12
1453.38 55.87 11
1470.01 56.20 12
1489.95 56.28 11
1509.31 57.08 12
1528.88 58.24 12
1549.34 58.87 13
1566.78 60.31 13
1589.31 60.17 11
678.90 681.18 12
692.29 682.19 13
702.77 681.66 12
716.29 678.88 11
730.04 680.98 12
740.07 681.32 12
753.82 681.48 12
764.94 680.41 11
777.07 679.75 11
794.05 680.29 12
802.59 680.35 11
816.02 679.51 11
826.44 682.22 11
836.18 680.87 11
850.60 680.03 12
864.09 682.44 11
876.27 680.53 11
887.66 679.30 12
898.98 680.56 12
910.50 680.20 12
922.63 679.69 12
936.37 681.90 13
946.73 682.65 12
960.92 678.84 11
974.22 683.72 12
983.80 679.50 11
996.07 681.35 11
1008.96 681.66 11
1019.93 679.94 11
1033.49 682.00 11
1045.79 679.64 11
1059.11 679.20 12
1069.53 680.68 11
1085.56 681.23 12
1096.51 681.88 12
1107.02 682.57 12
1118.38 684.92 13
1130.65 681.76 12
1143.29 679.04 12
1154.84 680.30 11
1169.15 683.20 11
1178.29 680.34 11
680.22 662.51 12
691.93 663.44 11
702.87 663.10 12
717.39 663.88 11
728.33 664.55 12
741.07 661.97 13
751.96 662.38 12
764.16 663.45 11
777.43 660.84 12
788.05 665.03 12
802.29 665.42 11
817.16 660.82 11
825.31 662.29 12
839.50 662.14 11
849.09 662.99 12
861.66 662.60 11
874.79 662.69 12
885.74 664.05 11
899.74 663.61 11
913.19 658.99 12
924.53 663.94 11
936.62 664.28 11
948.63 662.79 11
959.50 663.28 12
972.72 660.21 11
986.60 662.57 12
994.22 660.19 12
1009.49 662.70 12
1021.83 663.89 12
1034.17 661.60 11
1047.86 663.06 12
1055.08 671.42 11
1069.69 662.81 11
1072.46 665.35 11
1094.50 663.72 12
1106.24 662.90 11
1118.43 661.45 11
1130.21 662.49 11
1144.08 663.73 12
1155.95 663.69 12
1167.47 662.83 11
1178.60 662.34 10
1195.71 662.44 11
1203.28 661.82 13
1217.77 662.61 11
1228.20 662.52 12
1241.21 664.79 12
1252.78 663.21 12
680.68 645.36 11
692.73 646.08 12
703.93 642.88 12
713.46 646.00 11
728.56 644.36 11
740.65 644.67 11
751.49 643.99 11
764.18 646.29 10
779.73 643.74 10
790.98 640.98 11
802.47 644.50 10
814.18 644.36 12
826.49 643.04 11
842.20 645.26 11
850.62 646.39 12
861.34 645.81 12
874.75 645.05 11
887.49 644.44 11
899.14 644.29 12
912.43 644.84 11
924.47 645.03 12
935.40 645.67 10
947.61 643.73 12
959.19 646.16 11
972.25 643.40 10
984.70 644.63 11
996.64 642.86 11
1007.57 642.26 12
1021.49 647.60 12
1032.29 644.63 11
1046.52 646.32 12
1057.22 646.25 11
1068.40 646.32 12
1085.28 645.78 12
1095.51 645.66 12
1105.94 643.28 11
1122.30 645.69 12
1131.33 645.28 11
1145.36 646.94 11
1155.43 644.86 11
1166.90 644.79 12
1180.98 644.66 12
1190.52 645.50 12
