0.620795 0.307708 0.007965
0.626678 0.308836 0.007696
0.632193 0.307533 0.007989
0.635497 0.308658 0.008016
0.641971 0.308787 0.008147
0.646117 0.307066 0.008118
0.650945 0.308176 0.007661
0.655969 0.307361 0.007776
0.660677 0.307266 0.008086
0.666204 0.307991 0.007439
0.671192 0.308396 0.008134
0.676562 0.308663 0.007680
0.681718 0.307738 0.007797
0.685707 0.308513 0.008321
0.691445 0.308242 0.007897
0.695150 0.307919 0.007831
0.701102 0.307387 0.007995
0.705079 0.307947 0.007889
0.710332 0.309862 0.007740
0.715929 0.307393 0.007986
0.720094 0.307820 0.008515
0.725769 0.307403 0.008174
0.729609 0.308711 0.008038
0.734983 0.308951 0.007988
0.740638 0.308700 0.008139
0.746136 0.309066 0.008091
0.749604 0.307880 0.007675
0.756071 0.308885 0.008058
0.760273 0.307454 0.007930
0.766411 0.308853 0.008397
0.769857 0.308756 0.007856
0.774679 0.307551 0.008267
0.780095 0.308432 0.007591
0.784263 0.307301 0.008003
0.789888 0.307145 0.007716
0.794734 0.307154 0.007669
0.800475 0.307274 0.008136
0.804850 0.307293 0.007640
0.808922 0.307854 0.007877
0.813854 0.308881 0.007719
0.818973 0.307768 0.008027
0.823305 0.307427 0.007993
0.828308 0.308272 0.007308
0.835568 0.307769 0.008112
0.838856 0.307965 0.007745
0.845028 0.308154 0.008479
0.848781 0.308169 0.008164
0.853923 0.307509 0.008184
0.858232 0.307785 0.007255
0.864806 0.308476 0.008408
0.162799 0.226696 0.009919
0.168525 0.226026 0.013167
0.174825 0.225193 0.011458
0.180871 0.225541 0.011138
0.187824 0.225731 0.009939
0.193888 0.225241 0.009965
0.200569 0.224827 0.010210
0.205266 0.225451 0.009189
0.212155 0.225459 0.007917
0.218899 0.225293 0.012687
0.226001 0.225234 0.013587
0.230917 0.224137 0.010275
0.236458 0.225021 0.012305
0.243396 0.225397 0.009415
0.249842 0.225402 0.011701
0.256492 0.224773 0.009193
0.262994 0.225465 0.012509
0.269005 0.224750 0.011271
0.274842 0.224824 0.009350
0.282220 0.225374 0.011986
0.286920 0.225499 0.013579
0.293606 0.225092 0.011201
0.300125 0.225503 0.011133
0.305773 0.226331 0.011208
0.312199 0.225759 0.011373
0.318908 0.226363 0.012999
0.324240 0.226678 0.013058
0.330916 0.227121 0.008143
0.337166 0.227000 0.012938
0.344581 0.227525 0.010897
0.350186 0.228391 0.013601
0.355619 0.227653 0.011857
0.362652 0.227885 0.012583
0.367987 0.227844 0.010448
0.374830 0.229153 0.009255
0.380089 0.228857 0.011538
0.387587 0.229154 0.012585
0.393367 0.228745 0.012255
0.398921 0.229751 0.012323
0.406114 0.229818 0.011517
0.412580 0.230427 0.012230
0.418521 0.230687 0.009996
0.424665 0.231098 0.010982
0.430249 0.231945 0.008937
0.437485 0.230989 0.011110
0.162410 0.208314 0.010739
0.169404 0.207779 0.011265
0.177041 0.207603 0.012697
0.181459 0.207694 0.011279
0.187815 0.207666 0.006985
0.194088 0.207270 0.013172
0.201048 0.207120 0.011409
0.207043 0.207233 0.012312
0.213769 0.206789 0.010042
0.219603 0.206390 0.012385
0.225186 0.206548 0.013407
0.232393 0.206519 0.008847
0.237980 0.205526 0.012967
0.244788 0.206757 0.009834
0.251362 0.206510 0.010073
0.257226 0.206823 0.011190
0.264045 0.206688 0.014208
0.269005 0.206114 0.008570
0.275510 0.206396 0.010262
0.282027 0.206825 0.011248
0.287563 0.206305 0.012131
0.295041 0.207741 0.011023
0.301311 0.206721 0.011809
0.307063 0.208236 0.009688
0.313450 0.207926 0.012307
0.319287 0.208315 0.012716
0.325156 0.207711 0.009590
0.331561 0.208361 0.010046
0.337948 0.208590 0.011764
0.344411 0.209798 0.011672
0.350450 0.210425 0.011957
0.356872 0.210422 0.009418
0.362428 0.208802 0.010620
0.368906 0.210293 0.010479
0.375620 0.209885 0.013162
0.382201 0.210891 0.011055
0.387219 0.210965 0.010459
0.394364 0.210785 0.009875
0.400819 0.211226 0.011194
0.406640 0.212454 0.012927
0.412940 0.212276 0.008935
0.163391 0.189774 0.011361
0.169815 0.189884 0.011934
0.175842 0.188943 0.014090
0.181505 0.189714 0.012184
0.189335 0.188915 0.013165
0.200785 0.187959 0.009169
0.207777 0.188724 0.009121
0.213360 0.188288 0.010145
0.220041 0.187680 0.011390
0.225164 0.187826 0.010773
0.231921 0.188244 0.010511
0.239112 0.188556 0.013829
0.245155 0.187988 0.007702
0.251703 0.188079 0.009662
0.258088 0.187917 0.014679
0.264310 0.188000 0.011641
0.269318 0.189173 0.010213
0.275263 0.188709 0.009554
0.280798 0.189381 0.012365
0.288393 0.188495 0.012210
0.294447 0.189088 0.012373
0.301429 0.189006 0.009301
0.306937 0.189773 0.011387
0.314068 0.189627 0.010869
0.318705 0.190520 0.011836
0.326439 0.190047 0.008833
0.331959 0.190031 0.012057
0.339057 0.189976 0.013429
0.344860 0.190552 0.009193
0.350237 0.191479 0.012468
0.357504 0.191119 0.013635
0.362853 0.191713 0.012487
0.369867 0.192382 0.011126
0.375965 0.192929 0.011387
0.382082 0.192100 0.010424
0.388049 0.192747 0.011522
0.394248 0.192640 0.009681
0.400639 0.193548 0.011281
0.405762 0.193664 0.009974
0.413466 0.194095 0.009083
0.419274 0.193533 0.013396
0.425617 0.194337 0.008494
0.431217 0.193701 0.013816
0.438118 0.195157 0.008020
0.444006 0.194856 0.012576
0.451312 0.195005 0.011482
0.162495 0.171854 0.008841
0.169894 0.171750 0.010465
0.175166 0.171003 0.009716
0.181924 0.170996 0.009814
0.187879 0.170937 0.012498
0.193814 0.170467 0.009486
0.199670 0.170079 0.008391
0.207133 0.169850 0.012841
0.212060 0.170515 0.011779
0.218956 0.170103 0.011212
0.226030 0.169369 0.010794
0.232388 0.169576 0.012229
0.238066 0.170145 0.011754
0.243323 0.169789 0.011042
0.250283 0.169431 0.010344
0.256620 0.169165 0.012789
0.262369 0.169966 0.013342
0.269836 0.170819 0.011900
0.275492 0.169932 0.015601
0.281691 0.169746 0.011545
0.287708 0.169873 0.011486
0.293230 0.171028 0.013442
0.299719 0.169643 0.011647
0.305969 0.170587 0.011599
0.313308 0.171058 0.010692
0.318972 0.170986 0.011918
0.325403 0.172353 0.008747
0.331625 0.171927 0.010145
0.337844 0.172172 0.009629
0.344516 0.172780 0.008008
0.350644 0.172673 0.012815
0.356489 0.172197 0.010728
0.362687 0.173392 0.009921
0.369623 0.173376 0.011771
0.374312 0.173626 0.009387
0.382127 0.174912 0.012532
0.387242 0.173983 0.013281
0.393997 0.174825 0.009115
0.399892 0.175080 0.012958
0.406305 0.175521 0.011515
0.412434 0.176787 0.012880
0.416847 0.175383 0.011507
0.424465 0.176106 0.009976
0.430895 0.176791 0.008873
0.161331 0.153425 0.009584
0.167230 0.152831 0.010479
0.174660 0.152603 0.012764
0.180092 0.153272 0.012149
0.186853 0.151797 0.011661
0.193878 0.153211 0.013370
0.198942 0.152757 0.008516
0.205474 0.151969 0.009494
0.212285 0.151943 0.009539
0.217881 0.151914 0.011318
0.224096 0.151478 0.008775
0.229507 0.151701 0.010361
0.237447 0.150296 0.013224
0.242754 0.150559 0.012685
0.248339 0.150937 0.013491
0.255803 0.151191 0.010391
0.261494 0.151768 0.009712
0.267868 0.151734 0.011618
0.273867 0.152071 0.009870
0.280739 0.151868 0.011094
0.286941 0.152019 0.011027
0.292608 0.152399 0.012010
0.299058 0.151884 0.013336
0.306207 0.152078 0.013262
0.311616 0.152446 0.012602
0.317516 0.152347 0.010930
0.324780 0.153019 0.012200
0.329942 0.153404 0.010676
0.336500 0.153361 0.009896
0.342219 0.153732 0.009002
0.348540 0.154090 0.010393
0.354949 0.155230 0.011971
0.361801 0.155691 0.012242
0.368183 0.154917 0.011301
0.373716 0.156133 0.012093
0.380506 0.155886 0.010413
0.386290 0.155586 0.013684
0.392983 0.156386 0.011466
0.398458 0.156434 0.010777
0.405224 0.156666 0.012221
0.411215 0.156667 0.011023
0.417652 0.157650 0.011743
0.425262 0.156975 0.013427
0.430163 0.157775 0.010072
0.436996 0.158529 0.010851
0.443121 0.159292 0.010999
0.447979 0.158542 0.011334
0.455267 0.158827 0.014046
0.161079 0.135401 0.012603
0.165741 0.134708 0.013193
0.172668 0.134986 0.007541
0.180920 0.133066 0.012023
0.185447 0.134249 0.011705
0.191348 0.133450 0.012092
0.197885 0.133786 0.011334
0.203746 0.134145 0.010336
0.210398 0.133434 0.012348
0.216667 0.133108 0.011020
0.222666 0.133267 0.011299
0.229696 0.132957 0.010432
0.236135 0.133153 0.011006
0.242071 0.132886 0.012077
0.247288 0.132685 0.012497
0.253673 0.132464 0.011252
0.259557 0.133454 0.011426
0.266648 0.133109 0.011007
0.272375 0.132642 0.012602
0.278621 0.132919 0.010666
0.284839 0.133644 0.010871
0.291495 0.133354 0.011454
0.297725 0.134054 0.010672
0.303314 0.134687 0.011724
0.311212 0.136248 0.013698
0.316455 0.134798 0.011286
0.321836 0.135726 0.013449
0.329246 0.134320 0.012665
0.334589 0.135085 0.011575
0.342323 0.135844 0.012326
0.348375 0.136276 0.013424
0.361364 0.137204 0.012351
0.365746 0.137182 0.013134
0.372640 0.137393 0.010246
0.378589 0.137768 0.013285
0.384441 0.137533 0.012291
0.390640 0.138534 0.010149
0.398048 0.138539 0.011998
0.403555 0.138574 0.009260
0.409510 0.139183 0.009539
0.415890 0.138830 0.009119
0.424005 0.139326 0.011687
0.428613 0.139513 0.010753
0.434535 0.140011 0.010188
0.440968 0.139958 0.010518
0.159596 0.116777 0.011157
0.165126 0.115843 0.010790
0.171332 0.115675 0.010546
0.177678 0.116198 0.011503
0.183698 0.115773 0.009881
0.190023 0.115254 0.010479
0.197228 0.115518 0.012954
0.202537 0.115413 0.011772
0.208872 0.115508 0.008635
0.213361 0.115274 0.013522
0.221645 0.114622 0.010022
0.228358 0.114886 0.013672
0.233509 0.115339 0.011409
0.240357 0.115121 0.012674
0.245853 0.114609 0.008682
0.252716 0.115371 0.010128
0.258914 0.114608 0.010312
0.263945 0.114893 0.010426
0.271684 0.114334 0.010101
0.278096 0.115266 0.010318
0.283653 0.115501 0.011056
0.289432 0.115419 0.010342
0.296183 0.115701 0.011012
0.302320 0.115547 0.011707
0.309040 0.116345 0.008655
0.314853 0.116126 0.010879
0.327891 0.117105 0.011077
0.333976 0.117218 0.012100
0.339899 0.117592 0.009193
0.345767 0.117870 0.010657
0.351892 0.117946 0.012547
0.358118 0.117531 0.012730
0.364474 0.119374 0.010455
0.370918 0.120167 0.012508
0.377911 0.119461 0.011645
0.383316 0.119241 0.011298
0.389642 0.120008 0.010492
0.394865 0.119492 0.011611
0.402826 0.120794 0.012199
0.408343 0.121454 0.010260
0.413080 0.111210 0.011895
0.421171 0.121493 0.009553
0.426837 0.120706 0.009514
0.433673 0.121553 0.012009
0.438874 0.121296 0.010900
0.445623 0.122789 0.010049
0.452922 0.122219 0.011718
0.457835 0.122215 0.012238
0.158104 0.098761 0.011288
0.164153 0.098858 0.013336
0.169987 0.098304 0.010229
0.177256 0.097448 0.010278
0.182757 0.097781 0.012544
0.189400 0.097603 0.009772
0.196435 0.097036 0.012244
0.200929 0.097343 0.008899
0.207706 0.096630 0.009788
0.214467 0.097085 0.010965
0.220210 0.097255 0.010632
0.227201 0.096935 0.013411
0.239069 0.096856 0.011169
0.245448 0.097059 0.011441
0.251028 0.097007 0.011063
0.256718 0.096223 0.012848
0.263019 0.096778 0.010399
0.270253 0.096946 0.010474
0.275970 0.098302 0.009799
0.283380 0.097587 0.012477
0.288184 0.097229 0.011591
0.294167 0.098100 0.011613
0.300235 0.097610 0.011525
0.308151 0.097984 0.009625
0.313842 0.099047 0.011934
0.320338 0.099125 0.011678
0.325508 0.098897 0.013273
0.333296 0.098672 0.011829
0.337965 0.097961 0.010101
0.344935 0.099636 0.010788
0.350880 0.099328 0.013796
0.357896 0.100633 0.009511
0.363199 0.100910 0.009283
0.369647 0.100156 0.011568
0.375907 0.100359 0.013291
0.382323 0.101187 0.011332
0.388613 0.101724 0.009558
0.395349 0.102596 0.014358
0.401491 0.101695 0.010142
0.407082 0.101383 0.012405
0.413461 0.102587 0.013295
0.419870 0.102750 0.011367
0.426245 0.103165 0.012095
0.432247 0.104252 0.013344
0.438726 0.103413 0.009400
0.444939 0.104346 0.012356
0.451453 0.103840 0.012921
0.456864 0.104351 0.013029
0.170900 0.076480 0.018034
0.183604 0.075725 0.014878
0.195093 0.074059 0.015721
0.208219 0.073430 0.015701
0.220656 0.073401 0.016885
0.232292 0.074727 0.014793
0.244576 0.073780 0.014436
0.257557 0.074593 0.019886
0.269952 0.076094 0.016927
0.280458 0.074153 0.017504
0.293420 0.073896 0.016244
0.305406 0.074674 0.016444
0.316618 0.074559 0.016990
0.330431 0.073214 0.016394
0.343082 0.072529 0.015715
0.355091 0.074048 0.015615
0.366073 0.073758 0.017853
0.380246 0.073769 0.015090
0.392266 0.074258 0.016877
0.402906 0.074686 0.016117
0.415465 0.073414 0.015693
0.428877 0.074998 0.017101
0.439690 0.073435 0.015417
0.453275 0.074114 0.013187
0.466113 0.074450 0.017115
0.476645 0.074978 0.016189
0.488954 0.075500 0.016452
0.501118 0.074708 0.017419
0.514546 0.074199 0.015814
0.526382 0.074694 0.017641
0.536678 0.074633 0.015588
0.548251 0.073496 0.018833
0.561468 0.074269 0.014308
0.573868 0.073955 0.015851
0.585422 0.074530 0.015477
0.599328 0.072813 0.014173
0.610825 0.072999 0.014506
0.623806 0.072121 0.015806
0.635949 0.074927 0.013477
0.646433 0.073859 0.015724
0.432251 0.560617 0.013618
0.432246 0.554721 0.013749
0.434062 0.548678 0.013887
0.433147 0.543652 0.013942
0.434346 0.537471 0.013940
0.432532 0.531611 0.013838
0.431137 0.525527 0.014257
0.433489 0.520532 0.014157
0.432751 0.515735 0.013978
0.432298 0.507927 0.013892
0.431760 0.501849 0.013941
0.430087 0.497187 0.014173
0.433603 0.492026 0.014398
0.434601 0.487110 0.013867
0.432717 0.480016 0.013652
0.433180 0.474700 0.013444
0.432466 0.467858 0.014257
0.432709 0.463115 0.013687
0.432869 0.457980 0.013345
0.433154 0.452078 0.014081
0.433058 0.445888 0.014044
0.432720 0.439855 0.013436
0.429627 0.435027 0.013916
0.431813 0.428687 0.014010
0.431694 0.423120 0.014058
0.433686 0.416759 0.013650
0.432999 0.410933 0.013185
0.433476 0.405882 0.014174
0.433739 0.399002 0.013347
0.432029 0.394413 0.014061
0.431592 0.388287 0.014326
0.433217 0.381711 0.013531
0.432124 0.376260 0.014131
0.432204 0.372969 0.013978
0.432123 0.365272 0.013993
0.432845 0.359418 0.013456
0.431874 0.354209 0.014449
0.431912 0.348015 0.013940
0.432406 0.343956 0.013407
0.432683 0.336851 0.014022
0.430682 0.331201 0.014024
0.433963 0.324860 0.013516
0.412522 0.561465 0.013472
0.415144 0.555634 0.013927
0.415246 0.549147 0.014229
0.413708 0.543541 0.013900
0.414369 0.536984 0.013444
0.415712 0.532142 0.013873
0.414160 0.524414 0.014000
0.414204 0.519571 0.014898
0.413394 0.515813 0.013901
0.413419 0.508218 0.013725
0.415445 0.503179 0.013966
0.413340 0.497059 0.014584
0.414436 0.491644 0.013691
0.413180 0.485679 0.013340
0.413250 0.479021 0.013692
0.413843 0.473605 0.014517
0.413449 0.468464 0.013911
0.414048 0.462485 0.014047
0.407173 0.452946 0.013787
0.412608 0.451640 0.014055
0.408173 0.445149 0.014056
0.412898 0.440074 0.014150
0.415819 0.434249 0.013392
0.414319 0.429344 0.013410
0.412280 0.422149 0.014438
0.413645 0.418427 0.013827
0.413242 0.412524 0.014196
0.414610 0.406189 0.013936
0.414229 0.399384 0.014145
0.412287 0.393285 0.013463
0.412756 0.390865 0.013106
0.413917 0.382273 0.013201
0.412251 0.376885 0.014145
0.412606 0.371239 0.014117
0.412693 0.365913 0.013598
0.414387 0.359579 0.013673
0.413715 0.354170 0.013754
0.414399 0.349078 0.013651
0.413406 0.341329 0.014044
0.413834 0.337628 0.014281
0.416122 0.330974 0.013973
0.414636 0.325131 0.013890
0.415101 0.320675 0.013206
0.413083 0.314383 0.014076
0.413798 0.307983 0.013700
0.413162 0.302887 0.013774
0.413448 0.298406 0.014084
0.413194 0.290152 0.014008
0.415260 0.285534 0.013843
0.414598 0.279101 0.013192
0.396218 0.560132 0.013383
0.396381 0.556957 0.013372
0.396393 0.550553 0.014217
0.393790 0.543090 0.013814
0.395795 0.537184 0.012994
0.394774 0.533508 0.013834
0.396035 0.526595 0.014201
0.396540 0.520626 0.014166
0.396441 0.513552 0.013169
0.397154 0.508123 0.014275
0.394903 0.503431 0.013799
0.396689 0.496037 0.014294
0.393306 0.492560 0.014452
0.393869 0.486059 0.014557
0.395617 0.480474 0.014004
0.395901 0.475553 0.013487
0.394619 0.469103 0.013052
0.395491 0.463245 0.014189
0.397396 0.457729 0.014557
0.396014 0.451006 0.014268
0.394738 0.446766 0.013854
0.395328 0.440802 0.013878
0.396131 0.433914 0.014063
0.394294 0.428552 0.014023
0.396191 0.423847 0.013628
0.394007 0.417423 0.013284
0.394409 0.412213 0.014117
0.395989 0.406127 0.013655
0.396608 0.399877 0.013768
0.395890 0.393554 0.013578
0.396355 0.389477 0.014354
0.396408 0.383556 0.013097
0.395411 0.376051 0.013781
0.395102 0.370721 0.014215
0.397444 0.366786 0.013736
0.394670 0.359503 0.013768
0.395632 0.354415 0.013370
0.395131 0.346992 0.013986
0.395342 0.342183 0.013931
0.395862 0.336703 0.013515
0.395623 0.332734 0.013395
0.395787 0.325156 0.013878
0.396249 0.319764 0.013684
0.393931 0.314692 0.013703
0.395230 0.309097 0.013704
0.397994 0.303094 0.014625
0.377329 0.559389 0.013921
0.375562 0.554506 0.014225
0.378072 0.548763 0.014139
0.378120 0.542239 0.014096
0.377062 0.537689 0.013837
0.376450 0.531338 0.013994
0.377740 0.525599 0.013698
0.377905 0.519656 0.013576
0.377765 0.513745 0.014581
0.376872 0.508851 0.014117
0.375311 0.503695 0.014146
0.376303 0.497694 0.013376
0.377590 0.491539 0.013654
0.376550 0.486928 0.013938
0.377808 0.479888 0.014321
0.377233 0.473426 0.013887
0.377114 0.468608 0.013800
0.375664 0.464054 0.014214
0.378153 0.457259 0.013252
0.376017 0.450965 0.013807
0.375943 0.445574 0.013228
0.378597 0.440015 0.013901
0.376480 0.433339 0.013909
0.378622 0.430085 0.013502
0.377205 0.415551 0.014895
0.376755 0.410886 0.013656
0.376655 0.404841 0.013751
0.377263 0.400411 0.013528
0.377160 0.393498 0.014496
0.376917 0.388379 0.013608
0.377132 0.383316 0.014083
0.378593 0.375601 0.013819
0.377488 0.371806 0.014113
0.376622 0.365654 0.013771
0.377391 0.357843 0.013338
0.378850 0.353585 0.014084
0.378023 0.347487 0.013955
0.375477 0.344054 0.013719
0.378241 0.338347 0.013914
0.378656 0.330512 0.014378
0.377357 0.325129 0.013596
0.376464 0.318847 0.013341
0.378019 0.313868 0.013719
0.378529 0.308532 0.013790
0.375440 0.294246 0.014085
0.359200 0.559544 0.014475
0.356952 0.555297 0.014241
0.357585 0.550029 0.014010
0.357909 0.541745 0.013541
0.359566 0.537224 0.014264
0.360311 0.531931 0.013977
0.370284 0.528254 0.013798
0.358224 0.519976 0.013649
0.360014 0.514464 0.013816
0.358238 0.507598 0.013592
0.358637 0.502629 0.014274
0.358007 0.498854 0.013594
0.357483 0.490586 0.014045
0.360803 0.486440 0.013457
0.357691 0.480240 0.014666
0.359388 0.474372 0.013635
0.358439 0.469986 0.013310
0.357416 0.462281 0.013384
0.359138 0.455793 0.013661
0.359084 0.447673 0.014115
0.357771 0.447496 0.014053
0.358787 0.439077 0.013576
0.358781 0.435397 0.012892
0.358436 0.429279 0.013627
0.358368 0.423843 0.012730
0.360868 0.416804 0.013952
0.359252 0.411561 0.013498
0.359670 0.406315 0.013846
0.359076 0.400958 0.014445
0.358567 0.395835 0.013898
0.369196 0.387729 0.014037
0.358522 0.383228 0.013674
0.357792 0.376459 0.014303
0.357461 0.372298 0.014010
0.360300 0.366937 0.013116
0.358223 0.360300 0.014025
0.360449 0.354434 0.013322
0.358924 0.350036 0.013997
0.358876 0.342913 0.013478
0.359704 0.338870 0.014098
0.358069 0.329306 0.013657
0.358795 0.326610 0.013264
0.359056 0.318919 0.013231
0.359323 0.313852 0.013511
0.359915 0.308119 0.013672
0.360137 0.301635 0.013990
0.359011 0.296777 0.013612
0.357022 0.293016 0.014094
0.341372 0.561427 0.014276
0.340608 0.555550 0.014108
0.340589 0.549941 0.013607
0.341094 0.544684 0.013482
0.341162 0.537518 0.014281
0.340655 0.532097 0.013433
0.340574 0.526145 0.013778
0.339864 0.518903 0.014112
0.339764 0.515049 0.013970
0.339542 0.510216 0.013633
0.341054 0.504442 0.013602
0.340009 0.497718 0.014019
0.339791 0.492318 0.013739
0.339431 0.487291 0.013822
0.342306 0.480196 0.013923
0.339770 0.475620 0.014060
0.340254 0.467350 0.013512
0.339172 0.462383 0.013864
0.340317 0.457286 0.014175
0.341072 0.454800 0.013453
0.339592 0.445028 0.012936
0.340388 0.439724 0.014086
0.342476 0.435127 0.013778
0.338765 0.429084 0.013629
0.341264 0.423759 0.013586
0.338469 0.417821 0.014188
0.341476 0.412245 0.013792
0.341694 0.406160 0.013700
0.339676 0.399382 0.013909
0.339903 0.393986 0.014486
0.339407 0.388099 0.013818
0.340810 0.383483 0.014448
0.339124 0.376572 0.014746
0.340960 0.371481 0.014248
0.341621 0.366321 0.014557
0.339947 0.360651 0.014500
0.338860 0.355550 0.014198
0.338220 0.348722 0.014446
0.340298 0.343291 0.013191
0.340056 0.336786 0.013842
0.339930 0.331621 0.013751
0.340431 0.323658 0.014166
0.322506 0.560381 0.013347
0.321077 0.554584 0.013300
0.322681 0.552279 0.014035
0.321038 0.542788 0.013801
0.321776 0.537154 0.013658
0.319607 0.533051 0.014404
0.320055 0.526072 0.013916
0.321661 0.519943 0.013835
0.321387 0.514160 0.013822
0.320656 0.510580 0.013827
0.321622 0.502995 0.013608
0.326330 0.503673 0.013935
0.320859 0.491212 0.012783
0.322244 0.485805 0.014111
0.321864 0.480418 0.013318
0.322768 0.475257 0.013750
0.323405 0.467564 0.014361
0.320096 0.462878 0.014950
0.320372 0.456239 0.013412
0.321603 0.450838 0.014023
0.320683 0.448260 0.014278
0.321537 0.440886 0.014104
0.322570 0.434700 0.013650
0.321345 0.429831 0.013884
0.320486 0.422288 0.013373
0.320963 0.417273 0.013338
0.323084 0.410935 0.014044
0.324329 0.405527 0.013909
0.321416 0.399414 0.013772
0.322392 0.395081 0.013495
0.319905 0.386980 0.014419
0.322125 0.383157 0.013668
0.321821 0.377827 0.013044
0.323173 0.372338 0.013682
0.321508 0.365624 0.013352
0.320637 0.359369 0.014359
0.321379 0.356032 0.014156
0.323147 0.349192 0.013940
0.320747 0.342543 0.013748
0.323042 0.338339 0.014405
0.301184 0.560469 0.013881
0.303798 0.555332 0.014331
0.303532 0.547904 0.013427
0.301744 0.544013 0.013890
0.302058 0.537564 0.013839
0.304938 0.530955 0.014269
0.303850 0.526416 0.014304
0.303167 0.521307 0.013648
0.304506 0.514322 0.013962
0.303184 0.508451 0.013434
0.303310 0.504707 0.013521
0.303642 0.497820 0.014062
0.304005 0.493533 0.013567
0.302778 0.485949 0.013997
0.303072 0.478542 0.013297
0.303019 0.474320 0.013528
0.302808 0.470167 0.013906
0.302538 0.461709 0.013336
0.303504 0.457024 0.013687
0.304942 0.450997 0.014201
0.302825 0.444498 0.014099
0.302185 0.439273 0.013957
0.304944 0.434916 0.013708
0.304631 0.428810 0.014325
0.304726 0.423988 0.013155
0.304920 0.416691 0.014331
0.303157 0.415869 0.013444
0.302774 0.406799 0.013886
0.303811 0.400606 0.014590
0.303226 0.395202 0.014170
0.303380 0.388577 0.014033
0.303225 0.383184 0.013766
0.302636 0.377015 0.014286
0.303491 0.371333 0.014240
0.302126 0.364601 0.013286
0.304032 0.360351 0.013819
0.303878 0.353717 0.014233
0.304216 0.349832 0.013348
0.304031 0.343315 0.014351
0.303099 0.336470 0.013996
0.303732 0.331270 0.014121
0.302668 0.324935 0.014771
0.303593 0.318620 0.013864
0.302460 0.315395 0.013788
0.301988 0.309953 0.014116
0.303288 0.302924 0.013605
0.302573 0.297263 0.014077
0.302524 0.292385 0.013204
0.304473 0.287557 0.014555
0.286738 0.561073 0.014346
0.285305 0.555390 0.014255
0.283697 0.549410 0.013771
0.283684 0.542425 0.013959
0.285923 0.536938 0.013593
0.286372 0.531254 0.013311
0.284266 0.527729 0.013911
0.283595 0.518185 0.013822
0.285848 0.515126 0.014086
0.285015 0.507866 0.013751
0.283910 0.504636 0.014152
0.284331 0.497374 0.013924
0.285169 0.491180 0.013566
0.285963 0.485578 0.014275
0.285626 0.479803 0.013972
0.284792 0.474092 0.014458
0.285408 0.468657 0.014252
0.285594 0.461941 0.013993
0.284117 0.452470 0.014286
0.284777 0.447172 0.013979
0.285584 0.442106 0.013630
0.284099 0.435782 0.013886
0.285870 0.428328 0.014119
0.285384 0.423092 0.013584
0.284073 0.417409 0.013963
0.285191 0.412208 0.014409
0.282447 0.405549 0.013967
0.286016 0.399487 0.014158
0.286716 0.394898 0.014097
0.285186 0.389959 0.013927
0.284398 0.383861 0.013835
0.285083 0.377333 0.013914
0.285835 0.371541 0.013456
0.284685 0.365902 0.013657
0.284335 0.359530 0.013467
0.284566 0.354343 0.014273
0.283293 0.346884 0.014441
0.284311 0.344780 0.013693
0.284151 0.337668 0.014007
0.285745 0.333104 0.014149
0.284914 0.325964 0.013984
0.284393 0.320453 0.014350
0.266790 0.561301 0.013699
0.267120 0.554707 0.014230
0.267521 0.548717 0.013330
0.266468 0.544064 0.013705
0.267566 0.536651 0.013854
0.265662 0.532403 0.013514
0.265370 0.526974 0.014188
0.264952 0.520770 0.013614
0.266520 0.513797 0.013904
0.266503 0.508600 0.014216
0.266824 0.504124 0.013963
0.266637 0.496977 0.013295
0.266317 0.490963 0.013922
0.265306 0.480395 0.013371
0.264837 0.474023 0.013864
0.267609 0.468660 0.013671
0.267196 0.463249 0.013388
0.266780 0.457861 0.013359
0.266982 0.452847 0.013915
0.265720 0.445880 0.013887
0.267951 0.439824 0.014401
0.266760 0.434392 0.013857
0.266678 0.427222 0.013781
0.268045 0.423633 0.013781
0.267740 0.415809 0.014586
0.265655 0.410729 0.014287
0.266188 0.406902 0.013314
0.267989 0.399980 0.013711
0.266926 0.394582 0.014595
0.266116 0.389301 0.014017
0.265017 0.383541 0.013893
0.266882 0.376907 0.013917
0.266308 0.371836 0.014286
0.265913 0.364408 0.014221
0.265709 0.359791 0.013179
0.266681 0.354239 0.014037
0.267246 0.348291 0.013826
0.265823 0.343043 0.013584
0.268716 0.336325 0.013984
0.247613 0.561333 0.013605
0.248039 0.553933 0.013781
0.247815 0.549090 0.014408
0.249642 0.540397 0.013292
0.247892 0.536615 0.014052
0.248352 0.532296 0.014265
0.248624 0.525998 0.013806
0.247494 0.520989 0.013185
0.248686 0.514599 0.013500
0.247725 0.508709 0.013613
0.247100 0.503255 0.013417
0.249836 0.496742 0.013338
0.247360 0.490780 0.013706
0.248258 0.487019 0.013693
0.247616 0.482081 0.013888
0.248914 0.474983 0.014088
0.248881 0.469152 0.013230
0.247301 0.463585 0.014397
0.247677 0.457683 0.013704
0.247580 0.449997 0.013187
0.248532 0.445920 0.013435
0.248250 0.440959 0.014117
0.249053 0.434692 0.013971
0.249414 0.429467 0.013826
0.247740 0.422084 0.013806
0.248400 0.417332 0.013809
0.249226 0.409879 0.013747
0.248338 0.405917 0.014898
0.247420 0.400286 0.013118
0.248837 0.395541 0.013861
0.249015 0.389534 0.013868
0.249065 0.383565 0.013630
0.248314 0.378024 0.014029
0.247684 0.370403 0.014028
0.247112 0.367217 0.014116
0.246440 0.359737 0.013958
0.248709 0.354549 0.014453
0.248120 0.348477 0.014157
0.247283 0.342109 0.013945
0.248919 0.338011 0.013860
0.246870 0.331820 0.013806
0.231566 0.559817 0.013765
0.230140 0.554874 0.014031
0.227646 0.550091 0.014029
0.228527 0.544043 0.013276
0.222563 0.526959 0.014396
0.228496 0.531397 0.013893
0.229249 0.525774 0.013906
0.228907 0.519896 0.013965
0.230611 0.514403 0.014073
0.229656 0.508935 0.014532
0.230100 0.504233 0.013464
0.228411 0.496444 0.013666
0.229030 0.492568 0.013875
0.230941 0.486138 0.014060
0.228921 0.481619 0.013923
0.230580 0.473909 0.013358
0.229288 0.468778 0.013716
0.230103 0.463633 0.013690
0.229247 0.458444 0.014281
0.229459 0.451215 0.013961
0.229502 0.447196 0.014431
0.228348 0.439000 0.013401
0.229159 0.435749 0.013631
0.230382 0.429177 0.013915
0.231973 0.422564 0.013808
0.229217 0.416973 0.013707
0.230167 0.410403 0.013966
0.230597 0.405946 0.013824
0.229689 0.399392 0.013859
0.229469 0.393912 0.013969
0.228790 0.388543 0.013372
0.229708 0.382595 0.014658
0.229025 0.378173 0.013798
0.229974 0.371211 0.013831
0.222481 0.357939 0.014323
0.230272 0.359854 0.013909
0.230255 0.354874 0.013405
0.229863 0.349029 0.014135
0.230041 0.342873 0.013702
0.228259 0.337528 0.013107
0.230576 0.329959 0.014614
0.228205 0.325200 0.013932
0.229447 0.321256 0.013682
0.211071 0.559077 0.015348
0.211282 0.553497 0.013384
0.212513 0.549828 0.014576
0.212880 0.541624 0.013313
0.211785 0.538087 0.013971
0.211311 0.531599 0.013978
0.210967 0.525309 0.014025
0.212939 0.524074 0.013895
0.211947 0.513294 0.014044
0.209808 0.508763 0.013507
0.209944 0.502790 0.013687
0.210952 0.498503 0.013861
0.212168 0.491949 0.013502
0.211774 0.487272 0.014026
0.211762 0.481150 0.014724
0.210870 0.474753 0.014470
0.210808 0.468960 0.013765
0.211263 0.463981 0.014131
0.211940 0.457976 0.013923
0.211497 0.450707 0.013948
0.212782 0.445283 0.014049
0.211451 0.438985 0.013509
0.211701 0.435554 0.014478
0.211197 0.429229 0.014174
0.212138 0.423284 0.013542
0.212327 0.416611 0.013848
0.211509 0.412945 0.013807
0.211335 0.405476 0.013605
0.208761 0.398663 0.013882
0.210949 0.395126 0.013771
0.211155 0.388534 0.014006
0.210418 0.381633 0.013762
0.210788 0.376791 0.013893
0.212211 0.370601 0.013924
0.212049 0.366884 0.013881
0.211815 0.360863 0.014598
0.210523 0.354744 0.013607
0.203452 0.350425 0.014317
0.211349 0.343454 0.013794
0.211068 0.336864 0.014182
0.211967 0.331348 0.013641
0.212046 0.335604 0.014386
0.210251 0.320024 0.013256
0.192308 0.560714 0.013432
0.192358 0.553657 0.013958
0.192867 0.543290 0.013683
0.192553 0.537033 0.013961
0.189992 0.531958 0.013471
0.191634 0.526322 0.013943
0.193190 0.520476 0.013850
0.193944 0.513729 0.013951
0.189958 0.508607 0.013572
0.192268 0.504004 0.014343
0.193532 0.496547 0.013839
0.193279 0.491230 0.013871
0.192151 0.485264 0.013585
0.193353 0.481063 0.013938
0.192106 0.473754 0.014065
0.192622 0.469063 0.013447
0.191314 0.463924 0.013506
0.191793 0.457878 0.013694
0.192242 0.452090 0.014184
0.193312 0.445410 0.013201
0.191370 0.439178 0.013760
0.191584 0.433820 0.013748
0.192718 0.428432 0.013283
0.193289 0.423996 0.014462
0.191866 0.417157 0.013157
0.193030 0.412417 0.013589
0.193617 0.404099 0.013726
0.192165 0.399890 0.013779
0.192917 0.393526 0.013732
0.194210 0.389224 0.014125
0.190459 0.383732 0.014204
0.191962 0.375918 0.014045
0.191423 0.371521 0.013720
0.192927 0.364404 0.013526
0.191856 0.359179 0.013640
0.192067 0.354556 0.013265
0.192993 0.347334 0.013569
0.193068 0.343137 0.013341
0.190389 0.337981 0.013927
0.193395 0.331239 0.013981
0.194087 0.326688 0.014365
0.193575 0.318744 0.014168
0.191736 0.313582 0.013678
0.192192 0.309775 0.013597
0.191976 0.303269 0.013114
0.191092 0.296772 0.013787
0.192476 0.290768 0.013353
0.190194 0.286021 0.013926
0.175383 0.560969 0.013734
0.172888 0.554599 0.013867
0.173495 0.548917 0.014070
0.174907 0.544703 0.014173
0.175392 0.537442 0.013374
0.175891 0.530153 0.014182
0.173999 0.526629 0.014704
0.172946 0.521499 0.014093
0.175329 0.515125 0.014004
0.173899 0.510230 0.013089
0.174404 0.503911 0.014070
0.175895 0.496448 0.013964
0.174743 0.492733 0.014085
0.175991 0.487523 0.013993
0.172700 0.480584 0.014060
0.176016 0.475573 0.014292
0.175319 0.468643 0.013917
0.175510 0.461735 0.014410
0.174140 0.457916 0.014579
0.172639 0.451659 0.013984
0.174956 0.445748 0.014259
0.174169 0.440138 0.013241
0.175054 0.435830 0.013841
0.172367 0.429083 0.014171
0.175931 0.422961 0.013676
0.173703 0.415574 0.013821
0.172646 0.412572 0.013786
0.173653 0.404988 0.013735
0.173571 0.400131 0.012890
0.174573 0.395996 0.013878
0.173910 0.389034 0.013869
0.174078 0.374704 0.014032
0.174646 0.377226 0.013977
0.174837 0.371579 0.013419
0.175401 0.365434 0.014070
0.174552 0.359606 0.014239
0.176201 0.352989 0.013706
0.173134 0.348575 0.013751
0.174154 0.341760 0.013417
0.174930 0.337468 0.013943
0.175467 0.332478 0.013139
0.173955 0.324595 0.014036
0.173417 0.320537 0.013822
0.154725 0.559583 0.013672
0.155257 0.554261 0.014305
0.155163 0.548869 0.013846
0.155955 0.542886 0.013659
0.155722 0.536433 0.013947
0.158195 0.531695 0.013856
0.155593 0.525150 0.013524
0.155760 0.521962 0.013880
0.155033 0.515128 0.013213
0.154836 0.507735 0.013886
0.155575 0.502699 0.013866
0.155596 0.497119 0.013856
0.155186 0.491613 0.013561
0.154636 0.485152 0.013696
0.157789 0.479820 0.013978
0.155586 0.473941 0.013897
0.155429 0.468597 0.013701
0.155376 0.461800 0.014556
0.155362 0.457383 0.012598
0.157545 0.451985 0.013614
0.163725 0.440912 0.013611
0.155208 0.440891 0.013289
0.157066 0.434767 0.014800
0.155541 0.428399 0.014330
0.155310 0.423357 0.013823
0.155844 0.418179 0.014063
0.154782 0.412417 0.014226
0.155581 0.405589 0.013708
0.155117 0.400052 0.013646
0.156957 0.395023 0.014061
0.154643 0.388115 0.013976
0.155814 0.382405 0.014210
0.157255 0.377793 0.013516
0.156682 0.371020 0.013226
0.154817 0.365281 0.014042
0.154446 0.360320 0.013659
0.156577 0.355247 0.013152
0.155841 0.348661 0.013811
0.155254 0.342224 0.013544
0.156314 0.337107 0.013684
0.156322 0.330076 0.014285
0.156289 0.325681 0.013812
0.155483 0.321081 0.013619
0.156813 0.314908 0.013863
0.156984 0.307684 0.013938
0.156696 0.302359 0.014061
0.157143 0.297195 0.013285
0.155043 0.291075 0.013142
0.155271 0.285881 0.014041
0.137791 0.559335 0.013924
0.137949 0.555327 0.013987
0.140109 0.550629 0.013995
0.130283 0.553892 0.013902
0.136614 0.537818 0.013447
0.138049 0.532852 0.013669
0.136743 0.524314 0.013604
0.136000 0.523221 0.013221
0.137746 0.514985 0.013959
0.136872 0.510261 0.013712
0.136872 0.502531 0.013424
0.136357 0.498164 0.014011
0.137805 0.492263 0.013882
0.135982 0.486782 0.013734
0.137828 0.480508 0.013636
0.137005 0.474056 0.013352
0.138847 0.469227 0.013617
0.137855 0.461345 0.014334
0.137934 0.456518 0.013179
0.136963 0.450687 0.014171
0.138281 0.445285 0.013560
0.136490 0.439961 0.013732
0.136251 0.434319 0.013445
0.136802 0.428667 0.014077
0.137013 0.422524 0.013710
0.136318 0.416288 0.014208
0.138152 0.409739 0.013929
0.137776 0.407702 0.014328
0.138439 0.399555 0.013634
0.138364 0.394097 0.014150
0.135941 0.389402 0.014578
0.135676 0.383249 0.013911
0.136990 0.377303 0.014343
0.137457 0.371438 0.013921
0.138070 0.366513 0.014075
0.138609 0.360886 0.014251
0.137447 0.353785 0.013814
0.137385 0.348506 0.013431
0.138271 0.342112 0.014305
0.139174 0.335876 0.014428
0.136317 0.331077 0.013265
0.137857 0.325254 0.014527
0.118454 0.560241 0.013515
0.117972 0.555204 0.014214
0.117780 0.549541 0.014149
0.118867 0.542359 0.014056
0.117866 0.537413 0.013927
0.121101 0.531441 0.013090
0.119568 0.525336 0.013167
0.118828 0.520621 0.014150
0.119355 0.516384 0.013797
0.118174 0.508423 0.013522
0.118003 0.503327 0.013708
0.117847 0.497746 0.014276
0.117019 0.491553 0.014074
0.119503 0.485553 0.013237
0.119785 0.479605 0.013967
0.117661 0.472993 0.014348
0.118762 0.470644 0.013449
0.120149 0.462055 0.014623
0.118948 0.454839 0.014208
0.118741 0.450653 0.013993
0.119318 0.446484 0.013547
0.119548 0.440621 0.013299
0.118294 0.435309 0.013738
0.119231 0.429449 0.013673
0.119558 0.421144 0.013846
0.117587 0.417605 0.014051
0.120073 0.412144 0.013309
0.119712 0.406007 0.013742
0.119536 0.399894 0.013541
0.117845 0.394608 0.014153
0.119043 0.387967 0.013801
0.116783 0.382919 0.013802
0.119791 0.376466 0.013957
0.119317 0.371252 0.014184
0.119560 0.365896 0.013876
0.118310 0.360663 0.013894
0.119904 0.353221 0.013764
0.120753 0.348022 0.014488
0.119273 0.342134 0.013607
0.119421 0.338029 0.014030
0.118389 0.332696 0.014312
0.120392 0.324387 0.013410
0.119188 0.320598 0.013659
0.118929 0.314342 0.013380
0.118319 0.308402 0.013884
0.115896 0.303102 0.013711
0.118961 0.294473 0.013623
0.100724 0.560687 0.013821
0.099354 0.555521 0.014137
0.100869 0.548811 0.014040
0.100753 0.543261 0.014061
0.100951 0.537370 0.013958
0.101525 0.531361 0.013986
0.101476 0.527215 0.013765
0.100906 0.520089 0.013986
0.099587 0.513294 0.013909
0.099650 0.507180 0.013530
0.100886 0.503890 0.013482
0.098678 0.497737 0.013939
0.101692 0.492249 0.014298
0.101792 0.485685 0.013238
0.100082 0.478017 0.014049
0.100094 0.475911 0.013702
0.100684 0.468609 0.013417
0.103532 0.461802 0.013907
0.101483 0.457458 0.013452
0.101135 0.451293 0.014545
0.100465 0.445270 0.014156
0.099886 0.441733 0.014220
0.101529 0.433956 0.014009
0.100748 0.429400 0.014354
0.100624 0.423533 0.013712
0.099975 0.418308 0.013925
0.100889 0.411273 0.014398
0.101950 0.404659 0.013304
0.099236 0.399904 0.013490
0.088114 0.403600 0.014191
0.099386 0.388276 0.013592
0.100982 0.383677 0.013259
0.100022 0.378266 0.014071
0.100440 0.370911 0.013148
0.100901 0.366730 0.014079
0.099969 0.359865 0.013793
0.101262 0.355290 0.013772
0.101635 0.348722 0.013223
0.100991 0.343296 0.013341
0.100001 0.336870 0.014189
0.102290 0.332200 0.013703
0.100967 0.325090 0.013800
0.082088 0.560758 0.014313
0.082221 0.554256 0.013538
0.081061 0.548640 0.013838
0.082112 0.542491 0.013499
0.081122 0.536538 0.013528
0.083614 0.533522 0.013767
0.081126 0.525682 0.013615
0.082142 0.521118 0.013565
0.083025 0.513740 0.014618
0.081481 0.509639 0.014191
0.081237 0.503389 0.013913
0.081023 0.496516 0.013796
0.087869 0.486449 0.013823
0.081827 0.485187 0.014130
0.081298 0.481686 0.013562
0.083152 0.473869 0.013790
0.081933 0.468994 0.014029
0.081154 0.462535 0.013704
0.081772 0.458012 0.013894
0.081421 0.451342 0.013638
0.076343 0.446213 0.013516
0.081300 0.440049 0.013644
0.082393 0.434556 0.013535
0.081061 0.428608 0.013973
0.081459 0.422230 0.013441
0.081387 0.418546 0.013846
0.081614 0.411196 0.014405
0.081900 0.406425 0.013896
0.081672 0.400010 0.013855
0.082480 0.394073 0.014056
0.082351 0.390363 0.014283
0.083952 0.382870 0.013773
0.081327 0.376614 0.013482
0.082379 0.370584 0.014166
0.081763 0.367121 0.014608
0.081924 0.359765 0.013733
0.082096 0.353556 0.013660
0.081906 0.347771 0.014600
0.080388 0.343429 0.014202
0.082454 0.336864 0.013921
0.079906 0.330415 0.014107
0.080753 0.325382 0.014229
0.081728 0.320106 0.014402
0.081146 0.312925 0.013186
0.083122 0.308056 0.013593
0.082252 0.302925 0.013706
0.081260 0.296863 0.013288
0.081968 0.291441 0.013782
0.063544 0.555742 0.014324
0.063647 0.550364 0.013307
0.063759 0.543819 0.013486
0.063572 0.538295 0.013374
0.063612 0.532437 0.013925
0.063096 0.526285 0.013506
0.063496 0.520058 0.013368
0.063602 0.514524 0.014143
0.063244 0.508354 0.013972
0.063651 0.502703 0.014315
0.063119 0.498082 0.013948
0.064630 0.491884 0.013003
0.062532 0.486627 0.014042
0.062692 0.480819 0.013947
0.062502 0.474357 0.013868
0.062914 0.469931 0.014397
0.063613 0.460792 0.014070
0.063441 0.456136 0.013530
0.062386 0.452003 0.014147
0.065261 0.446460 0.013414
0.063511 0.439462 0.013952
0.063757 0.435211 0.013396
0.064157 0.429055 0.013553
0.062510 0.423934 0.013658
0.063925 0.416228 0.014338
0.065102 0.411098 0.014158
0.064050 0.406845 0.014273
0.064199 0.400075 0.014564
0.064989 0.393958 0.013403
0.063454 0.388789 0.013583
0.062690 0.383023 0.013471
0.062586 0.376465 0.013541
0.064655 0.371261 0.013803
0.064142 0.365654 0.013709
0.062685 0.358926 0.014156
0.062876 0.355284 0.013948
0.063838 0.349630 0.013594
0.067354 0.345973 0.014522
0.064011 0.337994 0.013900
0.063138 0.332261 0.014260
0.063822 0.324343 0.013604
0.063910 0.320203 0.014384
0.061908 0.313949 0.014463
0.063670 0.308627 0.013654
0.064880 0.302656 0.013288
0.044221 0.560336 0.014149
0.044600 0.554578 0.013627
0.046324 0.549755 0.014156
0.045597 0.542395 0.013198
0.046718 0.538751 0.013767
0.043623 0.531639 0.014413
0.044999 0.526404 0.013592
0.044892 0.518301 0.014030
0.046541 0.514127 0.013343
0.045039 0.508682 0.013945
0.045506 0.497038 0.013844
0.044590 0.491945 0.013549
0.044604 0.485036 0.013635
0.043970 0.480895 0.013794
0.043822 0.476154 0.014234
0.044925 0.468075 0.013499
0.029641 0.462014 0.013924
0.044724 0.457162 0.014139
0.044356 0.452784 0.014532
0.044294 0.446555 0.013761
0.048096 0.439774 0.014243
0.044810 0.433840 0.013649
0.045279 0.429075 0.013972
0.045737 0.422493 0.013713
0.045001 0.416757 0.014309
0.044862 0.410963 0.013478
0.045439 0.406039 0.013921
0.044258 0.399289 0.013816
0.046207 0.393909 0.014092
0.043887 0.389034 0.013714
0.045235 0.382432 0.014066
0.046142 0.376207 0.013197
0.045052 0.371926 0.013386
0.045353 0.365357 0.013414
0.044051 0.358761 0.013946
0.044406 0.354012 0.014407
0.045455 0.347175 0.014100
0.045742 0.342830 0.013646
0.045231 0.335831 0.013960
0.045625 0.330936 0.012730
0.045620 0.325682 0.013963
0.045365 0.319436 0.013416
0.046010 0.314853 0.014128
0.047790 0.300189 0.013706
0.047248 0.303382 0.013593
0.042961 0.295252 0.014151
0.046003 0.292129 0.013807
0.025774 0.559730 0.013725
0.027300 0.554414 0.013902
0.026342 0.549788 0.013633
0.025356 0.542787 0.013894
0.027993 0.537971 0.014194
0.028780 0.532612 0.013795
0.026054 0.526846 0.013957
0.026519 0.521167 0.013184
0.026659 0.509703 0.013883
0.027637 0.501648 0.014087
0.026208 0.496068 0.014437
0.027190 0.492313 0.013925
0.025330 0.487087 0.013664
0.026991 0.480365 0.014144
0.026727 0.475783 0.013339
0.027177 0.467051 0.013986
0.026403 0.463775 0.014073
0.026074 0.456116 0.014262
0.027123 0.452674 0.013842
0.026495 0.445924 0.013624
0.026460 0.440107 0.013857
0.027932 0.435612 0.013905
0.027861 0.428486 0.014482
0.027192 0.421175 0.014129
0.026027 0.417343 0.014237
0.026902 0.412123 0.013567
0.026938 0.406826 0.013784
0.027158 0.400170 0.014125
0.027432 0.393549 0.013759
0.027943 0.388851 0.013455
0.028087 0.383423 0.014214
0.027568 0.375000 0.013622
0.027006 0.370983 0.014565
0.026858 0.364517 0.013906
0.025850 0.361715 0.013920
0.025350 0.353697 0.014139
0.027669 0.349176 0.013628
0.026287 0.342402 0.014416
0.025464 0.337078 0.013639
0.026099 0.331372 0.013624
0.026116 0.326182 0.013236
0.026212 0.319289 0.014328
0.019705 0.313501 0.013497
0.471469 0.239647 0.008605
0.477977 0.240081 0.008667
0.482873 0.239393 0.009331
0.488503 0.240578 0.008712
0.493483 0.239546 0.008328
0.499374 0.240169 0.008333
0.504697 0.239652 0.009275
0.509301 0.239720 0.008018
0.516069 0.239954 0.008183
0.520333 0.239695 0.008857
0.526038 0.240075 0.008076
0.531304 0.238888 0.008704
0.536882 0.239907 0.008448
0.543647 0.238865 0.008531
0.547641 0.239621 0.008415
0.553647 0.240169 0.008727
0.558152 0.239906 0.008552
0.565220 0.239191 0.009330
0.570465 0.240283 0.009295
0.575395 0.239051 0.008334
0.581253 0.239628 0.007942
0.586211 0.239303 0.008083
0.592131 0.239910 0.009071
0.596853 0.239980 0.008627
0.603028 0.239723 0.008668
0.608746 0.239764 0.007757
0.613758 0.239756 0.008500
0.619143 0.239207 0.009115
0.624545 0.239429 0.008226
0.629478 0.240303 0.008923
0.634791 0.240457 0.008878
0.640474 0.240866 0.008819
0.647424 0.240491 0.008382
0.651845 0.239788 0.009077
0.658320 0.239198 0.008995
0.662330 0.239552 0.008770
0.668176 0.239575 0.008551
0.673328 0.239996 0.008934
0.679451 0.239608 0.008332
0.685190 0.239726 0.008405
0.689626 0.239415 0.008278
0.695743 0.240975 0.008894
0.470972 0.227612 0.009055
0.480002 0.226507 0.009173
0.482656 0.228041 0.008728
0.487862 0.227040 0.008948
0.493819 0.227564 0.008126
0.499148 0.227787 0.008415
0.504533 0.227605 0.008975
0.509400 0.227386 0.008759
0.515138 0.227998 0.008603
0.521531 0.228440 0.009172
0.526517 0.228098 0.008239
0.531738 0.227811 0.008366
0.537609 0.228185 0.008611
0.543468 0.227452 0.009143
0.547707 0.228339 0.008783
0.553512 0.227844 0.008951
0.558844 0.227828 0.008807
0.564508 0.227555 0.008169
0.570187 0.227820 0.008573
0.575637 0.227934 0.008113
0.580478 0.228228 0.009113
0.586435 0.226977 0.008769
0.592762 0.227921 0.008199
0.597615 0.228344 0.008921
0.602397 0.227841 0.008424
0.608338 0.227664 0.008323
0.613866 0.227895 0.007952
0.618046 0.228288 0.008931
0.624275 0.227731 0.008255
0.630134 0.227869 0.008459
0.635570 0.227908 0.008264
0.641124 0.227643 0.008460
0.646261 0.227929 0.009082
0.651184 0.228409 0.009044
0.656672 0.228031 0.009101
0.661828 0.227734 0.008888
0.668070 0.227835 0.008318
0.673010 0.228268 0.008521
0.679011 0.228691 0.008819
0.685292 0.228070 0.008521
0.690509 0.227731 0.009272
0.476505 0.216088 0.008772
0.483022 0.214965 0.008756
0.489269 0.215600 0.009285
0.493831 0.215510 0.008670
0.500362 0.215832 0.008876
0.504384 0.216263 0.008775
0.515034 0.215382 0.009027
0.520994 0.215691 0.008384
0.526230 0.215393 0.008551
0.531881 0.215776 0.008656
0.536923 0.215486 0.008657
0.542815 0.216484 0.008666
0.547775 0.215772 0.008443
0.553955 0.215243 0.009343
0.559162 0.216318 0.008693
0.564126 0.216065 0.008777
0.569059 0.215885 0.008349
0.574568 0.215252 0.008743
0.580509 0.215858 0.008752
0.586764 0.215956 0.008951
0.592169 0.215751 0.008243
0.597643 0.216453 0.008182
0.602857 0.215745 0.008677
0.607498 0.215695 0.008286
0.613157 0.216293 0.008145
0.618782 0.216196 0.008344
0.625524 0.216517 0.008335
0.629126 0.216465 0.008989
0.635675 0.215844 0.008650
0.641505 0.215499 0.007999
0.646471 0.216169 0.008509
0.652171 0.215421 0.008863
0.657362 0.215210 0.009011
0.662318 0.216826 0.008621
0.668269 0.215569 0.008620
0.673612 0.215259 0.008563
0.679450 0.215558 0.008357
0.682267 0.213711 0.008476
0.689511 0.215611 0.008792
0.695959 0.215295 0.008663
0.700967 0.215539 0.008197
0.706936 0.216160 0.008327
0.711879 0.215382 0.008751
0.717918 0.216300 0.008862
0.723382 0.216245 0.007935
0.472121 0.203750 0.008890
0.476677 0.203675 0.008884
0.482499 0.203650 0.008166
0.487849 0.204107 0.008592
0.493328 0.203747 0.008791
0.499612 0.203029 0.008700
0.504889 0.203746 0.007913
0.509640 0.203782 0.008538
0.515751 0.203976 0.008733
0.520749 0.203399 0.008366
0.526721 0.203563 0.007987
0.531214 0.204667 0.008400
0.537039 0.203493 0.008142
0.543227 0.203474 0.008091
0.548225 0.204080 0.008056
0.553655 0.204608 0.008928
0.560480 0.206101 0.007846
0.565085 0.203617 0.008134
0.569296 0.204598 0.009369
0.575585 0.203920 0.008943
0.581285 0.203409 0.008568
0.586371 0.204393 0.008215
0.591818 0.204359 0.008551
0.596710 0.204104 0.008895
0.602371 0.203311 0.009192
0.608232 0.204338 0.008647
0.613447 0.204466 0.008327
0.618838 0.204206 0.008682
0.624497 0.203922 0.008065
0.629719 0.203903 0.008542
0.635077 0.203714 0.009067
0.640880 0.203114 0.008234
0.646459 0.203842 0.008212
0.651642 0.203821 0.008755
0.657384 0.203732 0.008299
0.662622 0.203721 0.008315
0.667941 0.204180 0.008727
0.674168 0.203890 0.007681
0.679377 0.204164 0.008175
0.684209 0.204432 0.009774
0.690570 0.203609 0.008548
0.696603 0.203909 0.009103
0.701644 0.203833 0.008850
0.707059 0.204281 0.008599
0.711536 0.204434 0.008788
0.717459 0.204603 0.008597
0.723276 0.204023 0.008992
0.727528 0.204371 0.009253
0.733758 0.204093 0.008314
0.738915 0.203468 0.008375
0.471015 0.191572 0.008175
0.476207 0.192319 0.008617
0.482396 0.192365 0.009401
0.487622 0.191935 0.008769
0.493705 0.192012 0.008010
0.499078 0.191950 0.008498
0.505224 0.191037 0.009140
0.509975 0.191992 0.008931
0.515683 0.192467 0.008807
0.521335 0.191534 0.008716
0.525694 0.192286 0.008532
0.532853 0.192110 0.008132
0.537466 0.191856 0.008812
0.542804 0.192028 0.009069
0.548304 0.192836 0.008936
0.554253 0.192548 0.008823
0.558303 0.192191 0.009050
0.564326 0.191864 0.007848
0.569533 0.192818 0.008702
0.575410 0.191759 0.008675
0.581504 0.191516 0.008909
0.586136 0.192645 0.008422
0.591545 0.192190 0.008982
0.597654 0.192638 0.008209
0.603707 0.192039 0.008714
0.608824 0.192407 0.008257
0.614069 0.191648 0.008727
0.618668 0.192003 0.008314
0.624659 0.192438 0.008360
0.630192 0.192047 0.008741
0.635214 0.191412 0.008635
0.641676 0.191850 0.008746
0.646732 0.192155 0.008576
0.650962 0.191395 0.008981
0.657629 0.191104 0.009112
0.663420 0.192097 0.008446
0.667084 0.192566 0.008338
0.673108 0.192562 0.009132
0.679165 0.191988 0.008138
0.685109 0.192576 0.009097
0.690187 0.192110 0.008900
0.695775 0.192076 0.008626
0.701125 0.192530 0.008202
0.706123 0.191390 0.009276
0.711934 0.191709 0.008344
0.717574 0.192128 0.008301
0.723017 0.191953 0.008286
0.728371 0.191939 0.009181
0.478009 0.420934 0.009916
0.484920 0.421439 0.009585
0.491582 0.421850 0.009683
0.500006 0.421030 0.009775
0.508836 0.422656 0.009484
0.515015 0.423378 0.009713
0.521480 0.423316 0.009749
0.528801 0.423889 0.010031
0.536029 0.424645 0.009981
0.541905 0.425577 0.010232
0.550405 0.425196 0.009405
0.557323 0.427214 0.009937
0.565315 0.428545 0.009854
0.572255 0.429368 0.009740
0.578357 0.430054 0.009765
0.586021 0.431007 0.009869
0.592960 0.433099 0.010004
0.600932 0.433649 0.009887
0.606167 0.433642 0.010143
0.615448 0.434705 0.009982
0.622980 0.435771 0.009764
0.628690 0.436563 0.009678
0.636171 0.438282 0.010022
0.643650 0.439899 0.010024
0.650256 0.440291 0.010162
0.658859 0.440702 0.009821
0.665642 0.443010 0.009949
0.672370 0.442767 0.009730
0.680339 0.442474 0.009823
0.686480 0.443729 0.009970
0.694085 0.444058 0.009862
0.701454 0.445029 0.010152
0.716022 0.446240 0.009954
0.722125 0.447279 0.009798
0.729190 0.447106 0.009860
0.737707 0.446130 0.009942
0.744347 0.447346 0.010045
0.751885 0.447901 0.009695
0.757984 0.447337 0.009792
0.765636 0.447118 0.009590
0.773356 0.446033 0.010402
0.780159 0.446858 0.009469
0.788276 0.446057 0.009853
0.794576 0.445831 0.009874
0.801920 0.445233 0.009827
0.808900 0.444809 0.009991
0.816667 0.444089 0.009937
0.823939 0.442932 0.009519
0.482015 0.409484 0.009894
0.489189 0.410224 0.009555
0.495978 0.409628 0.010110
0.502300 0.410165 0.009641
0.509543 0.411748 0.009682
0.516977 0.411550 0.010101
0.524112 0.412413 0.009780
0.532368 0.412862 0.010368
0.537978 0.414066 0.009697
0.545707 0.415331 0.009646
0.552613 0.415474 0.009666
0.559964 0.416696 0.009841
0.567781 0.417530 0.009613
0.574783 0.417895 0.009506
0.582928 0.419699 0.009878
0.590357 0.419990 0.009643
0.595787 0.420761 0.010164
0.603622 0.422294 0.010184
0.611693 0.422562 0.010272
0.618309 0.423296 0.010300
0.625880 0.425422 0.010166
0.632044 0.425829 0.009911
0.639151 0.426839 0.010167
0.646427 0.426968 0.009672
0.653708 0.428679 0.009780
0.660389 0.429284 0.009790
0.668494 0.430663 0.009647
0.674857 0.431414 0.010097
0.682110 0.432871 0.010251
0.689216 0.432516 0.009799
0.696837 0.433521 0.010224
0.703830 0.434490 0.010095
0.711263 0.434195 0.010091
0.720341 0.434484 0.010346
0.725874 0.434774 0.009762
0.731975 0.436424 0.010148
0.739207 0.434936 0.009719
0.747425 0.437098 0.010504
0.755018 0.437254 0.009761
0.762090 0.436530 0.009778
0.768475 0.435770 0.010108
0.775976 0.435285 0.010041
0.783923 0.434518 0.009595
0.790383 0.435440 0.010495
0.798651 0.434500 0.010298
0.805018 0.433813 0.010162
0.812383 0.432691 0.009795
0.819452 0.432841 0.009540
0.825915 0.432023 0.009761
0.480838 0.399231 0.010032
0.487692 0.398888 0.010062
0.495073 0.398403 0.009619
0.503261 0.400059 0.009779
0.509780 0.400217 0.009869
0.516565 0.400353 0.009682
0.523066 0.400686 0.010086
0.531180 0.401883 0.009881
0.538309 0.402173 0.009305
0.546140 0.404401 0.009898
0.552884 0.403494 0.009543
0.560017 0.405217 0.010289
0.566339 0.405352 0.010077
0.574052 0.406012 0.010574
0.581233 0.408301 0.009470
0.587208 0.408639 0.009815
0.596529 0.409813 0.009767
0.602872 0.411198 0.009810
0.610084 0.410785 0.009952
0.617065 0.412105 0.009449
0.625595 0.413750 0.009843
0.632939 0.415418 0.010158
0.638231 0.415602 0.009873
0.645829 0.416535 0.009435
0.653847 0.417542 0.010685
0.660116 0.418393 0.009828
0.667506 0.419214 0.009960
0.673017 0.415372 0.009963
0.681305 0.420065 0.010075
0.690370 0.421754 0.009656
0.697173 0.422911 0.010094
0.704549 0.423831 0.010331
0.710633 0.423978 0.009532
0.718122 0.423866 0.009851
0.725017 0.422972 0.009687
0.731961 0.425855 0.010255
0.739695 0.424599 0.010050
0.747321 0.424442 0.010176
0.754413 0.424605 0.009697
0.760581 0.424132 0.010096
0.768704 0.423984 0.010052
0.774915 0.425513 0.009860
0.784164 0.424034 0.010001
0.790739 0.423965 0.010122
0.796935 0.423327 0.009614
0.477581 0.388414 0.009542
0.484707 0.388292 0.009594
0.492258 0.387877 0.009773
0.500121 0.388296 0.009832
0.506217 0.389273 0.010153
0.514062 0.388987 0.009740
0.522070 0.390157 0.010379
0.528071 0.389631 0.009845
0.536102 0.390930 0.009652
0.542065 0.391736 0.009474
0.550398 0.392784 0.009578
0.556974 0.393712 0.009440
0.564337 0.394511 0.009853
0.571269 0.395803 0.009363
0.578739 0.396644 0.010073
0.586076 0.398216 0.010037
0.592635 0.399063 0.009945
0.599412 0.399540 0.009699
0.606347 0.400444 0.010150
0.613806 0.402316 0.009960
0.622126 0.402794 0.009779
0.629404 0.403285 0.009807
0.635386 0.403855 0.009745
0.643096 0.406089 0.010193
0.649970 0.405999 0.010076
0.656638 0.405774 0.009388
0.664397 0.407390 0.009768
0.672916 0.409546 0.008947
0.686615 0.410738 0.009868
0.693677 0.411428 0.010148
0.715251 0.406643 0.009512
0.707070 0.412149 0.009856
0.715835 0.412838 0.010003
0.722570 0.413225 0.009896
0.729984 0.413736 0.010009
0.736884 0.413254 0.010031
0.744647 0.414614 0.010031
0.751772 0.414265 0.009387
0.758319 0.413815 0.009747
0.766530 0.414730 0.010276
0.773733 0.412788 0.010235
0.779365 0.413367 0.009518
0.787267 0.412192 0.009925
0.794918 0.412778 0.009937
0.801869 0.412071 0.010189
0.811347 0.408734 0.009527
0.816727 0.410742 0.009914
0.823074 0.410547 0.009988
0.830627 0.408246 0.010049
0.477933 0.376459 0.009475
0.484135 0.376693 0.010146
0.492229 0.377430 0.010165
0.498824 0.377319 0.010139
0.507016 0.377245 0.010153
0.512490 0.378087 0.010236
0.520907 0.378688 0.010224
0.528129 0.379416 0.009807
0.535889 0.381057 0.009684
0.542486 0.380735 0.010365
0.549185 0.382452 0.009801
0.556924 0.380910 0.009859
0.563546 0.383286 0.009860
0.572005 0.384279 0.009326
0.578253 0.386272 0.009589
0.585377 0.386969 0.009607
0.592445 0.387148 0.009378
0.600302 0.388667 0.009834
0.606279 0.389682 0.009883
0.614770 0.390596 0.009676
0.621377 0.391528 0.010305
0.628338 0.391880 0.009778
0.636176 0.392569 0.009668
0.643778 0.393946 0.009700
0.650229 0.395841 0.009775
0.657137 0.396506 0.010160
0.664439 0.397147 0.010200
0.673239 0.396863 0.010069
0.678909 0.397407 0.010074
0.685655 0.398911 0.009418
0.694632 0.399654 0.009771
0.700616 0.400663 0.009974
0.707778 0.402111 0.010239
0.715092 0.401089 0.009811
0.723199 0.401776 0.009725
0.728867 0.402173 0.010299
0.737644 0.401782 0.009147
0.744735 0.402986 0.009591
0.750695 0.401665 0.010003
0.758650 0.402424 0.010099
0.765742 0.402176 0.009788
0.780362 0.401321 0.010313
0.481702 0.365035 0.009718
0.488329 0.366192 0.009975
0.495242 0.365905 0.010646
0.501802 0.366154 0.010058
0.508373 0.366841 0.009940
0.516827 0.368341 0.009982
0.524510 0.366715 0.010142
0.531534 0.368305 0.009508
0.539073 0.368593 0.009596
0.545108 0.369357 0.009567
0.552612 0.369842 0.009914
0.560194 0.371677 0.009805
0.566606 0.372533 0.009679
0.575806 0.373360 0.010202
0.582621 0.373586 0.009834
0.589575 0.374816 0.010307
0.596729 0.376449 0.009950
0.603519 0.377712 0.010299
0.610371 0.378326 0.010171
0.617383 0.379714 0.010447
0.624566 0.379967 0.010209
0.631508 0.381979 0.010206
0.637625 0.382642 0.010121
0.646831 0.382656 0.009976
0.653756 0.383532 0.009656
0.659789 0.385042 0.009957
0.668112 0.386039 0.009738
0.674376 0.386872 0.009630
0.681438 0.387133 0.009836
0.690147 0.387787 0.010102
0.696433 0.388906 0.010131
0.703343 0.389065 0.009860
0.709575 0.389849 0.009564
0.718879 0.390073 0.009804
0.724766 0.390494 0.010207
0.732704 0.390779 0.010060
0.740494 0.391662 0.010159
0.746811 0.390182 0.009697
0.762297 0.390686 0.010198
0.768702 0.390693 0.010255
0.774949 0.391872 0.009526
0.783133 0.391037 0.009696
0.789237 0.389684 0.010098
0.798175 0.389857 0.010041
0.806154 0.388315 0.009722
0.812346 0.388347 0.009719
0.819661 0.387948 0.009370
