[5/5] Train loss: 11.75286, Valid loss: 10.45912, Elapsed_time: 3.40459
Current_accuracy : 0.000, Current_norm_ED  : 0.0980
Best_accuracy    : 0.000, Best_norm_ED     : 0.0980
