0.305064 0.248442 0.019504
0.327626 0.240107 0.019504
0.350188 0.231924 0.019504
0.372751 0.226800 0.019504
0.395313 0.226557 0.019504
0.417875 0.231281 0.019504
0.440437 0.239293 0.019504
0.463000 0.247746 0.019504
0.485562 0.253636 0.019504
0.508124 0.254870 0.019504
0.530686 0.251009 0.019504
0.553249 0.243426 0.019504
0.575811 0.234815 0.019504
0.598373 0.228236 0.019504
0.620936 0.226028 0.019504
0.643498 0.228975 0.019504
0.666060 0.236029 0.019504
0.688622 0.244685 0.019504
0.299235 0.271004 0.019504
0.321798 0.262669 0.019504
0.344360 0.254486 0.019504
0.366922 0.249362 0.019504
0.389484 0.249119 0.019504
0.412047 0.253843 0.019504
0.434609 0.261856 0.019504
0.457171 0.270309 0.019504
0.479734 0.276198 0.019504
0.502296 0.277432 0.019504
0.524858 0.273571 0.019504
0.547420 0.265988 0.019504
0.569983 0.257377 0.019504
0.592545 0.250798 0.019504
0.615107 0.248590 0.019504
0.637669 0.251537 0.019504
0.660232 0.258591 0.019504
0.295563 0.293567 0.019504
0.318125 0.285232 0.019504
0.340687 0.277048 0.019504
0.363249 0.271925 0.019504
0.385812 0.271682 0.019504
0.408374 0.276406 0.019504
0.430936 0.284418 0.019504
0.453499 0.292871 0.019504
0.476061 0.298761 0.019504
0.498623 0.299994 0.019504
0.521185 0.296134 0.019504
0.543748 0.288550 0.019504
0.566310 0.279939 0.019504
0.588872 0.273360 0.019504
0.611434 0.271152 0.019504
0.633997 0.274099 0.019504
0.656559 0.281154 0.019504
0.679121 0.289809 0.019504
0.294927 0.316129 0.019504
0.317489 0.307794 0.019504
0.340051 0.299610 0.019504
0.362614 0.294487 0.019504
0.385176 0.294244 0.019504
0.407738 0.298968 0.019504
0.430300 0.306980 0.019504
0.452863 0.315433 0.019504
0.475425 0.321323 0.019504
0.497987 0.322557 0.019504
0.520549 0.318696 0.019504
0.543112 0.311112 0.019504
0.565674 0.302501 0.019504
0.588236 0.295923 0.019504
0.633361 0.296661 0.019504
0.655923 0.303716 0.019504
0.678485 0.312372 0.019504
0.297480 0.338691 0.019504
0.320042 0.330356 0.019504
0.342605 0.322173 0.019504
0.365167 0.317049 0.019504
0.387729 0.316806 0.019504
0.410292 0.321530 0.019504
0.432854 0.329542 0.019504
0.455416 0.337995 0.019504
0.477978 0.343885 0.019504
0.500541 0.345119 0.019504
0.523103 0.341258 0.019504
0.545665 0.333675 0.019504
0.568227 0.325064 0.019504
0.590790 0.318485 0.019504
0.613352 0.316277 0.019504
0.635914 0.319224 0.019504
0.658477 0.326278 0.019504
0.681039 0.334934 0.019504
0.302610 0.361253 0.019504
0.325173 0.352918 0.019504
0.347735 0.344735 0.019504
0.370297 0.339612 0.019504
0.392859 0.339369 0.019504
0.415422 0.344093 0.019504
0.437984 0.352105 0.019504
0.460546 0.360558 0.019504
0.483109 0.366448 0.019504
0.505671 0.367681 0.019504
0.528233 0.363820 0.019504
0.550795 0.356237 0.019504
0.573358 0.347626 0.019504
0.595920 0.341047 0.019504
0.618482 0.338839 0.019504
0.641044 0.341786 0.019504
0.663607 0.348841 0.019504
0.686169 0.357496 0.019504
0.309087 0.383816 0.019504
0.331649 0.375481 0.019504
0.354211 0.367297 0.019504
0.376773 0.362174 0.019504
0.399336 0.361931 0.019504
0.421898 0.366655 0.019504
0.444460 0.374667 0.019504
0.467022 0.383120 0.019504
0.489585 0.389010 0.019504
0.512147 0.390244 0.019504
0.534709 0.386383 0.019504
0.579834 0.370188 0.019504
0.602396 0.363610 0.019504
0.624958 0.361401 0.019504
0.647521 0.364348 0.019504
0.670083 0.371403 0.019504
0.692645 0.380058 0.019504
0.315355 0.406378 0.019504
0.337917 0.398043 0.019504
0.360479 0.389860 0.019504
0.383042 0.384736 0.019504
0.405604 0.384493 0.019504
0.428166 0.389217 0.019504
0.450729 0.397229 0.019504
0.495853 0.411572 0.019504
0.518415 0.412806 0.019504
0.540978 0.408945 0.019504
0.563540 0.401361 0.019504
0.586102 0.392750 0.019504
0.608664 0.386172 0.019504
0.631227 0.383964 0.019504
0.653789 0.386910 0.019504
0.676351 0.393965 0.019504
0.698914 0.402621 0.019504
0.319912 0.428940 0.019504
0.342474 0.420605 0.019504
0.365036 0.412422 0.019504
0.387599 0.407298 0.019504
0.410161 0.407055 0.019504
0.432723 0.411779 0.019504
0.455285 0.419791 0.019504
0.477848 0.428244 0.019504
0.500410 0.434134 0.019504
0.522972 0.435368 0.019504
0.545535 0.431507 0.019504
0.568097 0.423924 0.019504
0.590659 0.415313 0.019504
0.613221 0.408734 0.019504
0.635784 0.406526 0.019504
0.658346 0.409473 0.019504
0.680908 0.416527 0.019504
0.703470 0.425183 0.019504
0.321664 0.451502 0.019504
0.344226 0.443167 0.019504
0.366788 0.434984 0.019504
0.389351 0.429861 0.019504
0.411913 0.429618 0.019504
0.434475 0.434342 0.019504
0.457037 0.442354 0.019504
0.479600 0.450807 0.019504
0.502162 0.456697 0.019504
0.524724 0.457930 0.019504
0.547287 0.454069 0.019504
0.569849 0.446486 0.019504
0.592411 0.437875 0.019504
0.614973 0.431296 0.019504
0.637536 0.429088 0.019504
0.660098 0.432035 0.019504
0.682660 0.439090 0.019504
0.705222 0.447745 0.019504
0.320191 0.474065 0.019504
0.342753 0.465730 0.019504
0.365315 0.457546 0.019504
0.387878 0.452423 0.019504
0.410440 0.452180 0.019504
0.433002 0.456904 0.019504
0.455564 0.464916 0.019504
0.478127 0.473369 0.019504
0.523251 0.480493 0.019504
0.545813 0.476632 0.019504
0.568376 0.469048 0.019504
0.590938 0.460437 0.019504
0.613500 0.453859 0.019504
0.636063 0.451650 0.019504
0.658625 0.454597 0.019504
0.681187 0.461652 0.019504
0.703749 0.470307 0.019504
0.315846 0.496627 0.019504
0.338408 0.488292 0.019504
0.360970 0.480109 0.019504
0.383533 0.474985 0.019504
0.406095 0.474742 0.019504
0.428657 0.479466 0.019504
0.451220 0.487478 0.019504
0.473782 0.495931 0.019504
0.496344 0.501821 0.019504
0.518906 0.503055 0.019504
0.541469 0.499194 0.019504
0.564031 0.491611 0.019504
0.609155 0.476421 0.019504
0.631718 0.474213 0.019504
0.654280 0.477160 0.019504
0.676842 0.484214 0.019504
0.699405 0.492870 0.019504
0.309672 0.519189 0.019504
0.332234 0.510854 0.019504
0.354796 0.502671 0.019504
0.377358 0.497547 0.019504
0.399921 0.497304 0.019504
0.422483 0.502028 0.019504
0.467608 0.518494 0.019504
0.490170 0.524383 0.019504
0.512732 0.525617 0.019504
0.535294 0.521756 0.019504
0.557857 0.514173 0.019504
0.580419 0.505562 0.019504
0.602981 0.498983 0.019504
0.625543 0.496775 0.019504
0.648106 0.499722 0.019504
0.670668 0.506776 0.019504
0.693230 0.515432 0.019504
0.303149 0.541752 0.019504
0.325712 0.533417 0.019504
0.348274 0.525233 0.019504
0.370836 0.520110 0.019504
0.393398 0.519867 0.019504
0.415961 0.524591 0.019504
0.438523 0.532603 0.019504
0.461085 0.541056 0.019504
0.483648 0.546946 0.019504
0.506210 0.548179 0.019504
0.528772 0.544319 0.019504
0.551334 0.536735 0.019504
0.573897 0.528124 0.019504
0.596459 0.521545 0.019504
0.619021 0.519337 0.019504
0.641583 0.522284 0.019504
0.664146 0.529339 0.019504
0.686708 0.537994 0.019504
0.297844 0.564314 0.019504
0.342968 0.547795 0.019504
0.365531 0.542672 0.019504
0.388093 0.542429 0.019504
0.410655 0.547153 0.019504
0.433217 0.555165 0.019504
0.455780 0.563618 0.019504
0.478342 0.569508 0.019504
0.500904 0.570742 0.019504
0.523466 0.566881 0.019504
0.546029 0.559297 0.019504
0.568591 0.550686 0.019504
0.591153 0.544108 0.019504
0.613716 0.541899 0.019504
0.636278 0.544846 0.019504
0.658840 0.551901 0.019504
0.681402 0.560557 0.019504
0.295028 0.586876 0.019504
0.317590 0.578541 0.019504
0.340152 0.570358 0.019504
0.362714 0.565234 0.019504
0.385277 0.564991 0.019504
0.407839 0.569715 0.019504
0.430401 0.577727 0.019504
0.452964 0.586180 0.019504
0.475526 0.592070 0.019504
0.498088 0.593304 0.019504
0.520650 0.589443 0.019504
0.543213 0.581860 0.019504
0.565775 0.573249 0.019504
0.588337 0.566670 0.019504
0.610899 0.564462 0.019504
0.633462 0.567409 0.019504
0.656024 0.574463 0.019504
0.678586 0.583119 0.019504
0.295377 0.609438 0.019504
0.317939 0.601103 0.019504
0.340501 0.592920 0.019504
0.363063 0.587796 0.019504
0.385626 0.587554 0.019504
0.408188 0.592278 0.019504
0.430750 0.600290 0.019504
0.453313 0.608743 0.019504
0.475875 0.614633 0.019504
0.498437 0.615866 0.019504
0.520999 0.612005 0.019504
0.543562 0.604422 0.019504
0.566124 0.595811 0.019504
0.588686 0.589232 0.019504
0.611248 0.587024 0.019504
0.633811 0.589971 0.019504
0.656373 0.597026 0.019504
0.678935 0.605681 0.019504
0.298807 0.632001 0.019504
0.321369 0.623666 0.019504
0.343932 0.615482 0.019504
0.366494 0.610359 0.019504
0.389056 0.610116 0.019504
0.411618 0.614840 0.019504
0.434181 0.622852 0.019504
0.456743 0.631305 0.019504
0.479305 0.637195 0.019504
0.501868 0.638429 0.019504
0.524430 0.634568 0.019504
0.546992 0.626984 0.019504
0.569554 0.618373 0.019504
0.592117 0.611795 0.019504
0.614679 0.609586 0.019504
0.637241 0.612533 0.019504
0.659803 0.619588 0.019504
0.682366 0.628243 0.019504
0.304496 0.654563 0.019504
0.327058 0.646228 0.019504
0.349621 0.638045 0.019504
0.372183 0.632921 0.019504
0.394745 0.632678 0.019504
0.417307 0.637402 0.019504
0.439870 0.645414 0.019504
0.462432 0.653867 0.019504
0.484994 0.659757 0.019504
0.507556 0.660991 0.019504
0.530119 0.657130 0.019504
0.552681 0.649546 0.019504
0.575243 0.640935 0.019504
0.597806 0.634357 0.019504
0.620368 0.632149 0.019504
0.642930 0.635095 0.019504
0.665492 0.642150 0.019504
0.688055 0.650806 0.019504
0.311078 0.677125 0.019504
0.333641 0.668790 0.019504
0.356203 0.660607 0.019504
0.378765 0.655483 0.019504
0.401328 0.655240 0.019504
0.423890 0.659964 0.019504
0.446452 0.667976 0.019504
0.469014 0.676429 0.019504
0.491577 0.682319 0.019504
0.514139 0.683553 0.019504
0.536701 0.679692 0.019504
0.559263 0.672109 0.019504
0.581826 0.663498 0.019504
0.604388 0.656919 0.019504
0.626950 0.654711 0.019504
0.649513 0.657658 0.019504
0.672075 0.664712 0.019504
0.694637 0.673368 0.019504
0.316975 0.699687 0.019504
0.339538 0.691352 0.019504
0.362100 0.683169 0.019504
0.384662 0.678046 0.019504
0.407224 0.677803 0.019504
0.429787 0.682527 0.019504
0.452349 0.690539 0.019504
0.474911 0.698992 0.019504
0.497473 0.704882 0.019504
0.520036 0.706115 0.019504
0.542598 0.702254 0.019504
0.565160 0.694671 0.019504
0.587723 0.686060 0.019504
0.610285 0.679481 0.019504
0.632847 0.677273 0.019504
0.655409 0.680220 0.019504
0.677972 0.687275 0.019504
0.700534 0.695930 0.019504
0.343334 0.713915 0.019504
0.365896 0.705731 0.019504
0.388459 0.700608 0.019504
0.411021 0.700365 0.019504
0.433583 0.705089 0.019504
0.456145 0.713101 0.019504
0.478708 0.721554 0.019504
0.501270 0.727444 0.019504
0.523832 0.728678 0.019504
0.546395 0.724817 0.019504
0.568957 0.717233 0.019504
0.591519 0.708622 0.019504
0.614081 0.702044 0.019504
0.636644 0.699835 0.019504
0.659206 0.702782 0.019504
0.681768 0.709837 0.019504
0.704330 0.718492 0.019504
0.321557 0.744812 0.019504
0.344119 0.736477 0.019504
0.389244 0.723170 0.019504
0.411806 0.722927 0.019504
0.434369 0.727651 0.019504
0.456931 0.735663 0.019504
0.479493 0.744116 0.019504
0.502055 0.750006 0.019504
0.524618 0.751240 0.019504
0.569742 0.739796 0.019504
0.592304 0.731185 0.019504
0.614867 0.724606 0.019504
0.637429 0.722398 0.019504
0.659991 0.725345 0.019504
0.682554 0.732399 0.019504
0.705116 0.741055 0.019504
0.319143 0.767374 0.019504
0.341705 0.759039 0.019504
0.364268 0.750856 0.019504
0.386830 0.745732 0.019504
0.409392 0.745489 0.019504
0.431954 0.750213 0.019504
0.454517 0.758226 0.019504
0.477079 0.766679 0.019504
0.499641 0.772568 0.019504
0.522203 0.773802 0.019504
0.544766 0.769941 0.019504
0.567328 0.762358 0.019504
0.589890 0.753747 0.019504
0.612453 0.747168 0.019504
0.635015 0.744960 0.019504
0.657577 0.747907 0.019504
0.680139 0.754961 0.019504
0.702702 0.763617 0.019504
