305.06 248.44 19.50
327.63 240.11 19.50
350.19 231.92 19.50
372.75 226.80 19.50
395.31 226.56 19.50
417.88 231.28 19.50
440.44 239.29 19.50
463.00 247.75 19.50
485.56 253.64 19.50
508.12 254.87 19.50
530.69 251.01 19.50
553.25 243.43 19.50
575.81 234.81 19.50
598.37 228.24 19.50
620.94 226.03 19.50
643.50 228.97 19.50
666.06 236.03 19.50
688.62 244.68 19.50
299.24 271.00 19.50
321.80 262.67 19.50
344.36 254.49 19.50
366.92 249.36 19.50
389.48 249.12 19.50
412.05 253.84 19.50
434.61 261.86 19.50
457.17 270.31 19.50
479.73 276.20 19.50
502.30 277.43 19.50
524.86 273.57 19.50
547.42 265.99 19.50
569.98 257.38 19.50
592.54 250.80 19.50
615.11 248.59 19.50
637.67 251.54 19.50
660.23 258.59 19.50
295.56 293.57 19.50
318.12 285.23 19.50
340.69 277.05 19.50
363.25 271.92 19.50
385.81 271.68 19.50
408.37 276.41 19.50
430.94 284.42 19.50
453.50 292.87 19.50
476.06 298.76 19.50
498.62 299.99 19.50
521.19 296.13 19.50
543.75 288.55 19.50
566.31 279.94 19.50
588.87 273.36 19.50
611.43 271.15 19.50
634.00 274.10 19.50
656.56 281.15 19.50
679.12 289.81 19.50
294.93 316.13 19.50
317.49 307.79 19.50
340.05 299.61 19.50
362.61 294.49 19.50
385.18 294.24 19.50
407.74 298.97 19.50
430.30 306.98 19.50
452.86 315.43 19.50
475.42 321.32 19.50
497.99 322.56 19.50
520.55 318.70 19.50
543.11 311.11 19.50
565.67 302.50 19.50
588.24 295.92 19.50
633.36 296.66 19.50
655.92 303.72 19.50
678.49 312.37 19.50
297.48 338.69 19.50
320.04 330.36 19.50
342.60 322.17 19.50
365.17 317.05 19.50
387.73 316.81 19.50
410.29 321.53 19.50
432.85 329.54 19.50
455.42 338.00 19.50
477.98 343.89 19.50
500.54 345.12 19.50
523.10 341.26 19.50
545.67 333.67 19.50
568.23 325.06 19.50
590.79 318.49 19.50
613.35 316.28 19.50
635.91 319.22 19.50
658.48 326.28 19.50
681.04 334.93 19.50
302.61 361.25 19.50
325.17 352.92 19.50
347.73 344.74 19.50
370.30 339.61 19.50
392.86 339.37 19.50
415.42 344.09 19.50
437.98 352.10 19.50
460.55 360.56 19.50
483.11 366.45 19.50
505.67 367.68 19.50
528.23 363.82 19.50
550.80 356.24 19.50
573.36 347.63 19.50
595.92 341.05 19.50
618.48 338.84 19.50
641.04 341.79 19.50
663.61 348.84 19.50
686.17 357.50 19.50
309.09 383.82 19.50
331.65 375.48 19.50
354.21 367.30 19.50
376.77 362.17 19.50
399.34 361.93 19.50
421.90 366.65 19.50
444.46 374.67 19.50
467.02 383.12 19.50
489.58 389.01 19.50
512.15 390.24 19.50
534.71 386.38 19.50
579.83 370.19 19.50
602.40 363.61 19.50
624.96 361.40 19.50
647.52 364.35 19.50
670.08 371.40 19.50
692.65 380.06 19.50
315.35 406.38 19.50
337.92 398.04 19.50
360.48 389.86 19.50
383.04 384.74 19.50
405.60 384.49 19.50
428.17 389.22 19.50
450.73 397.23 19.50
495.85 411.57 19.50
518.42 412.81 19.50
540.98 408.94 19.50
563.54 401.36 19.50
586.10 392.75 19.50
608.66 386.17 19.50
631.23 383.96 19.50
653.79 386.91 19.50
676.35 393.97 19.50
698.91 402.62 19.50
319.91 428.94 19.50
342.47 420.61 19.50
365.04 412.42 19.50
387.60 407.30 19.50
410.16 407.06 19.50
432.72 411.78 19.50
455.29 419.79 19.50
477.85 428.24 19.50
500.41 434.13 19.50
522.97 435.37 19.50
545.53 431.51 19.50
568.10 423.92 19.50
590.66 415.31 19.50
613.22 408.73 19.50
635.78 406.53 19.50
658.35 409.47 19.50
680.91 416.53 19.50
703.47 425.18 19.50
321.66 451.50 19.50
344.23 443.17 19.50
366.79 434.98 19.50
389.35 429.86 19.50
411.91 429.62 19.50
434.48 434.34 19.50
457.04 442.35 19.50
479.60 450.81 19.50
502.16 456.70 19.50
524.72 457.93 19.50
547.29 454.07 19.50
569.85 446.49 19.50
592.41 437.87 19.50
614.97 431.30 19.50
637.54 429.09 19.50
660.10 432.03 19.50
682.66 439.09 19.50
705.22 447.75 19.50
320.19 474.06 19.50
342.75 465.73 19.50
365.32 457.55 19.50
387.88 452.42 19.50
410.44 452.18 19.50
433.00 456.90 19.50
455.56 464.92 19.50
478.13 473.37 19.50
523.25 480.49 19.50
545.81 476.63 19.50
568.38 469.05 19.50
590.94 460.44 19.50
613.50 453.86 19.50
636.06 451.65 19.50
658.62 454.60 19.50
681.19 461.65 19.50
703.75 470.31 19.50
315.85 496.63 19.50
338.41 488.29 19.50
360.97 480.11 19.50
383.53 474.99 19.50
406.09 474.74 19.50
428.66 479.47 19.50
451.22 487.48 19.50
473.78 495.93 19.50
496.34 501.82 19.50
518.91 503.05 19.50
541.47 499.19 19.50
564.03 491.61 19.50
609.16 476.42 19.50
631.72 474.21 19.50
654.28 477.16 19.50
676.84 484.21 19.50
699.40 492.87 19.50
309.67 519.19 19.50
332.23 510.85 19.50
354.80 502.67 19.50
377.36 497.55 19.50
399.92 497.30 19.50
422.48 502.03 19.50
467.61 518.49 19.50
490.17 524.38 19.50
512.73 525.62 19.50
535.29 521.76 19.50
557.86 514.17 19.50
580.42 505.56 19.50
602.98 498.98 19.50
625.54 496.77 19.50
648.11 499.72 19.50
670.67 506.78 19.50
693.23 515.43 19.50
303.15 541.75 19.50
325.71 533.42 19.50
348.27 525.23 19.50
370.84 520.11 19.50
393.40 519.87 19.50
415.96 524.59 19.50
438.52 532.60 19.50
461.09 541.06 19.50
483.65 546.95 19.50
506.21 548.18 19.50
528.77 544.32 19.50
551.33 536.74 19.50
573.90 528.12 19.50
596.46 521.55 19.50
619.02 519.34 19.50
641.58 522.28 19.50
664.15 529.34 19.50
686.71 537.99 19.50
297.84 564.31 19.50
342.97 547.80 19.50
365.53 542.67 19.50
388.09 542.43 19.50
410.66 547.15 19.50
433.22 555.17 19.50
455.78 563.62 19.50
478.34 569.51 19.50
500.90 570.74 19.50
523.47 566.88 19.50
546.03 559.30 19.50
568.59 550.69 19.50
591.15 544.11 19.50
613.72 541.90 19.50
636.28 544.85 19.50
658.84 551.90 19.50
681.40 560.56 19.50
295.03 586.88 19.50
317.59 578.54 19.50
340.15 570.36 19.50
362.71 565.23 19.50
385.28 564.99 19.50
407.84 569.72 19.50
430.40 577.73 19.50
452.96 586.18 19.50
475.53 592.07 19.50
498.09 593.30 19.50
520.65 589.44 19.50
543.21 581.86 19.50
565.77 573.25 19.50
588.34 566.67 19.50
610.90 564.46 19.50
633.46 567.41 19.50
656.02 574.46 19.50
678.59 583.12 19.50
295.38 609.44 19.50
317.94 601.10 19.50
340.50 592.92 19.50
363.06 587.80 19.50
385.63 587.55 19.50
408.19 592.28 19.50
430.75 600.29 19.50
453.31 608.74 19.50
475.87 614.63 19.50
498.44 615.87 19.50
521.00 612.01 19.50
543.56 604.42 19.50
566.12 595.81 19.50
588.69 589.23 19.50
611.25 587.02 19.50
633.81 589.97 19.50
656.37 597.03 19.50
678.94 605.68 19.50
298.81 632.00 19.50
321.37 623.67 19.50
343.93 615.48 19.50
366.49 610.36 19.50
389.06 610.12 19.50
411.62 614.84 19.50
434.18 622.85 19.50
456.74 631.30 19.50
479.31 637.19 19.50
501.87 638.43 19.50
524.43 634.57 19.50
546.99 626.98 19.50
569.55 618.37 19.50
592.12 611.79 19.50
614.68 609.59 19.50
637.24 612.53 19.50
659.80 619.59 19.50
682.37 628.24 19.50
304.50 654.56 19.50
327.06 646.23 19.50
349.62 638.04 19.50
372.18 632.92 19.50
394.75 632.68 19.50
417.31 637.40 19.50
439.87 645.41 19.50
462.43 653.87 19.50
484.99 659.76 19.50
507.56 660.99 19.50
530.12 657.13 19.50
552.68 649.55 19.50
575.24 640.94 19.50
597.81 634.36 19.50
620.37 632.15 19.50
642.93 635.10 19.50
665.49 642.15 19.50
688.05 650.81 19.50
311.08 677.13 19.50
333.64 668.79 19.50
356.20 660.61 19.50
378.77 655.48 19.50
401.33 655.24 19.50
423.89 659.96 19.50
446.45 667.98 19.50
469.01 676.43 19.50
491.58 682.32 19.50
514.14 683.55 19.50
536.70 679.69 19.50
559.26 672.11 19.50
581.83 663.50 19.50
604.39 656.92 19.50
626.95 654.71 19.50
649.51 657.66 19.50
672.07 664.71 19.50
694.64 673.37 19.50
316.98 699.69 19.50
339.54 691.35 19.50
362.10 683.17 19.50
384.66 678.05 19.50
407.22 677.80 19.50
429.79 682.53 19.50
452.35 690.54 19.50
474.91 698.99 19.50
497.47 704.88 19.50
520.04 706.12 19.50
542.60 702.25 19.50
565.16 694.67 19.50
587.72 686.06 19.50
610.28 679.48 19.50
632.85 677.27 19.50
655.41 680.22 19.50
677.97 687.27 19.50
700.53 695.93 19.50
343.33 713.91 19.50
365.90 705.73 19.50
388.46 700.61 19.50
411.02 700.36 19.50
433.58 705.09 19.50
456.15 713.10 19.50
478.71 721.55 19.50
501.27 727.44 19.50
523.83 728.68 19.50
546.39 724.82 19.50
568.96 717.23 19.50
591.52 708.62 19.50
614.08 702.04 19.50
636.64 699.84 19.50
659.21 702.78 19.50
681.77 709.84 19.50
704.33 718.49 19.50
321.56 744.81 19.50
344.12 736.48 19.50
389.24 723.17 19.50
411.81 722.93 19.50
434.37 727.65 19.50
456.93 735.66 19.50
479.49 744.12 19.50
502.06 750.01 19.50
524.62 751.24 19.50
569.74 739.80 19.50
592.30 731.18 19.50
614.87 724.61 19.50
637.43 722.40 19.50
659.99 725.34 19.50
682.55 732.40 19.50
705.12 741.05 19.50
319.14 767.37 19.50
341.71 759.04 19.50
364.27 750.86 19.50
386.83 745.73 19.50
409.39 745.49 19.50
431.95 750.21 19.50
454.52 758.23 19.50
477.08 766.68 19.50
499.64 772.57 19.50
522.20 773.80 19.50
544.77 769.94 19.50
567.33 762.36 19.50
589.89 753.75 19.50
612.45 747.17 19.50
635.01 744.96 19.50
657.58 747.91 19.50
680.14 754.96 19.50
702.70 763.62 19.50
