0.569378 0.516875 0.021034
0.557776 0.549467 0.021034
0.530649 0.571188 0.021034
0.496707 0.574219 0.021034
0.450218 0.526907 0.021034
0.452261 0.492942 0.021034
0.503824 0.454887 0.021034
0.537200 0.461523 0.021034
0.561689 0.484287 0.021034
0.601504 0.516089 0.021034
0.593961 0.547914 0.021034
0.576090 0.576146 0.021034
0.550108 0.596866 0.021034
0.519196 0.606995 0.021034
0.487104 0.604993 0.021034
0.457703 0.591226 0.021034
0.434517 0.567792 0.021034
0.420297 0.537971 0.021034
0.416693 0.505634 0.021034
0.424092 0.474762 0.021034
0.441603 0.448998 0.021034
0.467177 0.431176 0.021034
0.497824 0.422991 0.021034
0.529916 0.424993 0.021034
0.559582 0.436816 0.021034
0.583175 0.457352 0.021034
0.597757 0.484705 0.021034
0.633629 0.514156 0.021034
0.627376 0.546704 0.021034
0.612957 0.577561 0.021034
0.591410 0.604321 0.021034
0.564245 0.624708 0.021034
0.533341 0.636866 0.021034
0.500812 0.639659 0.021034
0.468879 0.632880 0.021034
0.439715 0.617260 0.021034
0.415297 0.594263 0.021034
0.397264 0.565809 0.021034
0.386802 0.534047 0.021034
0.384568 0.501222 0.021034
0.390672 0.469586 0.021034
0.404685 0.441279 0.021034
0.425685 0.418150 0.021034
0.452306 0.401567 0.021034
0.482817 0.392306 0.021034
0.515202 0.390598 0.021034
0.547279 0.396291 0.021034
0.576837 0.409015 0.021034
0.601797 0.428208 0.021034
0.620378 0.453031 0.021034
0.631246 0.482242 0.021034
0.665754 0.511216 0.021034
0.660299 0.544142 0.021034
0.648125 0.576284 0.021034
0.629813 0.606065 0.021034
0.606204 0.631890 0.021034
0.578358 0.652247 0.021034
0.547505 0.665850 0.021034
0.514993 0.671807 0.021034
0.482243 0.669764 0.021034
0.450686 0.659955 0.021034
0.421702 0.643126 0.021034
0.396558 0.620377 0.021034
0.376338 0.592992 0.021034
0.361901 0.562327 0.021034
0.353834 0.529767 0.021034
0.352443 0.496723 0.021034
0.357745 0.464626 0.021034
0.369491 0.434892 0.021034
0.387180 0.408832 0.021034
0.410080 0.387541 0.021034
0.437258 0.371790 0.021034
0.467596 0.361978 0.021034
0.499827 0.358168 0.021034
0.532577 0.360211 0.021034
0.564414 0.367873 0.021034
0.619727 0.399054 0.021034
0.640654 0.421905 0.021034
0.655716 0.448849 0.021034
0.664210 0.479001 0.021034
0.697880 0.507476 0.021034
0.692966 0.540618 0.021034
0.682352 0.573444 0.021034
0.645650 0.633770 0.021034
0.620748 0.659010 0.021034
0.592471 0.679491 0.021034
0.561680 0.694235 0.021034
0.529306 0.702506 0.021034
0.496327 0.703909 0.021034
0.432546 0.686539 0.021034
0.403690 0.668859 0.021034
0.378056 0.646283 0.021034
0.356421 0.619745 0.021034
0.339426 0.590176 0.021034
0.327560 0.558489 0.021034
0.321140 0.525602 0.021034
0.320317 0.492457 0.021034
0.325076 0.460039 0.021034
0.335249 0.429355 0.021034
0.350527 0.401395 0.021034
0.370472 0.377053 0.021034
0.394526 0.357053 0.021034
0.452180 0.331747 0.021034
0.484147 0.326628 0.021034
0.516986 0.326347 0.021034
0.549710 0.330680 0.021034
0.581314 0.339443 0.021034
0.610801 0.352512 0.021034
0.637218 0.369781 0.021034
0.659702 0.391078 0.021034
0.677506 0.416088 0.021034
0.690042 0.444310 0.021034
0.696902 0.475055 0.021034
0.730005 0.503204 0.021034
0.725645 0.535693 0.021034
0.716558 0.568131 0.021034
0.702978 0.599793 0.021034
0.685233 0.629934 0.021034
0.663731 0.657779 0.021034
0.638948 0.682534 0.021034
0.611421 0.703401 0.021034
0.581734 0.719636 0.021034
0.550510 0.730613 0.021034
0.518405 0.735905 0.021034
0.486098 0.735349 0.021034
0.454276 0.729058 0.021034
0.423621 0.717404 0.021034
0.394794 0.700940 0.021034
0.368420 0.680320 0.021034
0.345066 0.656215 0.021034
0.325230 0.629271 0.021034
0.309320 0.600091 0.021034
0.297651 0.569250 0.021034
0.290438 0.537325 0.021034
0.287793 0.504916 0.021034
0.289733 0.472666 0.021034
0.296186 0.441262 0.021034
0.306998 0.411421 0.021034
0.321941 0.383859 0.021034
0.340717 0.359246 0.021034
0.362966 0.338152 0.021034
0.388261 0.320998 0.021034
0.416119 0.308017 0.021034
0.445997 0.299255 0.021034
0.477303 0.294594 0.021034
0.509399 0.293830 0.021034
0.541615 0.296743 0.021034
0.573260 0.303166 0.021034
0.603636 0.313015 0.021034
0.632060 0.326273 0.021034
0.657877 0.342936 0.021034
0.680483 0.362949 0.021034
0.699342 0.386155 0.021034
0.714009 0.412262 0.021034
0.724140 0.440845 0.021034
0.729508 0.471365 0.021034
0.762130 0.498704 0.021034
0.758035 0.531353 0.021034
0.749738 0.564050 0.021034
0.737416 0.596259 0.021034
0.721309 0.627432 0.021034
0.701713 0.657004 0.021034
0.678973 0.684378 0.021034
0.653471 0.708927 0.021034
0.595891 0.746980 0.021034
0.564739 0.759300 0.021034
0.532669 0.766548 0.021034
0.500199 0.768502 0.021034
0.467857 0.765172 0.021034
0.436177 0.756786 0.021034
0.405684 0.743756 0.021034
0.376893 0.726608 0.021034
0.350287 0.705907 0.021034
0.326315 0.682203 0.021034
0.305373 0.655994 0.021034
0.287801 0.627723 0.021034
0.273871 0.597794 0.021034
0.263784 0.566598 0.021034
0.255592 0.502055 0.021034
0.257543 0.469631 0.021034
0.263459 0.437800 0.021034
0.273225 0.407134 0.021034
0.286674 0.378222 0.021034
0.303601 0.351648 0.021034
0.323754 0.327949 0.021034
0.346843 0.307575 0.021034
0.372538 0.290848 0.021034
0.400467 0.277933 0.021034
0.430219 0.268832 0.021034
0.461346 0.263410 0.021034
0.493369 0.261447 0.021034
0.525778 0.262699 0.021034
0.558045 0.266971 0.021034
0.589629 0.274153 0.021034
0.619988 0.284229 0.021034
0.648588 0.297247 0.021034
0.674913 0.313271 0.021034
0.698482 0.332319 0.021034
0.718857 0.354322 0.021034
0.735660 0.379097 0.021034
0.748580 0.406350 0.021034
0.757383 0.435685 0.021034
0.761920 0.466639 0.021034
0.794256 0.494296 0.021034
0.790370 0.527049 0.021034
0.782701 0.559875 0.021034
0.771390 0.592367 0.021034
0.756621 0.624120 0.021034
0.738622 0.654720 0.021034
0.717650 0.683734 0.021034
0.693993 0.710691 0.021034
0.667963 0.735081 0.021034
0.639895 0.756364 0.021034
0.610143 0.773992 0.021034
0.579080 0.787462 0.021034
0.547097 0.796366 0.021034
0.514597 0.800444 0.021034
0.481998 0.799625 0.021034
0.449722 0.794035 0.021034
0.418194 0.783975 0.021034
0.387837 0.769873 0.021034
0.359059 0.752223 0.021034
0.332252 0.731521 0.021034
0.307778 0.708223 0.021034
0.285964 0.682723 0.021034
0.267096 0.655352 0.021034
0.251411 0.626396 0.021034
0.239095 0.596119 0.021034
0.230278 0.564789 0.021034
0.225039 0.532701 0.021034
0.223408 0.500188 0.021034
0.225367 0.467629 0.021034
0.230858 0.435449 0.021034
0.239787 0.404113 0.021034
0.252031 0.374112 0.021034
0.267435 0.345954 0.021034
0.285818 0.320130 0.021034
0.306975 0.297091 0.021034
0.330669 0.277208 0.021034
0.356639 0.260742 0.021034
0.384593 0.247818 0.021034
0.414210 0.238418 0.021034
0.445143 0.232397 0.021034
0.477017 0.229526 0.021034
0.509437 0.229543 0.021034
0.541989 0.232222 0.021034
0.574245 0.237411 0.021034
0.605772 0.245061 0.021034
0.636132 0.255216 0.021034
0.664896 0.267976 0.021034
0.691648 0.283448 0.021034
0.715994 0.301701 0.021034
0.737568 0.322718 0.021034
0.756045 0.346385 0.021034
0.771148 0.372485 0.021034
0.782651 0.400714 0.021034
0.790393 0.430701 0.021034
0.794273 0.462038 0.021034
0.826381 0.490295 0.021034
0.822752 0.522582 0.021034
0.815791 0.554925 0.021034
0.805606 0.587020 0.021034
0.792340 0.618578 0.021034
0.776160 0.649311 0.021034
0.757260 0.678925 0.021034
0.735850 0.707102 0.021034
0.712157 0.733487 0.021034
0.686425 0.757683 0.021034
0.658910 0.779253 0.021034
0.629881 0.797737 0.021034
0.599619 0.812686 0.021034
0.568419 0.823700 0.021034
0.536587 0.830482 0.021034
0.504439 0.832871 0.021034
0.472299 0.830865 0.021034
0.440497 0.824629 0.021034
0.409364 0.814460 0.021034
0.379231 0.800753 0.021034
0.350422 0.783942 0.021034
0.323248 0.764456 0.021034
0.298004 0.742681 0.021034
0.274963 0.718937 0.021034
0.254368 0.693482 0.021034
0.236432 0.666521 0.021034
0.221331 0.638227 0.021034
0.209201 0.608763 0.021034
0.200143 0.578304 0.021034
0.194215 0.547049 0.021034
0.191443 0.515231 0.021034
0.191816 0.483122 0.021034
0.195297 0.451033 0.021034
0.201823 0.419312 0.021034
0.211310 0.388339 0.021034
0.223654 0.358519 0.021034
0.238736 0.330271 0.021034
0.256418 0.304014 0.021034
0.276549 0.280144 0.021034
0.298957 0.259009 0.021034
0.323453 0.240882 0.021034
0.349828 0.225936 0.021034
0.377852 0.214227 0.021034
0.407275 0.205688 0.021034
0.437826 0.200153 0.021034
0.469217 0.197382 0.021034
0.501141 0.197115 0.021034
0.533282 0.199120 0.021034
0.565307 0.203235 0.021034
0.596881 0.209393 0.021034
0.627663 0.217621 0.021034
0.657311 0.228022 0.021034
0.685490 0.240733 0.021034
0.711874 0.255885 0.021034
0.736151 0.273559 0.021034
0.758030 0.293764 0.021034
0.777246 0.316418 0.021034
0.793565 0.341355 0.021034
0.806792 0.368333 0.021034
0.816773 0.397055 0.021034
0.823399 0.427188 0.021034
0.826606 0.458384 0.021034
0.858506 0.486984 0.021034
0.855006 0.519358 0.021034
0.848439 0.551737 0.021034
0.838900 0.583878 0.021034
0.826507 0.615558 0.021034
0.811399 0.646565 0.021034
0.793733 0.676688 0.021034
0.773680 0.705707 0.021034
0.751422 0.733373 0.021034
0.727152 0.759400 0.021034
0.701071 0.783453 0.021034
0.673390 0.805154 0.021034
0.644332 0.824088 0.021034
0.614125 0.839838 0.021034
0.583009 0.852015 0.021034
0.551234 0.860302 0.021034
0.519060 0.864496 0.021034
0.486751 0.864536 0.021034
0.454581 0.860510 0.021034
0.422827 0.852644 0.021034
0.391769 0.841275 0.021034
0.361683 0.826797 0.021034
0.332843 0.809626 0.021034
0.305511 0.790145 0.021034
0.279940 0.768687 0.021034
0.256363 0.745512 0.021034
0.216013 0.694743 0.021034
0.199588 0.667405 0.021034
0.185845 0.638902 0.021034
0.174881 0.609341 0.021034
0.166761 0.578851 0.021034
0.161522 0.547590 0.021034
0.159171 0.515750 0.021034
0.159691 0.483557 0.021034
0.163042 0.451271 0.021034
0.169169 0.419183 0.021034
0.177999 0.387611 0.021034
0.189449 0.356900 0.021034
0.203423 0.327413 0.021034
0.219816 0.299526 0.021034
0.238511 0.273613 0.021034
0.259379 0.250027 0.021034
0.282279 0.229081 0.021034
0.307054 0.211020 0.021034
0.333534 0.196000 0.021034
0.361530 0.184072 0.021034
0.390837 0.175171 0.021034
0.421236 0.169136 0.021034
0.452489 0.165728 0.021034
0.484348 0.164675 0.021034
0.516550 0.165720 0.021034
0.548826 0.168661 0.021034
0.580896 0.173385 0.021034
0.612476 0.179876 0.021034
0.643279 0.188212 0.021034
0.673019 0.198534 0.021034
0.701413 0.211009 0.021034
0.728185 0.225786 0.021034
0.753068 0.242969 0.021034
0.775810 0.262584 0.021034
0.796177 0.284576 0.021034
0.813961 0.308809 0.021034
0.828977 0.335076 0.021034
0.841075 0.363117 0.021034
0.850138 0.392638 0.021034
0.856086 0.423330 0.021034
0.858877 0.454880 0.021034
0.890632 0.484601 0.021034
0.887239 0.517038 0.021034
0.881007 0.549414 0.021034
0.872017 0.581530 0.021034
0.860371 0.613211 0.021034
0.846187 0.644296 0.021034
0.829598 0.674636 0.021034
0.810744 0.704080 0.021034
0.789776 0.732464 0.021034
0.742131 0.785246 0.021034
0.715786 0.809128 0.021034
0.687992 0.830911 0.021034
0.658932 0.850222 0.021034
0.628796 0.866667 0.021034
0.597782 0.879866 0.021034
0.566096 0.889492 0.021034
0.533954 0.895305 0.021034
0.501576 0.897190 0.021034
0.469190 0.895170 0.021034
0.437031 0.889404 0.021034
0.405334 0.880168 0.021034
0.374339 0.867818 0.021034
0.344282 0.852750 0.021034
0.315397 0.835349 0.021034
0.287911 0.815961 0.021034
0.262041 0.794869 0.021034
0.237992 0.772283 0.021034
0.215950 0.748349 0.021034
0.196083 0.723159 0.021034
0.178536 0.696778 0.021034
0.163430 0.669258 0.021034
0.150859 0.640657 0.021034
0.140893 0.611054 0.021034
0.133572 0.580553 0.021034
0.128917 0.549290 0.021034
0.126922 0.517429 0.021034
0.127565 0.485164 0.021034
0.130807 0.452716 0.021034
0.136596 0.420331 0.021034
0.144869 0.388277 0.021034
0.155554 0.356846 0.021034
0.168576 0.326349 0.021034
0.201280 0.269480 0.021034
0.220774 0.243786 0.021034
0.242220 0.220354 0.021034
0.265501 0.199471 0.021034
0.290487 0.181366 0.021034
0.317034 0.166188 0.021034
0.344988 0.153987 0.021034
0.374177 0.144709 0.021034
0.404419 0.138200 0.021034
0.467265 0.132518 0.021034
0.499445 0.132791 0.021034
0.531831 0.134811 0.021034
0.564188 0.138419 0.021034
0.596280 0.143552 0.021034
0.627862 0.150248 0.021034
0.658691 0.158626 0.021034
0.688523 0.168860 0.021034
0.717116 0.181138 0.021034
0.744231 0.195625 0.021034
0.769640 0.212433 0.021034
0.793120 0.231602 0.021034
0.814466 0.253091 0.021034
0.833488 0.276782 0.021034
0.850016 0.302492 0.021034
0.863904 0.329988 0.021034
0.875032 0.359003 0.021034
0.883313 0.389254 0.021034
0.888686 0.420455 0.021034
0.891125 0.452325 0.021034
0.922757 0.483315 0.021034
0.919458 0.515799 0.021034
0.913512 0.548151 0.021034
0.904994 0.580206 0.021034
0.893993 0.611818 0.021034
0.880614 0.642865 0.021034
0.864967 0.673236 0.021034
0.847176 0.702830 0.021034
0.827364 0.731545 0.021034
0.805665 0.759262 0.021034
0.782211 0.785836 0.021034
0.757142 0.811078 0.021034
0.730601 0.834751 0.021034
0.702735 0.856563 0.021034
0.673696 0.876173 0.021034
0.643645 0.893212 0.021034
0.612746 0.907311 0.021034
0.581171 0.918130 0.021034
0.549101 0.925403 0.021034
0.516722 0.928968 0.021034
0.484227 0.928787 0.021034
0.451812 0.924955 0.021034
0.419681 0.917692 0.021034
0.388038 0.907307 0.021034
0.357091 0.894171 0.021034
0.327044 0.878667 0.021034
0.298102 0.861154 0.021034
0.270463 0.841939 0.021034
0.244316 0.821261 0.021034
0.219843 0.799284 0.021034
0.197210 0.776110 0.021034
0.176568 0.751790 0.021034
0.158051 0.726351 0.021034
0.141772 0.699806 0.021034
0.127823 0.672177 0.021034
0.116272 0.643507 0.021034
0.107168 0.613862 0.021034
0.100536 0.583336 0.021034
0.096381 0.552052 0.021034
0.094691 0.520159 0.021034
0.095440 0.487827 0.021034
0.098588 0.455248 0.021034
0.104087 0.422631 0.021034
0.111880 0.390202 0.021034
0.121906 0.358207 0.021034
0.134101 0.326907 0.021034
0.148394 0.296583 0.021034
0.164713 0.267534 0.021034
0.182980 0.240066 0.021034
0.203112 0.214491 0.021034
0.225018 0.191108 0.021034
0.248598 0.170188 0.021034
0.273743 0.151948 0.021034
0.300332 0.136536 0.021034
0.328234 0.124009 0.021034
0.357305 0.114325 0.021034
0.387392 0.107346 0.021034
0.418329 0.102849 0.021034
0.449941 0.100560 0.021034
0.482045 0.100189 0.021034
0.514449 0.101470 0.021034
0.546955 0.104201 0.021034
0.579362 0.108272 0.021034
0.611462 0.113672 0.021034
0.643047 0.120485 0.021034
0.673906 0.128871 0.021034
0.703828 0.139028 0.021034
0.732604 0.151159 0.021034
0.760028 0.165438 0.021034
0.785898 0.181982 0.021034
0.810020 0.200834 0.021034
0.832209 0.221962 0.021034
0.852294 0.245260 0.021034
0.870117 0.270558 0.021034
0.885539 0.297641 0.021034
0.898442 0.326264 0.021034
0.908731 0.356163 0.021034
0.916338 0.387072 0.021034
0.921218 0.418730 0.021034
0.923355 0.450888 0.021034
0.954882 0.483216 0.021034
0.951715 0.515366 0.021034
0.946125 0.547322 0.021034
0.938177 0.578946 0.021034
0.927951 0.610121 0.021034
0.915533 0.640746 0.021034
0.901020 0.670740 0.021034
0.884512 0.700035 0.021034
0.866114 0.728570 0.021034
0.845933 0.756284 0.021034
0.824080 0.783100 0.021034
0.800665 0.808919 0.021034
0.775803 0.833603 0.021034
0.749609 0.856965 0.021034
0.722204 0.878764 0.021034
0.693711 0.898712 0.021034
0.664258 0.916478 0.021034
0.633980 0.931714 0.021034
0.603015 0.944082 0.021034
0.571510 0.953289 0.021034
0.539616 0.959117 0.021034
0.507490 0.961453 0.021034
0.475294 0.960302 0.021034
0.443194 0.955788 0.021034
0.411362 0.948143 0.021034
0.379971 0.937676 0.021034
0.349196 0.924743 0.021034
0.319210 0.909702 0.021034
0.290189 0.892889 0.021034
0.262302 0.874582 0.021034
0.235714 0.854996 0.021034
0.210585 0.834272 0.021034
0.187063 0.812489 0.021034
0.165287 0.789678 0.021034
0.145380 0.765838 0.021034
0.127452 0.740955 0.021034
0.111596 0.715019 0.021034
0.097887 0.688035 0.021034
0.086380 0.660029 0.021034
0.070108 0.601194 0.021034
0.065366 0.570548 0.021034
0.062878 0.539241 0.021034
0.062618 0.507416 0.021034
0.068645 0.442846 0.021034
0.074843 0.410447 0.021034
0.083097 0.378223 0.021034
0.093353 0.346377 0.021034
0.105557 0.315127 0.021034
0.119652 0.284707 0.021034
0.135580 0.255368 0.021034
0.153279 0.227377 0.021034
0.172684 0.201011 0.021034
0.193724 0.176547 0.021034
0.216324 0.154251 0.021034
0.240397 0.134358 0.021034
0.265851 0.117055 0.021034
0.292584 0.102462 0.021034
0.320483 0.090614 0.021034
0.349428 0.081457 0.021034
0.379288 0.074844 0.021034
0.441191 0.068321 0.021034
0.472932 0.067851 0.021034
0.504991 0.068880 0.021034
0.537201 0.071193 0.021034
0.569394 0.074661 0.021034
0.601398 0.079247 0.021034
0.633038 0.085012 0.021034
0.664139 0.092094 0.021034
0.694523 0.100686 0.021034
0.724013 0.111002 0.021034
0.752433 0.123241 0.021034
0.779609 0.137568 0.021034
0.805370 0.154084 0.021034
0.851992 0.193738 0.021034
0.872543 0.216730 0.021034
0.891065 0.241639 0.021034
0.907433 0.268264 0.021034
0.921537 0.296380 0.021034
0.933283 0.325749 0.021034
0.942601 0.356130 0.021034
0.949439 0.387286 0.021034
0.953767 0.418990 0.021034
