569.38 516.87 21.03
557.78 549.47 21.03
530.65 571.19 21.03
496.71 574.22 21.03
450.22 526.91 21.03
452.26 492.94 21.03
503.82 454.89 21.03
537.20 461.52 21.03
561.69 484.29 21.03
601.50 516.09 21.03
593.96 547.91 21.03
576.09 576.15 21.03
550.11 596.87 21.03
519.20 607.00 21.03
487.10 604.99 21.03
457.70 591.23 21.03
434.52 567.79 21.03
420.30 537.97 21.03
416.69 505.63 21.03
424.09 474.76 21.03
441.60 449.00 21.03
467.18 431.18 21.03
497.82 422.99 21.03
529.92 424.99 21.03
559.58 436.82 21.03
583.18 457.35 21.03
597.76 484.71 21.03
633.63 514.16 21.03
627.38 546.70 21.03
612.96 577.56 21.03
591.41 604.32 21.03
564.25 624.71 21.03
533.34 636.87 21.03
500.81 639.66 21.03
468.88 632.88 21.03
439.71 617.26 21.03
415.30 594.26 21.03
397.26 565.81 21.03
386.80 534.05 21.03
384.57 501.22 21.03
390.67 469.59 21.03
404.69 441.28 21.03
425.68 418.15 21.03
452.31 401.57 21.03
482.82 392.31 21.03
515.20 390.60 21.03
547.28 396.29 21.03
576.84 409.01 21.03
601.80 428.21 21.03
620.38 453.03 21.03
631.25 482.24 21.03
665.75 511.22 21.03
660.30 544.14 21.03
648.13 576.28 21.03
629.81 606.06 21.03
606.20 631.89 21.03
578.36 652.25 21.03
547.50 665.85 21.03
514.99 671.81 21.03
482.24 669.76 21.03
450.69 659.95 21.03
421.70 643.13 21.03
396.56 620.38 21.03
376.34 592.99 21.03
361.90 562.33 21.03
353.83 529.77 21.03
352.44 496.72 21.03
357.75 464.63 21.03
369.49 434.89 21.03
387.18 408.83 21.03
410.08 387.54 21.03
437.26 371.79 21.03
467.60 361.98 21.03
499.83 358.17 21.03
532.58 360.21 21.03
564.41 367.87 21.03
619.73 399.05 21.03
640.65 421.90 21.03
655.72 448.85 21.03
664.21 479.00 21.03
697.88 507.48 21.03
692.97 540.62 21.03
682.35 573.44 21.03
645.65 633.77 21.03
620.75 659.01 21.03
592.47 679.49 21.03
561.68 694.24 21.03
529.31 702.51 21.03
496.33 703.91 21.03
432.55 686.54 21.03
403.69 668.86 21.03
378.06 646.28 21.03
356.42 619.74 21.03
339.43 590.18 21.03
327.56 558.49 21.03
321.14 525.60 21.03
320.32 492.46 21.03
325.08 460.04 21.03
335.25 429.36 21.03
350.53 401.39 21.03
370.47 377.05 21.03
394.53 357.05 21.03
452.18 331.75 21.03
484.15 326.63 21.03
516.99 326.35 21.03
549.71 330.68 21.03
581.31 339.44 21.03
610.80 352.51 21.03
637.22 369.78 21.03
659.70 391.08 21.03
677.51 416.09 21.03
690.04 444.31 21.03
696.90 475.05 21.03
730.00 503.20 21.03
725.65 535.69 21.03
716.56 568.13 21.03
702.98 599.79 21.03
685.23 629.93 21.03
663.73 657.78 21.03
638.95 682.53 21.03
611.42 703.40 21.03
581.73 719.64 21.03
550.51 730.61 21.03
518.41 735.91 21.03
486.10 735.35 21.03
454.28 729.06 21.03
423.62 717.40 21.03
394.79 700.94 21.03
368.42 680.32 21.03
345.07 656.21 21.03
325.23 629.27 21.03
309.32 600.09 21.03
297.65 569.25 21.03
290.44 537.33 21.03
287.79 504.92 21.03
289.73 472.67 21.03
296.19 441.26 21.03
307.00 411.42 21.03
321.94 383.86 21.03
340.72 359.25 21.03
362.97 338.15 21.03
388.26 321.00 21.03
416.12 308.02 21.03
446.00 299.25 21.03
477.30 294.59 21.03
509.40 293.83 21.03
541.62 296.74 21.03
573.26 303.17 21.03
603.64 313.02 21.03
632.06 326.27 21.03
657.88 342.94 21.03
680.48 362.95 21.03
699.34 386.16 21.03
714.01 412.26 21.03
724.14 440.84 21.03
729.51 471.36 21.03
762.13 498.70 21.03
758.04 531.35 21.03
749.74 564.05 21.03
737.42 596.26 21.03
721.31 627.43 21.03
701.71 657.00 21.03
678.97 684.38 21.03
653.47 708.93 21.03
595.89 746.98 21.03
564.74 759.30 21.03
532.67 766.55 21.03
500.20 768.50 21.03
467.86 765.17 21.03
436.18 756.79 21.03
405.68 743.76 21.03
376.89 726.61 21.03
350.29 705.91 21.03
326.31 682.20 21.03
305.37 655.99 21.03
287.80 627.72 21.03
273.87 597.79 21.03
263.78 566.60 21.03
255.59 502.05 21.03
257.54 469.63 21.03
263.46 437.80 21.03
273.22 407.13 21.03
286.67 378.22 21.03
303.60 351.65 21.03
323.75 327.95 21.03
346.84 307.58 21.03
372.54 290.85 21.03
400.47 277.93 21.03
430.22 268.83 21.03
461.35 263.41 21.03
493.37 261.45 21.03
525.78 262.70 21.03
558.04 266.97 21.03
589.63 274.15 21.03
619.99 284.23 21.03
648.59 297.25 21.03
674.91 313.27 21.03
698.48 332.32 21.03
718.86 354.32 21.03
735.66 379.10 21.03
748.58 406.35 21.03
757.38 435.68 21.03
761.92 466.64 21.03
794.26 494.30 21.03
790.37 527.05 21.03
782.70 559.88 21.03
771.39 592.37 21.03
756.62 624.12 21.03
738.62 654.72 21.03
717.65 683.73 21.03
693.99 710.69 21.03
667.96 735.08 21.03
639.89 756.36 21.03
610.14 773.99 21.03
579.08 787.46 21.03
547.10 796.37 21.03
514.60 800.44 21.03
482.00 799.63 21.03
449.72 794.03 21.03
418.19 783.97 21.03
387.84 769.87 21.03
359.06 752.22 21.03
332.25 731.52 21.03
307.78 708.22 21.03
285.96 682.72 21.03
267.10 655.35 21.03
251.41 626.40 21.03
239.09 596.12 21.03
230.28 564.79 21.03
225.04 532.70 21.03
223.41 500.19 21.03
225.37 467.63 21.03
230.86 435.45 21.03
239.79 404.11 21.03
252.03 374.11 21.03
267.43 345.95 21.03
285.82 320.13 21.03
306.97 297.09 21.03
330.67 277.21 21.03
356.64 260.74 21.03
384.59 247.82 21.03
414.21 238.42 21.03
445.14 232.40 21.03
477.02 229.53 21.03
509.44 229.54 21.03
541.99 232.22 21.03
574.25 237.41 21.03
605.77 245.06 21.03
636.13 255.22 21.03
664.90 267.98 21.03
691.65 283.45 21.03
715.99 301.70 21.03
737.57 322.72 21.03
756.05 346.38 21.03
771.15 372.48 21.03
782.65 400.71 21.03
790.39 430.70 21.03
794.27 462.04 21.03
826.38 490.29 21.03
822.75 522.58 21.03
815.79 554.93 21.03
805.61 587.02 21.03
792.34 618.58 21.03
776.16 649.31 21.03
757.26 678.92 21.03
735.85 707.10 21.03
712.16 733.49 21.03
686.43 757.68 21.03
658.91 779.25 21.03
629.88 797.74 21.03
599.62 812.69 21.03
568.42 823.70 21.03
536.59 830.48 21.03
504.44 832.87 21.03
472.30 830.87 21.03
440.50 824.63 21.03
409.36 814.46 21.03
379.23 800.75 21.03
350.42 783.94 21.03
323.25 764.46 21.03
298.00 742.68 21.03
274.96 718.94 21.03
254.37 693.48 21.03
236.43 666.52 21.03
221.33 638.23 21.03
209.20 608.76 21.03
200.14 578.30 21.03
194.22 547.05 21.03
191.44 515.23 21.03
191.82 483.12 21.03
195.30 451.03 21.03
201.82 419.31 21.03
211.31 388.34 21.03
223.65 358.52 21.03
238.74 330.27 21.03
256.42 304.01 21.03
276.55 280.14 21.03
298.96 259.01 21.03
323.45 240.88 21.03
349.83 225.94 21.03
377.85 214.23 21.03
407.27 205.69 21.03
437.83 200.15 21.03
469.22 197.38 21.03
501.14 197.11 21.03
533.28 199.12 21.03
565.31 203.24 21.03
596.88 209.39 21.03
627.66 217.62 21.03
657.31 228.02 21.03
685.49 240.73 21.03
711.87 255.88 21.03
736.15 273.56 21.03
758.03 293.76 21.03
777.25 316.42 21.03
793.57 341.36 21.03
806.79 368.33 21.03
816.77 397.06 21.03
823.40 427.19 21.03
826.61 458.38 21.03
858.51 486.98 21.03
855.01 519.36 21.03
848.44 551.74 21.03
838.90 583.88 21.03
826.51 615.56 21.03
811.40 646.56 21.03
793.73 676.69 21.03
773.68 705.71 21.03
751.42 733.37 21.03
727.15 759.40 21.03
701.07 783.45 21.03
673.39 805.15 21.03
644.33 824.09 21.03
614.12 839.84 21.03
583.01 852.01 21.03
551.23 860.30 21.03
519.06 864.50 21.03
486.75 864.54 21.03
454.58 860.51 21.03
422.83 852.64 21.03
391.77 841.27 21.03
361.68 826.80 21.03
332.84 809.63 21.03
305.51 790.15 21.03
279.94 768.69 21.03
256.36 745.51 21.03
216.01 694.74 21.03
199.59 667.41 21.03
185.84 638.90 21.03
174.88 609.34 21.03
166.76 578.85 21.03
161.52 547.59 21.03
159.17 515.75 21.03
159.69 483.56 21.03
163.04 451.27 21.03
169.17 419.18 21.03
178.00 387.61 21.03
189.45 356.90 21.03
203.42 327.41 21.03
219.82 299.53 21.03
238.51 273.61 21.03
259.38 250.03 21.03
282.28 229.08 21.03
307.05 211.02 21.03
333.53 196.00 21.03
361.53 184.07 21.03
390.84 175.17 21.03
421.24 169.14 21.03
452.49 165.73 21.03
484.35 164.68 21.03
516.55 165.72 21.03
548.83 168.66 21.03
580.90 173.38 21.03
612.48 179.88 21.03
643.28 188.21 21.03
673.02 198.53 21.03
701.41 211.01 21.03
728.18 225.79 21.03
753.07 242.97 21.03
775.81 262.58 21.03
796.18 284.58 21.03
813.96 308.81 21.03
828.98 335.08 21.03
841.08 363.12 21.03
850.14 392.64 21.03
856.09 423.33 21.03
858.88 454.88 21.03
890.63 484.60 21.03
887.24 517.04 21.03
881.01 549.41 21.03
872.02 581.53 21.03
860.37 613.21 21.03
846.19 644.30 21.03
829.60 674.64 21.03
810.74 704.08 21.03
789.78 732.46 21.03
742.13 785.25 21.03
715.79 809.13 21.03
687.99 830.91 21.03
658.93 850.22 21.03
628.80 866.67 21.03
597.78 879.87 21.03
566.10 889.49 21.03
533.95 895.30 21.03
501.58 897.19 21.03
469.19 895.17 21.03
437.03 889.40 21.03
405.33 880.17 21.03
374.34 867.82 21.03
344.28 852.75 21.03
315.40 835.35 21.03
287.91 815.96 21.03
262.04 794.87 21.03
237.99 772.28 21.03
215.95 748.35 21.03
196.08 723.16 21.03
178.54 696.78 21.03
163.43 669.26 21.03
150.86 640.66 21.03
140.89 611.05 21.03
133.57 580.55 21.03
128.92 549.29 21.03
126.92 517.43 21.03
127.57 485.16 21.03
130.81 452.72 21.03
136.60 420.33 21.03
144.87 388.28 21.03
155.55 356.85 21.03
168.58 326.35 21.03
201.28 269.48 21.03
220.77 243.79 21.03
242.22 220.35 21.03
265.50 199.47 21.03
290.49 181.37 21.03
317.03 166.19 21.03
344.99 153.99 21.03
374.18 144.71 21.03
404.42 138.20 21.03
467.27 132.52 21.03
499.45 132.79 21.03
531.83 134.81 21.03
564.19 138.42 21.03
596.28 143.55 21.03
627.86 150.25 21.03
658.69 158.63 21.03
688.52 168.86 21.03
717.12 181.14 21.03
744.23 195.62 21.03
769.64 212.43 21.03
793.12 231.60 21.03
814.47 253.09 21.03
833.49 276.78 21.03
850.02 302.49 21.03
863.90 329.99 21.03
875.03 359.00 21.03
883.31 389.25 21.03
888.69 420.45 21.03
891.12 452.33 21.03
922.76 483.31 21.03
919.46 515.80 21.03
913.51 548.15 21.03
904.99 580.21 21.03
893.99 611.82 21.03
880.61 642.86 21.03
864.97 673.24 21.03
847.18 702.83 21.03
827.36 731.54 21.03
805.66 759.26 21.03
782.21 785.84 21.03
757.14 811.08 21.03
730.60 834.75 21.03
702.73 856.56 21.03
673.70 876.17 21.03
643.64 893.21 21.03
612.75 907.31 21.03
581.17 918.13 21.03
549.10 925.40 21.03
516.72 928.97 21.03
484.23 928.79 21.03
451.81 924.96 21.03
419.68 917.69 21.03
388.04 907.31 21.03
357.09 894.17 21.03
327.04 878.67 21.03
298.10 861.15 21.03
270.46 841.94 21.03
244.32 821.26 21.03
219.84 799.28 21.03
197.21 776.11 21.03
176.57 751.79 21.03
158.05 726.35 21.03
141.77 699.81 21.03
127.82 672.18 21.03
116.27 643.51 21.03
107.17 613.86 21.03
100.54 583.34 21.03
96.38 552.05 21.03
94.69 520.16 21.03
95.44 487.83 21.03
98.59 455.25 21.03
104.09 422.63 21.03
111.88 390.20 21.03
121.91 358.21 21.03
134.10 326.91 21.03
148.39 296.58 21.03
164.71 267.53 21.03
182.98 240.07 21.03
203.11 214.49 21.03
225.02 191.11 21.03
248.60 170.19 21.03
273.74 151.95 21.03
300.33 136.54 21.03
328.23 124.01 21.03
357.31 114.33 21.03
387.39 107.35 21.03
418.33 102.85 21.03
449.94 100.56 21.03
482.04 100.19 21.03
514.45 101.47 21.03
546.96 104.20 21.03
579.36 108.27 21.03
611.46 113.67 21.03
643.05 120.49 21.03
673.91 128.87 21.03
703.83 139.03 21.03
732.60 151.16 21.03
760.03 165.44 21.03
785.90 181.98 21.03
810.02 200.83 21.03
832.21 221.96 21.03
852.29 245.26 21.03
870.12 270.56 21.03
885.54 297.64 21.03
898.44 326.26 21.03
908.73 356.16 21.03
916.34 387.07 21.03
921.22 418.73 21.03
923.35 450.89 21.03
954.88 483.22 21.03
951.71 515.37 21.03
946.12 547.32 21.03
938.18 578.95 21.03
927.95 610.12 21.03
915.53 640.75 21.03
901.02 670.74 21.03
884.51 700.03 21.03
866.11 728.57 21.03
845.93 756.28 21.03
824.08 783.10 21.03
800.67 808.92 21.03
775.80 833.60 21.03
749.61 856.96 21.03
722.20 878.76 21.03
693.71 898.71 21.03
664.26 916.48 21.03
633.98 931.71 21.03
603.02 944.08 21.03
571.51 953.29 21.03
539.62 959.12 21.03
507.49 961.45 21.03
475.29 960.30 21.03
443.19 955.79 21.03
411.36 948.14 21.03
379.97 937.68 21.03
349.20 924.74 21.03
319.21 909.70 21.03
290.19 892.89 21.03
262.30 874.58 21.03
235.71 855.00 21.03
210.59 834.27 21.03
187.06 812.49 21.03
165.29 789.68 21.03
145.38 765.84 21.03
127.45 740.95 21.03
111.60 715.02 21.03
97.89 688.03 21.03
86.38 660.03 21.03
70.11 601.19 21.03
65.37 570.55 21.03
62.88 539.24 21.03
62.62 507.42 21.03
68.65 442.85 21.03
74.84 410.45 21.03
83.10 378.22 21.03
93.35 346.38 21.03
105.56 315.13 21.03
119.65 284.71 21.03
135.58 255.37 21.03
153.28 227.38 21.03
172.68 201.01 21.03
193.72 176.55 21.03
216.32 154.25 21.03
240.40 134.36 21.03
265.85 117.06 21.03
292.58 102.46 21.03
320.48 90.61 21.03
349.43 81.46 21.03
379.29 74.84 21.03
441.19 68.32 21.03
472.93 67.85 21.03
504.99 68.88 21.03
537.20 71.19 21.03
569.39 74.66 21.03
601.40 79.25 21.03
633.04 85.01 21.03
664.14 92.09 21.03
694.52 100.69 21.03
724.01 111.00 21.03
752.43 123.24 21.03
779.61 137.57 21.03
805.37 154.08 21.03
851.99 193.74 21.03
872.54 216.73 21.03
891.07 241.64 21.03
907.43 268.26 21.03
921.54 296.38 21.03
933.28 325.75 21.03
942.60 356.13 21.03
949.44 387.29 21.03
953.77 418.99 21.03
