0.085235 0.722964 0.004139
0.089121 0.723111 0.004111
0.092651 0.722590 0.004056
0.096737 0.722188 0.004087
0.099567 0.722253 0.004097
0.104128 0.722316 0.003938
0.107536 0.722256 0.004075
0.111915 0.723239 0.004077
0.115505 0.722695 0.004082
0.119897 0.723035 0.004142
0.123155 0.722396 0.004055
0.126969 0.722981 0.004150
0.130834 0.722864 0.004142
0.134799 0.723008 0.004149
0.138207 0.722410 0.004138
0.141661 0.722582 0.004186
0.145558 0.722329 0.004244
0.149917 0.722102 0.004111
0.154163 0.722230 0.004074
0.157023 0.722589 0.004142
0.161440 0.722491 0.004249
0.164421 0.722315 0.004125
0.169021 0.722368 0.004110
0.172389 0.722956 0.004084
0.176347 0.722824 0.004058
0.180656 0.722931 0.004057
0.184800 0.722818 0.004296
0.187649 0.722660 0.004080
0.195037 0.722652 0.004108
0.199320 0.722564 0.004168
0.202928 0.722716 0.004057
0.206603 0.722898 0.004079
0.210239 0.722344 0.004119
0.214336 0.722540 0.004172
0.217965 0.722272 0.004048
0.222418 0.722700 0.004135
0.225683 0.722557 0.004232
0.230162 0.723147 0.004065
0.233768 0.722285 0.004052
0.237536 0.722657 0.004143
0.241143 0.723252 0.004167
0.244349 0.723399 0.004100
0.029509 0.263066 0.015720
0.042394 0.262648 0.015907
0.056151 0.268540 0.016058
0.067890 0.273433 0.016099
0.085864 0.277828 0.015900
0.101120 0.284118 0.016064
0.113286 0.288180 0.016163
0.126646 0.287283 0.016163
0.144250 0.293579 0.016193
0.158858 0.296819 0.016137
0.175665 0.307283 0.016350
0.188903 0.310344 0.015922
0.202203 0.309223 0.016315
0.217585 0.317514 0.016291
0.233619 0.317006 0.016190
0.248823 0.324414 0.016340
0.260766 0.326739 0.016025
0.279221 0.337086 0.016269
0.295152 0.337025 0.016267
0.305658 0.342719 0.015899
0.335027 0.350101 0.015915
0.350987 0.353113 0.016101
0.362054 0.355568 0.015969
0.383538 0.361187 0.016026
0.399665 0.364882 0.015986
0.412114 0.370287 0.016244
0.426298 0.376924 0.016221
0.439728 0.372954 0.016288
0.449387 0.384636 0.016250
0.472781 0.386379 0.015980
0.484583 0.391966 0.016053
0.500439 0.394062 0.016136
0.513738 0.398049 0.016184
0.529727 0.399181 0.016066
0.543304 0.404972 0.016072
0.563817 0.410896 0.016117
0.575992 0.416348 0.016268
0.584572 0.416233 0.015974
0.600655 0.420987 0.016338
0.618251 0.427798 0.016073
0.631392 0.431491 0.016160
0.650120 0.433792 0.016075
0.663758 0.436907 0.016194
0.680871 0.445508 0.016288
0.695593 0.451283 0.016352
0.708124 0.453471 0.016053
0.724242 0.457518 0.016149
0.028965 0.237597 0.016249
0.040592 0.235713 0.016147
0.053911 0.243534 0.015886
0.071871 0.247838 0.016379
0.085850 0.252776 0.016108
0.098136 0.253997 0.016292
0.117054 0.258569 0.016125
0.132221 0.265923 0.016525
0.150147 0.269050 0.016065
0.160624 0.272897 0.016237
0.172588 0.278383 0.016379
0.187574 0.282356 0.016213
0.205914 0.287278 0.015882
0.215494 0.284966 0.016146
0.231806 0.295001 0.015993
0.247196 0.299284 0.016243
0.265343 0.306243 0.016021
0.276210 0.307625 0.015946
0.291882 0.305925 0.016107
0.307884 0.320125 0.016441
0.322314 0.319847 0.016475
0.339245 0.321312 0.016086
0.355590 0.324744 0.016255
0.368400 0.329131 0.016224
0.380339 0.331838 0.015939
0.397434 0.338931 0.016188
0.411960 0.343510 0.015997
0.427003 0.348380 0.016218
0.442448 0.354800 0.016288
0.453511 0.353997 0.016124
0.471413 0.360265 0.016239
0.486233 0.359488 0.016316
0.520935 0.371144 0.016035
0.528274 0.376390 0.016040
0.546083 0.377605 0.016080
0.555907 0.381080 0.016387
0.573895 0.388186 0.016178
0.588768 0.392614 0.016284
0.602002 0.397675 0.016174
0.620885 0.401125 0.016084
0.632189 0.404758 0.016181
0.648935 0.409889 0.016207
0.664334 0.415424 0.015949
0.678889 0.420352 0.016013
0.693308 0.418851 0.016117
0.707322 0.424750 0.015950
0.724187 0.430883 0.016049
0.738121 0.432268 0.016036
0.029847 0.210329 0.016301
0.041613 0.212052 0.016076
0.056582 0.209242 0.016435
0.064663 0.223059 0.015968
0.084081 0.224019 0.016086
0.100824 0.230810 0.016098
0.115200 0.230516 0.016242
0.131818 0.237722 0.015837
0.146078 0.242300 0.016267
0.157405 0.245595 0.016241
0.175889 0.246026 0.016153
0.189461 0.257165 0.016153
0.204733 0.255590 0.015882
0.216286 0.259224 0.016154
0.234399 0.266689 0.016009
0.249549 0.272127 0.016254
0.262885 0.271952 0.016042
0.281638 0.279761 0.016046
0.290280 0.283293 0.015985
0.307836 0.287580 0.016071
0.322475 0.291186 0.016205
0.338049 0.300116 0.016309
0.351757 0.298131 0.016167
0.370642 0.305048 0.016077
0.383718 0.305482 0.016230
0.399583 0.310246 0.015979
0.414617 0.311917 0.016346
0.425624 0.320365 0.016093
0.443932 0.324079 0.015948
0.457590 0.329075 0.016030
0.472783 0.334337 0.016137
0.485073 0.335251 0.016102
0.504323 0.344365 0.016106
0.512042 0.344538 0.016261
0.544976 0.353438 0.016132
0.561506 0.357449 0.016039
0.577828 0.364475 0.015892
0.591921 0.366227 0.015963
0.602851 0.368863 0.016123
0.619477 0.373495 0.016069
0.636258 0.378082 0.016026
0.648298 0.380855 0.016170
0.661156 0.385376 0.015952
0.676524 0.388874 0.016012
0.688306 0.395761 0.016045
0.710069 0.399835 0.016429
0.026305 0.181409 0.015972
0.043579 0.184568 0.015898
0.057061 0.193047 0.015981
0.073969 0.193113 0.016171
0.082993 0.196354 0.016119
0.098605 0.201303 0.016406
0.115041 0.205566 0.016409
0.133854 0.210651 0.016229
0.146340 0.212204 0.016036
0.160063 0.216722 0.016259
0.175482 0.224312 0.016056
0.190496 0.227158 0.016242
0.204574 0.228968 0.015862
0.218605 0.236071 0.016036
0.230583 0.237047 0.016215
0.249979 0.244744 0.016263
0.267145 0.247613 0.016046
0.277605 0.250777 0.015968
0.294838 0.255853 0.016354
0.310981 0.260834 0.015962
0.324222 0.264075 0.015970
0.334749 0.267146 0.016242
0.355120 0.274921 0.016008
0.369352 0.280631 0.016223
0.383145 0.280023 0.016265
0.397890 0.282974 0.016141
0.415562 0.290889 0.016079
0.426114 0.290810 0.016020
0.442191 0.297719 0.015938
0.460045 0.301614 0.016209
0.475045 0.307614 0.016239
0.485830 0.307788 0.016024
0.500129 0.313350 0.015936
0.515043 0.316130 0.016033
0.532901 0.322306 0.016103
0.543310 0.325957 0.016058
0.560131 0.330510 0.016106
0.573700 0.331620 0.016006
0.588638 0.337528 0.016068
0.607619 0.336490 0.016365
0.622391 0.342439 0.016063
0.636173 0.352031 0.016176
0.646333 0.351327 0.016440
0.662809 0.359521 0.016179
0.677326 0.361121 0.015939
0.693790 0.364116 0.016042
0.704752 0.370536 0.016021
0.724117 0.372580 0.016275
0.022514 0.149632 0.016149
0.044256 0.157523 0.016054
0.060378 0.162373 0.016018
0.070099 0.166046 0.016112
0.088463 0.168330 0.016389
0.107370 0.177294 0.016247
0.115842 0.175902 0.015974
0.130206 0.183296 0.015934
0.145360 0.186452 0.016225
0.161658 0.190700 0.016005
0.177473 0.194645 0.016056
0.193808 0.202365 0.015959
0.202283 0.199669 0.016450
0.220628 0.209291 0.016173
0.234248 0.214569 0.016127
0.247166 0.214356 0.016203
0.260853 0.215627 0.016059
0.282649 0.224299 0.016159
0.292520 0.227813 0.016132
0.306367 0.231755 0.016066
0.320729 0.235138 0.016374
0.334263 0.237812 0.016088
0.353693 0.247404 0.016158
0.367584 0.251030 0.016252
0.383247 0.254484 0.016289
0.401512 0.260156 0.016192
0.414441 0.263694 0.016187
0.428477 0.265456 0.016164
0.440792 0.268642 0.016217
0.453987 0.275264 0.016407
0.471544 0.276284 0.016048
0.493183 0.281765 0.015985
0.503543 0.282163 0.016245
0.530319 0.294151 0.016377
0.547770 0.296711 0.016066
0.565545 0.309951 0.016188
0.574282 0.303305 0.016250
0.591384 0.311509 0.016166
0.605464 0.313368 0.015897
0.621456 0.316375 0.016417
0.635808 0.322858 0.016067
0.653284 0.329084 0.016091
0.665739 0.328706 0.016111
0.678423 0.335669 0.016136
0.697025 0.343673 0.016176
0.708903 0.346518 0.015970
0.721594 0.346859 0.015874
0.738789 0.355239 0.015969
0.757018 0.359172 0.016049
0.030769 0.126274 0.016077
0.042594 0.128558 0.015945
0.057256 0.137971 0.016166
0.073842 0.138745 0.015773
0.083690 0.139695 0.015947
0.107396 0.150043 0.015973
0.116283 0.153424 0.016150
0.135238 0.157923 0.016166
0.142813 0.158918 0.015812
0.160170 0.164777 0.016013
0.177816 0.167580 0.016408
0.192531 0.172012 0.015953
0.206177 0.178291 0.015783
0.220378 0.182485 0.016064
0.235469 0.183571 0.016405
0.251124 0.192563 0.016055
0.264562 0.194009 0.015990
0.279336 0.198750 0.016068
0.295955 0.201130 0.016145
0.310991 0.204770 0.016141
0.325163 0.211058 0.016101
0.337870 0.217070 0.016361
0.353489 0.218099 0.015973
0.370186 0.219528 0.016163
0.383713 0.227449 0.016101
0.400210 0.229761 0.016105
0.415652 0.235130 0.016120
0.427936 0.241101 0.016229
0.441680 0.241232 0.016006
0.459478 0.246475 0.016082
0.473838 0.252397 0.016117
0.487485 0.255448 0.015944
0.500183 0.256874 0.015876
0.530364 0.271077 0.016047
0.545162 0.269961 0.016219
0.561763 0.275828 0.016233
0.577003 0.280621 0.016158
0.589476 0.285248 0.016143
0.608067 0.287586 0.016406
0.619471 0.292310 0.016371
0.637980 0.297031 0.016241
0.025452 0.100385 0.015962
0.043126 0.105627 0.016308
0.057741 0.109810 0.016136
0.076896 0.113920 0.016405
0.085857 0.116182 0.015956
0.116607 0.125830 0.016155
0.133242 0.133021 0.016050
0.148146 0.132238 0.016063
0.165054 0.142383 0.016154
0.175061 0.138083 0.016003
0.189408 0.142957 0.016073
0.204940 0.148864 0.016035
0.221881 0.156071 0.015712
0.241605 0.158204 0.015921
0.252414 0.166328 0.016015
0.265620 0.163695 0.015996
0.278799 0.161157 0.016141
0.293049 0.176658 0.016265
0.309853 0.172750 0.016018
0.325496 0.183263 0.016230
0.337519 0.187411 0.016214
0.355855 0.190362 0.015980
0.365952 0.196759 0.016209
0.387877 0.203447 0.015992
0.396819 0.201728 0.016136
0.415606 0.206590 0.016416
0.427680 0.213794 0.016145
0.443274 0.215241 0.016077
0.456638 0.217702 0.015949
0.470358 0.226525 0.016075
0.488908 0.230191 0.015913
0.500313 0.232229 0.016339
0.518007 0.238396 0.016043
0.527524 0.239568 0.016319
0.560891 0.251501 0.015893
0.579564 0.255145 0.015986
0.593172 0.261507 0.015891
0.606524 0.263342 0.016008
0.625151 0.267078 0.015977
0.637927 0.269655 0.016069
0.650468 0.278063 0.016250
0.664228 0.278400 0.016259
0.681285 0.281456 0.016421
0.695987 0.287942 0.016287
0.710717 0.289892 0.015923
0.724548 0.296661 0.016293
0.027825 0.073376 0.016267
0.042099 0.078545 0.016079
0.058180 0.082840 0.015922
0.075708 0.087376 0.016205
0.088569 0.092969 0.016185
0.099954 0.092337 0.016049
0.114189 0.098416 0.016221
0.131718 0.105117 0.015963
0.149652 0.106184 0.015935
0.164031 0.109628 0.016108
0.175634 0.115444 0.015953
0.193335 0.119809 0.016323
0.206536 0.117130 0.016132
0.234022 0.128069 0.016209
0.249686 0.134832 0.016266
0.267569 0.140748 0.016257
0.277670 0.140616 0.016221
0.299245 0.146332 0.016140
0.313738 0.151047 0.016675
0.327280 0.154756 0.016124
0.339979 0.159517 0.016262
0.357303 0.162416 0.016051
0.369516 0.170075 0.016323
0.387192 0.176292 0.016438
0.402221 0.178518 0.016049
0.412796 0.175449 0.016206
0.427366 0.184215 0.016199
0.441463 0.191176 0.016128
0.457945 0.193544 0.016336
0.476675 0.200772 0.016226
0.487278 0.203369 0.016240
0.503997 0.203581 0.016063
0.517397 0.213110 0.016080
0.530866 0.213492 0.016076
0.550015 0.217697 0.016209
0.563805 0.222138 0.016109
0.577315 0.225893 0.016286
0.591701 0.228734 0.016033
0.605042 0.233766 0.015960
0.619159 0.241498 0.015813
0.635154 0.242057 0.016330
0.648765 0.247252 0.016506
0.668636 0.252158 0.016263
0.682451 0.253799 0.016147
0.695921 0.260274 0.015904
0.029181 0.048213 0.016053
0.049764 0.056528 0.016005
0.059367 0.056017 0.016277
0.074812 0.057028 0.016239
0.092002 0.062253 0.016335
0.104568 0.065300 0.016047
0.118570 0.070069 0.016100
0.148942 0.079198 0.016060
0.164758 0.082508 0.016324
0.174353 0.086551 0.016120
0.195493 0.091300 0.015961
0.207794 0.094502 0.016219
0.222103 0.100935 0.016092
0.238572 0.101919 0.016214
0.256026 0.108085 0.016275
0.263161 0.112776 0.015847
0.286671 0.120175 0.016168
0.294594 0.119461 0.016265
0.327370 0.130342 0.015859
0.341944 0.135075 0.016091
0.356147 0.137048 0.016419
0.370409 0.142010 0.016369
0.380628 0.145390 0.016206
0.399425 0.153818 0.016256
0.413991 0.153366 0.016014
0.429341 0.157159 0.016208
0.444151 0.160134 0.016151
0.460595 0.168539 0.016275
0.476098 0.169760 0.015807
0.485605 0.169523 0.016145
0.500113 0.176259 0.016194
0.518872 0.184133 0.016084
0.533438 0.183393 0.016119
0.548777 0.189754 0.016131
0.560783 0.196519 0.016086
0.580679 0.201557 0.015978
0.594635 0.204727 0.016174
0.610929 0.208942 0.016201
0.621896 0.212771 0.016319
0.633494 0.216797 0.016227
0.650673 0.217113 0.016438
0.679702 0.227702 0.016170
0.694303 0.233191 0.016155
0.714422 0.233945 0.016344
0.728925 0.243061 0.016027
0.742616 0.246887 0.015914
0.031465 0.019077 0.015917
0.046700 0.019941 0.016223
0.061335 0.028734 0.016070
0.074519 0.034191 0.015928
0.089749 0.038194 0.016017
0.100545 0.043193 0.016347
0.118669 0.043379 0.015977
0.132295 0.048455 0.016133
0.149231 0.054284 0.016250
0.164460 0.056705 0.016018
0.177617 0.059061 0.016176
0.195506 0.066175 0.016153
0.209243 0.066680 0.016219
0.224021 0.073572 0.016123
0.255647 0.083991 0.016053
0.268671 0.085924 0.016011
0.283937 0.090320 0.016203
0.296088 0.092449 0.016234
0.314223 0.099859 0.016039
0.327912 0.102075 0.016109
0.341516 0.107645 0.016436
0.354670 0.110622 0.016223
0.371762 0.117851 0.016193
0.387731 0.117780 0.016021
0.402583 0.124697 0.016162
0.413994 0.127835 0.016204
0.431033 0.134077 0.015976
0.447823 0.135896 0.015985
0.460520 0.138720 0.016087
0.475942 0.145165 0.016222
0.492591 0.144748 0.016119
0.510964 0.157385 0.015944
0.516789 0.154527 0.016131
0.535657 0.161610 0.016002
0.549783 0.166840 0.016450
0.563894 0.168165 0.016277
0.580753 0.172476 0.016381
0.593752 0.177577 0.016297
0.611786 0.179675 0.015727
0.622791 0.187325 0.016193
0.640307 0.191165 0.016276
0.653892 0.196479 0.016130
0.666227 0.198403 0.016012
0.678698 0.199171 0.016096
0.699711 0.207440 0.016078
0.709919 0.209696 0.016081
0.729764 0.220193 0.016239
0.743044 0.218129 0.015893
0.759250 0.221177 0.016023
0.073785 0.525756 0.009826
0.088966 0.529714 0.009843
0.098852 0.527435 0.011449
0.108952 0.529760 0.010936
0.116791 0.533354 0.011698
0.129832 0.535166 0.011471
0.138950 0.533182 0.010959
0.146201 0.531828 0.010525
0.158653 0.531837 0.011274
0.166224 0.532737 0.011272
0.175545 0.534258 0.011070
0.184540 0.532978 0.012288
0.195145 0.536271 0.010990
0.203539 0.533536 0.010044
0.215691 0.532141 0.011185
0.222627 0.530502 0.011404
0.233126 0.528911 0.011375
0.244112 0.528450 0.010307
0.252080 0.529118 0.009928
0.259723 0.528432 0.011694
0.272059 0.523946 0.010538
0.279646 0.525965 0.010528
0.290784 0.522785 0.010086
0.300039 0.521434 0.011052
0.309044 0.519519 0.009645
0.317475 0.515656 0.011156
0.327168 0.515982 0.012009
0.336013 0.516836 0.010787
0.345371 0.515588 0.011015
0.356251 0.509581 0.010707
0.365627 0.511200 0.010993
0.376224 0.511805 0.010561
0.384853 0.508351 0.011047
0.394541 0.505556 0.011888
0.402224 0.502880 0.010988
0.414832 0.504987 0.012126
0.423123 0.504144 0.011997
0.430688 0.502118 0.010341
0.441376 0.499801 0.011101
0.450852 0.500959 0.010420
0.460980 0.501359 0.011075
0.470967 0.498058 0.010888
0.480942 0.497611 0.012004
0.069802 0.507586 0.011018
0.080689 0.507518 0.010903
0.088821 0.510458 0.011086
0.099371 0.512599 0.011250
0.107085 0.512841 0.009679
0.117939 0.514529 0.009799
0.126234 0.514540 0.010435
0.136013 0.511535 0.010781
0.145662 0.513806 0.011139
0.154167 0.514183 0.010936
0.164729 0.515449 0.010764
0.174121 0.513847 0.010357
0.184320 0.514260 0.010259
0.191027 0.515632 0.011370
0.201449 0.511520 0.010826
0.211215 0.512244 0.010524
0.219815 0.514529 0.010991
0.232860 0.512095 0.010199
0.238818 0.508833 0.008843
0.249320 0.510745 0.010512
0.258964 0.508931 0.010699
0.270084 0.507380 0.010050
0.278824 0.504342 0.011513
0.288696 0.503989 0.010290
0.296556 0.503716 0.011527
0.307134 0.499803 0.010639
0.315115 0.498457 0.011467
0.326079 0.497862 0.011432
0.335614 0.496132 0.011478
0.344836 0.497578 0.011407
0.351530 0.490836 0.010626
0.365278 0.492251 0.010818
0.373656 0.490363 0.010367
0.383157 0.491485 0.011735
0.392736 0.487176 0.010371
0.401334 0.486250 0.011485
0.410770 0.485886 0.011846
0.420069 0.483423 0.011954
0.431108 0.483585 0.011244
0.438139 0.484087 0.011082
0.449201 0.479880 0.011524
0.458661 0.479112 0.010836
0.468876 0.480916 0.011010
0.478079 0.478514 0.011137
0.487122 0.478621 0.011374
0.497540 0.477899 0.011066
0.506909 0.479699 0.011845
0.515628 0.479997 0.011447
0.525167 0.480840 0.010618
0.534340 0.481051 0.010360
0.067231 0.489192 0.010747
0.074983 0.490115 0.010405
0.083805 0.491560 0.009769
0.094767 0.494137 0.010034
0.103981 0.493977 0.010051
0.112886 0.495321 0.009828
0.122458 0.492943 0.010085
0.132355 0.497410 0.010387
0.141901 0.496186 0.010852
0.151231 0.492483 0.012468
0.160226 0.494090 0.011125
0.170061 0.495191 0.010507
0.180875 0.494951 0.011291
0.190658 0.495840 0.009812
0.198609 0.493647 0.011519
0.207039 0.495658 0.011261
0.217939 0.495654 0.010138
0.226535 0.493390 0.010546
0.238549 0.492912 0.010541
0.244760 0.492525 0.010389
0.255258 0.488454 0.010991
0.266265 0.488343 0.011408
0.276234 0.488634 0.010717
0.284076 0.485090 0.011045
0.293766 0.485085 0.010824
0.301443 0.481887 0.011280
0.312430 0.481074 0.010216
0.320361 0.480295 0.010141
0.333686 0.477368 0.010827
0.341864 0.475694 0.010966
0.354658 0.474405 0.011508
0.359858 0.472698 0.011086
0.368121 0.473984 0.011763
0.378571 0.470824 0.010894
0.385993 0.466056 0.011945
0.398302 0.467790 0.010626
0.409600 0.467775 0.011024
0.417001 0.462281 0.010981
0.426348 0.464443 0.010656
0.436956 0.462371 0.011104
0.445017 0.458986 0.011381
0.456218 0.463199 0.011189
0.463228 0.460690 0.010975
0.472841 0.457402 0.010797
0.062766 0.470345 0.011755
0.072622 0.471098 0.010262
0.081962 0.471590 0.011034
0.091043 0.472622 0.011255
0.102536 0.473598 0.011541
0.111896 0.476424 0.010545
0.121624 0.475585 0.011162
0.131479 0.477449 0.010191
0.139791 0.479202 0.010344
0.147574 0.475054 0.010112
0.158974 0.474940 0.011541
0.168885 0.479028 0.011156
0.178560 0.475593 0.011037
0.188062 0.476052 0.011519
0.196014 0.475942 0.010948
0.206334 0.475972 0.010509
0.215250 0.476044 0.010128
0.226528 0.474453 0.011798
0.233654 0.470340 0.011744
0.242535 0.473040 0.010871
0.252490 0.469961 0.010214
0.263204 0.472048 0.010551
0.274153 0.466729 0.011926
0.283388 0.467984 0.011464
0.290408 0.463528 0.010883
0.300947 0.463859 0.010069
0.310469 0.463470 0.011120
0.320654 0.460378 0.012160
0.329485 0.458424 0.011363
0.336096 0.457734 0.010817
0.347771 0.453309 0.011676
0.356892 0.456753 0.010374
0.367996 0.450225 0.011991
0.376476 0.450461 0.009980
0.385949 0.451893 0.010037
0.395619 0.451837 0.011847
0.405423 0.448891 0.010555
0.413989 0.445039 0.010316
0.424007 0.445551 0.010324
0.433859 0.445674 0.011371
0.442143 0.441841 0.011078
0.451776 0.444601 0.010883
0.461747 0.443915 0.011391
0.473016 0.444861 0.011116
0.480919 0.441291 0.010192
0.490411 0.442488 0.010411
0.498269 0.442249 0.011272
0.510043 0.441357 0.011043
0.066797 0.451085 0.010958
0.075597 0.450891 0.010772
0.083729 0.453853 0.011583
0.093692 0.456127 0.011426
0.103815 0.455645 0.011283
0.113019 0.459298 0.011640
0.122084 0.458396 0.010149
0.130672 0.457306 0.010455
0.142269 0.458014 0.010779
0.150569 0.461006 0.009571
0.159927 0.458547 0.011434
0.167888 0.459012 0.010177
0.177601 0.458602 0.010232
0.188265 0.457124 0.010962
0.199429 0.457911 0.011019
0.205258 0.458532 0.011185
0.217614 0.457460 0.010774
0.227173 0.455357 0.012317
0.237607 0.454661 0.009372
0.244780 0.453414 0.010212
0.255121 0.453545 0.011364
0.265360 0.450344 0.010818
0.271729 0.450504 0.010713
0.281846 0.447926 0.011477
0.292282 0.449130 0.011517
0.300976 0.443463 0.010892
0.310835 0.442807 0.011212
0.321140 0.442729 0.012214
0.331602 0.439467 0.011163
0.339323 0.440108 0.010945
0.347395 0.438452 0.011399
0.359527 0.433858 0.011214
0.369065 0.434625 0.010493
0.378661 0.432983 0.008999
0.389497 0.431036 0.011030
0.397983 0.428395 0.010689
0.407056 0.430168 0.009530
0.426162 0.426763 0.010449
0.437992 0.426738 0.012252
0.070963 0.432503 0.011810
0.078894 0.433755 0.011372
0.087307 0.435417 0.010830
0.095492 0.438055 0.010484
0.108809 0.436322 0.010897
0.117411 0.437648 0.010823
0.126882 0.439275 0.010495
0.136582 0.439511 0.011377
0.145216 0.440033 0.009422
0.155356 0.438048 0.012025
0.174433 0.441306 0.011067
0.183890 0.439011 0.010342
0.193483 0.439605 0.011774
0.200724 0.437853 0.010688
0.211849 0.438866 0.010506
0.220270 0.437173 0.011562
0.229758 0.438569 0.010291
0.239557 0.437047 0.009704
0.250001 0.434524 0.009046
0.258369 0.432266 0.010847
0.267864 0.434961 0.010754
0.278132 0.429835 0.009014
0.286932 0.431536 0.011046
0.297628 0.427062 0.011883
0.307980 0.423358 0.012474
0.314601 0.424038 0.012219
0.326564 0.425945 0.011661
0.334359 0.421190 0.011073
0.343315 0.420785 0.010313
0.351770 0.418108 0.011797
0.364085 0.416492 0.010783
0.371810 0.416483 0.010240
0.382933 0.414700 0.011116
0.392723 0.412673 0.011123
0.402974 0.411032 0.010910
0.410573 0.409138 0.011538
0.418274 0.409483 0.011909
0.426986 0.411675 0.011536
0.440575 0.405742 0.010847
0.450755 0.404565 0.011225
0.175573 0.917161 0.010334
0.189141 0.920909 0.010448
0.201571 0.924302 0.010681
0.213989 0.926991 0.010068
0.227013 0.930414 0.010770
0.240247 0.933506 0.010529
0.253494 0.937657 0.010839
0.266754 0.938388 0.010410
0.279972 0.939865 0.010275
0.292837 0.942028 0.010374
0.305338 0.942989 0.010424
0.318228 0.943964 0.010337
0.330734 0.943051 0.010071
0.344805 0.942696 0.010462
0.359680 0.941525 0.010457
0.370790 0.939199 0.010668
0.383524 0.937222 0.010322
0.396370 0.934663 0.010521
0.409982 0.932620 0.010768
0.423717 0.929064 0.010541
0.436245 0.926481 0.010297
0.448360 0.923460 0.010190
0.460712 0.919258 0.010321
0.475809 0.915544 0.010479
0.487803 0.913072 0.010711
0.499965 0.910211 0.010257
0.514451 0.907319 0.010668
0.526656 0.903995 0.010532
0.539887 0.901379 0.010691
0.552806 0.898674 0.010169
0.566232 0.897916 0.010133
0.578725 0.895335 0.010395
0.591447 0.895234 0.010768
0.604265 0.894803 0.010414
0.617672 0.895122 0.010718
0.630500 0.896372 0.010133
0.644030 0.898230 0.010459
0.655979 0.898948 0.010600
0.670253 0.901670 0.010194
0.683255 0.903965 0.010112
0.695888 0.906217 0.010034
0.144708 0.890244 0.010530
0.157416 0.892215 0.010318
0.170595 0.896053 0.010516
0.183800 0.899495 0.010553
0.196578 0.903010 0.010491
0.209743 0.905652 0.010612
0.222444 0.909395 0.010664
0.236327 0.913660 0.010312
0.248626 0.914934 0.010334
0.261364 0.917847 0.010663
0.275340 0.919701 0.010690
0.287180 0.921154 0.010966
0.300330 0.923450 0.010438
0.313223 0.922918 0.010369
0.326345 0.922652 0.010411
0.339036 0.923354 0.010437
0.352102 0.922610 0.010314
0.365751 0.920268 0.010659
0.378407 0.920292 0.010374
0.391617 0.917099 0.010634
0.404358 0.913703 0.010439
0.418092 0.911074 0.010739
0.431175 0.908467 0.010410
0.443365 0.906054 0.010386
0.456485 0.902213 0.010793
0.469523 0.898477 0.010152
0.482324 0.896086 0.010364
0.495211 0.892047 0.010513
0.508651 0.888808 0.010589
0.522862 0.884984 0.010419
0.533139 0.883167 0.010429
0.547697 0.880402 0.010252
0.561727 0.878433 0.010283
0.573986 0.878322 0.010779
0.586683 0.875903 0.010307
0.600099 0.875714 0.010541
0.612847 0.876187 0.010540
0.626411 0.874932 0.010953
0.651543 0.878425 0.010234
0.665478 0.880552 0.010320
0.677688 0.883136 0.010781
0.691634 0.886630 0.010507
0.703909 0.888914 0.010325
0.715852 0.891740 0.010332
0.729268 0.895196 0.010382
0.127010 0.865496 0.010316
0.140843 0.868699 0.010855
0.153331 0.871269 0.010728
0.166105 0.874971 0.010234
0.179020 0.878531 0.010566
0.193200 0.882593 0.010559
0.205530 0.885406 0.010540
0.218850 0.888717 0.010439
0.231599 0.891624 0.010141
0.244234 0.894552 0.010616
0.256591 0.896544 0.010291
0.271022 0.900193 0.010279
0.282963 0.900651 0.010572
0.296641 0.902808 0.010733
0.309201 0.903395 0.010444
0.323422 0.903867 0.010386
0.336242 0.903566 0.010458
0.348542 0.902471 0.010737
0.361118 0.901368 0.010449
0.374595 0.900305 0.010293
0.387166 0.898905 0.010605
0.400296 0.896159 0.010495
0.414046 0.893074 0.010593
0.427170 0.889773 0.010676
0.440130 0.887028 0.010296
0.451811 0.883675 0.010424
0.465998 0.880409 0.010422
0.478982 0.876489 0.010600
0.491368 0.873984 0.010604
0.503997 0.871013 0.010329
0.517372 0.867467 0.010693
0.543913 0.861178 0.010311
0.556934 0.859868 0.010627
0.569027 0.858528 0.010646
0.581845 0.857174 0.010769
0.595348 0.856588 0.010030
0.607996 0.856679 0.010507
0.622382 0.855894 0.010681
0.634691 0.856309 0.010325
0.648437 0.859009 0.010404
0.660618 0.859225 0.009964
0.673758 0.863531 0.010323
0.686364 0.864542 0.010579
0.700118 0.867460 0.010587
0.714012 0.869858 0.010488
0.726908 0.874786 0.010583
0.738295 0.877608 0.010352
0.751250 0.880247 0.010726
0.118172 0.845315 0.010635
0.131719 0.846320 0.010807
0.145436 0.849440 0.010328
0.156959 0.853012 0.010446
0.171065 0.857645 0.010433
0.184525 0.860576 0.010935
0.196401 0.863755 0.010184
0.209944 0.866333 0.010868
0.223139 0.870161 0.010386
0.236174 0.874113 0.010313
0.248653 0.876022 0.010266
0.262009 0.878180 0.010392
0.274999 0.881257 0.010632
0.287719 0.881937 0.010902
0.299811 0.882829 0.010280
0.313505 0.884071 0.010573
0.326224 0.884376 0.010627
0.340031 0.885243 0.010403
0.353498 0.883043 0.010557
0.366184 0.881774 0.010201
0.379097 0.879852 0.010468
0.391299 0.877397 0.010089
0.405216 0.875088 0.010534
0.417990 0.871205 0.010621
0.430591 0.868735 0.010499
0.443538 0.867238 0.010644
0.456922 0.863436 0.010461
0.469431 0.858472 0.010466
0.482130 0.855122 0.010805
0.495023 0.852822 0.010628
0.508887 0.849307 0.010575
0.521547 0.846213 0.010278
0.534992 0.844825 0.010420
0.547512 0.841073 0.010409
0.561175 0.838723 0.010668
0.574124 0.837933 0.010619
0.586862 0.837122 0.010710
0.599752 0.836051 0.010272
0.613391 0.836485 0.010890
0.625579 0.836477 0.010407
0.639775 0.838382 0.010396
0.651667 0.839121 0.010279
0.665244 0.841676 0.010562
0.678229 0.843990 0.010249
0.690139 0.846809 0.010613
0.703786 0.849256 0.010518
0.716637 0.853592 0.010790
0.728829 0.855161 0.010683
0.743404 0.860043 0.010827
0.756355 0.863060 0.010328
0.156545 0.834988 0.010273
0.169856 0.836363 0.010443
0.181739 0.839155 0.010323
0.194278 0.844422 0.010617
0.208180 0.847527 0.010602
0.220480 0.850705 0.010358
0.233799 0.852806 0.010629
0.247134 0.856225 0.010493
0.260022 0.859394 0.010773
0.272929 0.860376 0.010836
0.285597 0.862686 0.010322
0.312226 0.864688 0.010452
0.325526 0.865382 0.010171
0.337559 0.863839 0.010169
0.350400 0.863364 0.010890
0.364466 0.861608 0.010568
0.377150 0.860102 0.010235
0.390049 0.858302 0.010597
0.403173 0.854522 0.010629
0.415869 0.853878 0.010721
0.428691 0.849469 0.010459
0.441976 0.846179 0.010534
0.454897 0.843033 0.010435
0.468079 0.838871 0.011224
0.481641 0.836702 0.010617
0.493566 0.833277 0.010439
0.507213 0.829722 0.010557
0.521107 0.825934 0.010658
0.533440 0.824105 0.010593
0.545975 0.821681 0.010542
0.559090 0.820395 0.010359
0.571010 0.817930 0.010492
0.584299 0.817371 0.010649
0.597859 0.816727 0.010225
0.610927 0.818148 0.010243
0.623161 0.816831 0.010255
0.637351 0.817694 0.010716
0.650003 0.819660 0.010799
0.662555 0.822008 0.010776
0.676322 0.824787 0.010401
0.689188 0.827702 0.010576
0.700735 0.829995 0.010058
0.715076 0.833198 0.010351
0.485586 0.816321 0.007264
0.493157 0.816303 0.007087
0.502669 0.816280 0.007232
0.510130 0.816656 0.006916
0.519090 0.815448 0.006894
0.535926 0.814499 0.007515
0.544233 0.813091 0.007211
0.552569 0.814644 0.007167
0.561167 0.813602 0.007246
0.570315 0.812317 0.007549
0.578259 0.811115 0.007035
0.586462 0.812499 0.006835
0.595218 0.812056 0.007185
0.604913 0.813577 0.006888
0.612128 0.810871 0.007129
0.620098 0.811108 0.006988
0.628731 0.811002 0.007748
0.637989 0.809884 0.006509
0.645617 0.809828 0.007471
0.654762 0.809014 0.006688
0.661967 0.808943 0.007443
0.670380 0.808971 0.007394
0.679450 0.807847 0.007705
0.687602 0.808652 0.007208
0.697307 0.807460 0.006809
0.705045 0.808246 0.007203
0.713494 0.808260 0.006823
0.721950 0.808303 0.007209
0.730388 0.807552 0.006878
0.738597 0.808011 0.007037
0.747271 0.807983 0.006897
0.755873 0.807005 0.007465
0.764026 0.807441 0.006734
0.772040 0.807738 0.006941
0.780612 0.806162 0.007161
0.789102 0.807776 0.007157
0.797846 0.806880 0.007516
0.806232 0.807636 0.007460
0.813675 0.808113 0.007240
0.823026 0.807440 0.006801
0.831377 0.807866 0.007047
0.839336 0.808407 0.006948
0.848402 0.807554 0.006427
0.856681 0.809075 0.007127
0.864786 0.808781 0.006667
0.487229 0.801156 0.007221
0.495751 0.800818 0.007213
0.504369 0.800651 0.006947
0.512447 0.800142 0.006822
0.521512 0.800122 0.007142
0.529927 0.800098 0.007833
0.537685 0.799029 0.007041
0.546381 0.798782 0.006848
0.554347 0.798872 0.007231
0.563646 0.796981 0.006368
0.571307 0.799020 0.007119
0.579929 0.797618 0.006801
0.588607 0.797797 0.007303
0.597092 0.796558 0.007532
0.605377 0.795448 0.007164
0.614595 0.795302 0.007167
0.622328 0.795884 0.007484
0.630616 0.794384 0.007223
0.639622 0.795500 0.006845
0.647490 0.795163 0.006636
0.656593 0.793510 0.006860
0.664502 0.793912 0.006429
0.673012 0.793475 0.006943
0.681590 0.793222 0.007627
0.688033 0.791396 0.006866
0.698185 0.793363 0.006593
0.706570 0.792786 0.006946
0.715734 0.792610 0.006969
0.723210 0.792395 0.006931
0.731915 0.792955 0.006968
0.740892 0.792992 0.006629
0.749074 0.792640 0.007344
0.757248 0.792994 0.007605
0.765263 0.792918 0.007078
0.774947 0.791253 0.006866
0.783091 0.792249 0.006919
0.791880 0.792848 0.007279
0.799617 0.792308 0.006818
0.807978 0.792337 0.006883
0.816688 0.792884 0.007475
0.824287 0.792654 0.007043
0.833869 0.792374 0.007380
0.843088 0.789020 0.006719
0.851000 0.792298 0.006831
0.490824 0.785988 0.006838
0.498382 0.785672 0.007766
0.506917 0.786340 0.007236
0.516000 0.785655 0.007758
0.524277 0.785613 0.007165
0.532562 0.783666 0.007214
0.540857 0.784588 0.007094
0.549528 0.783569 0.006772
0.558166 0.783189 0.007560
0.567168 0.782132 0.007311
0.574835 0.782542 0.007277
0.583531 0.782730 0.007228
0.600061 0.781610 0.007337
0.608607 0.781193 0.006828
0.616700 0.781079 0.007452
0.625587 0.780793 0.007343
0.634037 0.779734 0.007113
0.642198 0.780870 0.007526
0.650982 0.779196 0.007039
0.658853 0.779053 0.006680
0.667101 0.779212 0.007159
0.676851 0.777582 0.007325
0.685109 0.778162 0.007021
0.692811 0.778331 0.007094
0.701865 0.777892 0.007741
0.710562 0.778207 0.006896
0.718302 0.777686 0.006860
0.726973 0.777397 0.007758
0.734672 0.777248 0.006823
0.744042 0.776541 0.007023
0.752170 0.776972 0.007313
0.760966 0.776713 0.007523
0.769306 0.777264 0.007778
0.777405 0.777529 0.007489
0.786474 0.776997 0.006948
0.794514 0.777460 0.006729
0.802588 0.777030 0.006725
0.811112 0.777853 0.007478
0.819538 0.776918 0.007178
0.828040 0.778057 0.007178
0.836339 0.777994 0.006940
0.845170 0.778099 0.006957
0.853317 0.777429 0.007164
0.862335 0.777696 0.007116
0.870260 0.778690 0.007025
0.879572 0.777659 0.007264
0.886960 0.778910 0.007318
0.904392 0.779547 0.007245
0.494127 0.770207 0.006729
0.502824 0.770817 0.007024
0.510532 0.770780 0.007058
0.518835 0.769885 0.007385
0.527229 0.769945 0.007311
0.536571 0.768967 0.006774
0.544516 0.769054 0.006670
0.561723 0.767366 0.007107
0.570672 0.767639 0.007026
0.578338 0.768184 0.007388
0.586657 0.767220 0.006950
0.595583 0.766646 0.007097
0.604065 0.766055 0.007745
0.612097 0.765708 0.006809
0.620543 0.765887 0.007266
0.629052 0.765468 0.007246
0.636901 0.765395 0.006750
0.645557 0.764037 0.007303
0.654261 0.764140 0.007508
0.663176 0.764319 0.007701
0.671640 0.763831 0.007042
0.679414 0.763024 0.007166
0.689114 0.763052 0.007473
0.696856 0.763151 0.006392
0.705327 0.763940 0.006960
0.713966 0.763017 0.007133
0.722805 0.761324 0.006784
0.730331 0.761971 0.007272
0.738718 0.762755 0.007311
0.747782 0.761151 0.007249
0.755770 0.762477 0.006862
0.764306 0.761574 0.006954
0.772503 0.761852 0.007113
0.781921 0.761719 0.006591
0.789396 0.761955 0.006784
0.797643 0.761910 0.007101
0.806849 0.761941 0.007500
0.815404 0.761743 0.006983
0.823093 0.762400 0.007464
0.839479 0.762478 0.007061
0.848449 0.763056 0.007090
0.497507 0.755803 0.006906
0.505287 0.754709 0.007102
0.514318 0.754306 0.007035
0.522620 0.754097 0.007164
0.530637 0.754483 0.007062
0.539252 0.752974 0.007085
0.547909 0.753310 0.007236
0.556090 0.753870 0.007115
0.564469 0.752363 0.007096
0.572820 0.752348 0.007494
0.589971 0.752742 0.007753
0.598144 0.751096 0.007114
0.606572 0.752927 0.006784
0.615543 0.750274 0.007423
0.623623 0.749265 0.007315
0.631897 0.750295 0.007151
0.640049 0.749586 0.006842
0.648257 0.749516 0.006805
0.656177 0.749431 0.007147
0.665221 0.748552 0.006870
0.674215 0.748480 0.007337
0.683107 0.748842 0.006915
0.690322 0.748591 0.006934
0.699415 0.748377 0.006748
0.708168 0.748350 0.007963
0.716481 0.747255 0.006254
0.725449 0.747685 0.007261
0.732841 0.746907 0.006990
0.742381 0.747564 0.007249
0.750415 0.746178 0.006919
0.759044 0.746804 0.007118
0.766684 0.746631 0.007281
0.775605 0.746256 0.006982
0.784013 0.746908 0.007645
0.793055 0.746702 0.007059
0.801248 0.746571 0.006817
0.817630 0.746862 0.006955
0.826234 0.747335 0.007253
0.834079 0.747421 0.007571
0.842763 0.747294 0.006842
0.852117 0.747497 0.006757
0.860049 0.748558 0.006771
0.868249 0.748381 0.006695
0.877057 0.748236 0.007515
0.498332 0.740893 0.007320
0.507232 0.739824 0.006660
0.515102 0.740213 0.007571
0.524018 0.738770 0.007176
0.532273 0.739471 0.007282
0.539912 0.738417 0.007550
0.548183 0.738535 0.007861
0.557615 0.738180 0.007157
0.566109 0.737835 0.007118
0.574442 0.737456 0.007084
0.582204 0.737043 0.007350
0.591509 0.736863 0.007034
0.601593 0.738320 0.007386
0.608439 0.735678 0.007198
0.616113 0.735779 0.007158
0.624811 0.734087 0.007581
0.633010 0.734885 0.006779
0.642223 0.735129 0.006703
0.650675 0.734810 0.007259
0.658356 0.733808 0.007450
0.666667 0.733661 0.006963
0.675468 0.733087 0.007202
0.683400 0.733499 0.007354
0.691799 0.733517 0.006837
0.700528 0.733008 0.007371
0.709036 0.731995 0.007302
0.717683 0.733022 0.007667
0.726228 0.732213 0.007060
0.734862 0.732111 0.007593
0.742999 0.732456 0.007191
0.751201 0.731589 0.007306
0.759708 0.732291 0.007090
0.768037 0.731599 0.006783
0.776704 0.731546 0.006761
0.785223 0.731981 0.007601
0.793100 0.731234 0.007187
0.801721 0.731884 0.007146
0.809998 0.731687 0.007288
0.818967 0.732122 0.006596
0.827588 0.732609 0.006847
0.835283 0.731874 0.007071
0.844996 0.732498 0.006734
0.852360 0.731971 0.007170
0.861780 0.732203 0.007206
0.497288 0.724995 0.007068
0.505655 0.725699 0.007300
0.514735 0.724731 0.007070
0.522657 0.724440 0.006995
0.531257 0.724240 0.007021
0.539267 0.724526 0.006995
0.548823 0.723297 0.007008
0.557111 0.723404 0.007312
0.564753 0.722799 0.007549
0.573333 0.723516 0.007113
0.582031 0.721302 0.007701
0.591400 0.722536 0.006826
0.598969 0.721089 0.007223
0.607528 0.721109 0.007330
0.615641 0.720139 0.006516
0.624198 0.720355 0.007804
0.632254 0.719600 0.006878
0.641451 0.718948 0.007713
0.649662 0.720332 0.007113
0.657625 0.719201 0.006857
0.666922 0.719507 0.007298
0.675040 0.718649 0.007256
0.683913 0.718074 0.006829
0.691992 0.717155 0.007593
0.700500 0.717821 0.006979
0.708421 0.717906 0.007187
0.716742 0.717076 0.006825
0.734140 0.716711 0.007124
0.742701 0.716982 0.006758
0.750719 0.716219 0.007282
0.759619 0.716991 0.007104
0.767444 0.716223 0.007410
0.776162 0.717091 0.006969
0.784745 0.716640 0.007543
0.793152 0.716482 0.007058
0.800994 0.716312 0.006778
0.809869 0.716245 0.006979
0.818718 0.716772 0.007129
0.827098 0.716586 0.006988
0.495081 0.711176 0.006760
0.503876 0.710398 0.006997
0.512703 0.709736 0.007134
0.520708 0.708624 0.007247
0.528748 0.709608 0.006623
0.537178 0.708016 0.007410
0.546485 0.708332 0.007240
0.554403 0.707904 0.006998
0.562990 0.706872 0.007106
0.571796 0.707133 0.007214
0.583978 0.711428 0.007481
0.588462 0.706588 0.007150
0.596578 0.706289 0.006621
0.604749 0.705834 0.007760
0.613723 0.705680 0.006946
0.621769 0.705352 0.006801
0.631018 0.703573 0.007438
0.638923 0.704586 0.007296
0.647060 0.704696 0.007024
0.655571 0.703408 0.007069
0.664394 0.703622 0.006864
0.672658 0.703296 0.006373
0.681426 0.702804 0.007152
0.689906 0.702168 0.007360
0.697889 0.702463 0.007180
0.706800 0.702241 0.007346
0.714527 0.701614 0.007439
0.723956 0.702427 0.007093
0.731484 0.701377 0.007477
0.740082 0.701751 0.006707
0.748832 0.701381 0.007362
0.756955 0.701968 0.006720
0.765385 0.700755 0.007444
0.774012 0.701007 0.007581
0.783731 0.702016 0.007431
0.790972 0.701011 0.006695
0.799335 0.701087 0.007402
0.808441 0.701138 0.007424
0.823997 0.701312 0.006791
0.833384 0.702336 0.007213
0.492652 0.694805 0.006383
0.500682 0.694818 0.006959
0.508973 0.695244 0.007044
0.517358 0.694322 0.007227
0.526373 0.693622 0.006636
0.534328 0.694269 0.007836
0.542351 0.693396 0.007466
0.551981 0.693771 0.007481
0.559710 0.692319 0.007212
0.568354 0.692969 0.007283
0.576082 0.691482 0.007157
0.585021 0.690392 0.007175
0.593582 0.690792 0.006756
0.602524 0.691057 0.006995
0.610250 0.691124 0.007257
0.619209 0.690072 0.007511
0.627099 0.690027 0.007483
0.635298 0.689374 0.007232
0.643806 0.689831 0.006977
0.652913 0.689219 0.006561
0.661003 0.688739 0.007056
0.669409 0.688569 0.007579
0.678702 0.688044 0.006937
0.685807 0.688110 0.006436
0.694409 0.687454 0.006874
0.702590 0.687588 0.006761
0.712397 0.687404 0.007328
0.719696 0.686175 0.007435
0.728617 0.685975 0.007338
0.737261 0.686802 0.006593
0.745701 0.686740 0.007531
0.753977 0.686231 0.007329
0.762672 0.686982 0.006834
0.770157 0.687344 0.007303
0.779515 0.687430 0.007175
0.787508 0.686578 0.007270
0.796014 0.686722 0.006909
0.804346 0.687371 0.007260
0.812840 0.685811 0.007433
0.821284 0.686188 0.007470
0.830275 0.687236 0.007206
0.838566 0.687179 0.006746
0.489090 0.680383 0.006804
0.497407 0.680038 0.006875
0.505391 0.678892 0.007355
0.514135 0.680201 0.006814
0.522233 0.679459 0.007373
0.531188 0.678436 0.007105
0.539214 0.677823 0.006943
0.547942 0.677594 0.006878
0.556510 0.677762 0.006642
0.564142 0.677537 0.006776
0.573422 0.677250 0.007472
0.581933 0.676017 0.006898
0.590368 0.676703 0.007241
0.598237 0.676333 0.007281
0.607859 0.674799 0.007162
0.615071 0.675919 0.006796
0.623902 0.674529 0.007036
0.632124 0.673774 0.007153
0.641751 0.674577 0.007368
0.649921 0.673660 0.007323
0.657100 0.672462 0.007267
0.665880 0.671913 0.006936
0.675227 0.672845 0.007625
0.683236 0.672058 0.006998
0.690904 0.672588 0.007498
0.699224 0.672468 0.006730
0.708444 0.672578 0.007198
0.716651 0.671027 0.006531
0.725185 0.671709 0.007039
0.733062 0.671379 0.007161
0.741576 0.670705 0.007428
0.750347 0.670681 0.007346
0.757758 0.676565 0.007578
0.766462 0.671038 0.007245
0.775569 0.672482 0.007212
0.784671 0.670921 0.007416
0.793252 0.671497 0.007112
0.801037 0.670701 0.007517
0.809912 0.672147 0.007067
0.817634 0.671962 0.006835
0.826374 0.671947 0.006368
0.834767 0.672243 0.007170
0.843270 0.671444 0.007406
0.851892 0.672772 0.006946
0.860451 0.672231 0.006875
0.868966 0.672226 0.007243
0.877111 0.672877 0.007215
0.885647 0.672561 0.007135
0.893599 0.673662 0.006975
0.902086 0.673149 0.006910
0.485873 0.666442 0.006747
0.494645 0.664730 0.006876
0.502494 0.664237 0.006831
0.511116 0.664126 0.007157
0.520136 0.663874 0.007125
0.527981 0.663563 0.007094
0.536692 0.663455 0.007233
0.545762 0.662505 0.007295
0.553909 0.661916 0.007540
0.561749 0.662336 0.007778
0.570250 0.661012 0.007018
0.579384 0.660428 0.007113
0.587124 0.661046 0.007469
0.595971 0.660208 0.007207
0.604845 0.660851 0.007279
0.612234 0.659987 0.007249
0.621127 0.659258 0.007102
0.629600 0.659385 0.007568
0.638068 0.658798 0.006547
0.645974 0.658130 0.007334
0.654892 0.658285 0.006815
0.663140 0.658330 0.007199
0.671373 0.657968 0.006745
0.680784 0.657738 0.006745
0.688606 0.657668 0.007022
0.696938 0.656590 0.006933
0.706159 0.657634 0.007078
0.714616 0.657254 0.007355
0.723006 0.652900 0.007075
0.729919 0.656192 0.006826
0.739550 0.656682 0.007095
0.748525 0.657228 0.007516
0.756099 0.657083 0.006609
0.765519 0.656193 0.006942
0.773014 0.656475 0.007010
0.781203 0.656100 0.007322
0.789466 0.656463 0.006778
0.798899 0.655589 0.006752
0.806801 0.656700 0.007339
0.815811 0.656276 0.006937
0.093735 0.638093 0.005201
0.099600 0.639468 0.005590
0.107282 0.641670 0.005249
0.115675 0.645465 0.005062
0.120420 0.645805 0.005397
0.128496 0.649709 0.005219
0.134810 0.651881 0.005342
0.140521 0.653977 0.005331
0.147444 0.656823 0.005410
0.154987 0.658283 0.005421
0.166875 0.661818 0.005055
0.174190 0.665027 0.005136
0.179777 0.666089 0.005072
0.185356 0.668397 0.005244
0.193182 0.669512 0.005397
0.199112 0.672370 0.005197
0.204688 0.672918 0.005380
0.212222 0.675033 0.005391
0.225641 0.677684 0.005552
0.231916 0.679377 0.004991
0.238428 0.682143 0.005106
0.245566 0.682357 0.005514
0.250380 0.683815 0.005378
0.257668 0.684350 0.005190
0.265788 0.685840 0.005213
0.271653 0.685943 0.005281
0.279352 0.688847 0.005437
0.286240 0.689014 0.005362
0.292973 0.689874 0.005313
0.300749 0.691323 0.004965
0.307438 0.691776 0.005249
0.315915 0.693402 0.005274
0.323114 0.693555 0.005239
0.330563 0.693732 0.005245
0.337543 0.695676 0.005280
0.344413 0.697119 0.005230
0.351640 0.696706 0.005333
0.358823 0.698400 0.005231
0.366352 0.699713 0.005345
0.373440 0.700150 0.005221
0.379149 0.701844 0.005607
0.106608 0.632634 0.005444
0.113731 0.635450 0.005103
0.121553 0.638191 0.005298
0.127827 0.639934 0.005268
0.135686 0.643224 0.005070
0.142447 0.644466 0.005265
0.150334 0.646739 0.005398
0.156662 0.649037 0.005206
0.163764 0.652294 0.005152
0.169997 0.652880 0.005270
0.177024 0.655612 0.005314
0.183087 0.656966 0.005104
0.190218 0.659686 0.005149
0.196502 0.661316 0.005183
0.201689 0.663243 0.004950
0.209729 0.664843 0.005174
0.221051 0.668647 0.005142
0.234640 0.671354 0.005378
0.241693 0.672051 0.005150
0.247189 0.673050 0.005173
0.253685 0.673867 0.005119
0.259743 0.675854 0.005237
0.266682 0.676332 0.005105
0.272380 0.677580 0.005286
0.279584 0.679055 0.005339
0.285670 0.679786 0.005135
0.294233 0.680171 0.005580
0.299388 0.681723 0.005137
0.313397 0.684076 0.005293
0.320537 0.684806 0.004896
0.328600 0.684707 0.005504
0.335430 0.685870 0.005201
0.342147 0.686478 0.005385
0.350065 0.687944 0.005005
0.357253 0.689550 0.005316
0.365904 0.691029 0.005281
0.371647 0.692126 0.005371
0.379247 0.692373 0.005296
0.083429 0.617485 0.005271
0.090059 0.620571 0.005510
0.098343 0.622950 0.005287
0.106099 0.624611 0.005386
0.112852 0.626695 0.004996
0.119661 0.629531 0.005229
0.126563 0.631253 0.005116
0.134648 0.633821 0.005172
0.141893 0.636663 0.005298
0.149128 0.638501 0.005076
0.156220 0.640792 0.005308
0.163177 0.642618 0.005229
0.171587 0.646053 0.005270
0.177677 0.646844 0.005142
0.183703 0.647971 0.005461
0.191037 0.650644 0.005121
0.199153 0.652833 0.005196
0.207147 0.654564 0.005438
0.212054 0.655376 0.005236
0.218183 0.656989 0.005380
0.225882 0.658718 0.005547
0.238131 0.661799 0.005417
0.244727 0.663549 0.005314
0.250287 0.665029 0.005281
0.257177 0.664954 0.005089
0.263770 0.666504 0.005131
0.269401 0.667448 0.005141
0.276114 0.668801 0.005203
0.283491 0.669662 0.005195
0.288537 0.671206 0.005198
0.294269 0.672064 0.005334
0.302013 0.672757 0.005385
0.307860 0.673044 0.005019
0.315151 0.674760 0.005377
0.321708 0.676130 0.005232
0.328342 0.676367 0.005237
0.334343 0.677173 0.005290
0.342378 0.678026 0.005431
0.348684 0.679027 0.004946
0.355330 0.680756 0.005344
0.362692 0.681531 0.005190
0.369790 0.682363 0.005322
0.377318 0.684047 0.005439
0.056507 0.600098 0.005238
0.063471 0.603578 0.005305
0.071029 0.605313 0.005208
0.075455 0.606290 0.005327
0.083329 0.609516 0.005116
0.090210 0.611641 0.005188
0.097077 0.614064 0.005355
0.102988 0.615136 0.005219
0.111592 0.619047 0.005117
0.118192 0.620275 0.005317
0.125425 0.623502 0.005405
0.132508 0.624721 0.005272
0.139649 0.626721 0.005148
0.147451 0.629765 0.005275
0.155433 0.631594 0.005114
0.162046 0.633278 0.005383
0.170025 0.636811 0.005419
0.176831 0.637452 0.004940
0.183723 0.639222 0.005018
0.191265 0.641310 0.005336
0.198346 0.643130 0.005462
0.206245 0.646049 0.005213
0.213290 0.645273 0.005462
0.220258 0.648684 0.005208
0.227281 0.650586 0.005213
0.233599 0.650943 0.005331
0.240610 0.652828 0.005272
0.247332 0.653713 0.005527
0.253409 0.655527 0.005274
0.259860 0.655450 0.005124
0.266714 0.657077 0.005440
0.271810 0.660204 0.005283
0.279880 0.660276 0.005241
0.286327 0.659683 0.005342
0.291555 0.661843 0.005453
0.299050 0.663632 0.005207
0.305628 0.663771 0.005064
0.311027 0.663737 0.005372
0.318635 0.664584 0.005371
0.324105 0.667495 0.005343
0.330872 0.667448 0.005300
0.336663 0.668789 0.005267
0.344214 0.669362 0.005152
0.349823 0.670759 0.005231
0.356888 0.672171 0.005387
0.363364 0.672884 0.005179
0.370116 0.673967 0.005425
0.377822 0.674603 0.005175
0.078451 0.597994 0.005143
0.084673 0.599864 0.005197
0.091858 0.602565 0.005455
0.097839 0.606011 0.005281
0.103890 0.606194 0.005371
0.111657 0.609529 0.005075
0.119427 0.611386 0.004921
0.125063 0.614403 0.005185
0.132421 0.616308 0.005539
0.138846 0.618296 0.005060
0.146053 0.620842 0.005042
0.153344 0.623185 0.005069
0.160485 0.624991 0.005324
0.167871 0.626830 0.005561
0.175366 0.629276 0.005186
0.181124 0.630228 0.005269
0.191158 0.633228 0.005006
0.196106 0.633766 0.005564
0.204767 0.637575 0.004942
0.211270 0.637957 0.005246
0.219165 0.640647 0.005519
0.225579 0.640378 0.005252
0.233316 0.643391 0.005131
0.240921 0.644575 0.005387
0.247514 0.645924 0.005473
0.255620 0.647129 0.005030
0.261962 0.646720 0.005217
0.269685 0.652736 0.005329
0.274848 0.649494 0.005599
0.282708 0.651112 0.005212
0.289824 0.651552 0.005417
0.296115 0.653388 0.005233
0.301622 0.654251 0.005575
0.308158 0.654804 0.005206
0.321815 0.655705 0.005382
0.327745 0.658001 0.005357
0.333792 0.657721 0.005145
0.340104 0.660171 0.005379
0.347779 0.659700 0.004994
0.353338 0.661510 0.005294
0.360753 0.662643 0.005044
0.365781 0.664272 0.005230
0.373169 0.664767 0.005318
0.379036 0.665267 0.005400
0.083076 0.588970 0.005353
0.088953 0.591926 0.005195
0.094468 0.594249 0.005152
0.101496 0.596553 0.005215
0.107429 0.598058 0.005196
0.114417 0.601005 0.005151
0.120783 0.603109 0.005153
0.128461 0.605830 0.005192
0.133280 0.608197 0.005330
0.139655 0.609421 0.005307
0.146591 0.610863 0.005026
0.154136 0.613135 0.005321
0.161129 0.616256 0.005293
0.166768 0.618022 0.005380
0.174985 0.621315 0.005475
0.180727 0.622141 0.005426
0.187060 0.622999 0.005490
0.196108 0.625444 0.005439
0.202442 0.627227 0.005458
0.209419 0.628375 0.005134
0.220935 0.633538 0.005323
0.224822 0.632539 0.005183
0.231270 0.633613 0.005072
0.238393 0.634328 0.005110
0.245695 0.635945 0.005192
0.254074 0.637357 0.005456
0.260752 0.637986 0.005210
0.267477 0.638826 0.005388
0.274851 0.640388 0.005234
0.281813 0.641538 0.005173
0.290131 0.642854 0.005358
0.298323 0.644529 0.005199
0.303716 0.644851 0.005226
0.312015 0.645177 0.005333
0.317406 0.645977 0.005317
0.323323 0.647871 0.005282
0.330237 0.648107 0.005230
0.337040 0.649526 0.005314
0.344098 0.651136 0.005343
0.350690 0.650471 0.005311
0.356341 0.652555 0.005310
0.363358 0.652665 0.005357
0.368717 0.654572 0.005230
0.376170 0.656929 0.005508
0.381735 0.656647 0.005161
0.118382 0.592102 0.005114
0.123561 0.594329 0.005259
0.129597 0.600355 0.005326
0.137255 0.598252 0.005320
0.143260 0.600954 0.005233
0.149375 0.602884 0.005235
0.155697 0.604511 0.005157
0.162179 0.606714 0.005115
0.168645 0.608214 0.005235
0.175386 0.612158 0.005377
0.182613 0.613392 0.005218
0.188701 0.615768 0.005206
0.194167 0.615756 0.005505
0.203054 0.618145 0.005245
0.209726 0.619767 0.005253
0.216154 0.622138 0.005333
0.222657 0.623521 0.005176
0.230750 0.624672 0.005351
0.237919 0.625919 0.005132
0.244381 0.627132 0.005286
0.252105 0.627713 0.005212
0.259305 0.629226 0.005362
0.266263 0.629197 0.005274
0.274414 0.632158 0.005230
0.281940 0.633613 0.005214
0.288725 0.634501 0.005294
0.295268 0.634296 0.005337
0.302373 0.635345 0.005227
0.309943 0.634982 0.005279
0.317818 0.638036 0.005277
0.323417 0.637924 0.005063
0.332228 0.638200 0.005330
0.340127 0.640741 0.005189
0.346274 0.641511 0.005163
0.352008 0.643931 0.005264
0.359308 0.643871 0.005253
0.366237 0.645322 0.005229
0.373733 0.645663 0.005397
0.379301 0.647844 0.005273
0.386256 0.648270 0.005224
0.107418 0.579015 0.005051
0.114371 0.581778 0.004967
0.120841 0.583576 0.005212
0.127744 0.585265 0.005473
0.134177 0.587470 0.005263
0.139795 0.589963 0.005089
0.147151 0.591888 0.005294
0.152761 0.594170 0.005076
0.159928 0.595930 0.005459
0.166224 0.599831 0.005121
0.172078 0.601100 0.005406
0.178274 0.601027 0.005448
0.184854 0.605025 0.005237
0.192072 0.607909 0.005261
0.199068 0.605816 0.004952
0.203276 0.609820 0.005389
0.210647 0.611650 0.005263
0.219825 0.610702 0.005132
0.223343 0.614606 0.005320
0.229702 0.614573 0.005188
0.236514 0.617394 0.004987
0.244293 0.619551 0.005353
0.252967 0.619440 0.005223
0.258328 0.620815 0.005334
0.265302 0.621142 0.005095
0.271702 0.621808 0.005315
0.279548 0.624522 0.005349
0.286576 0.625403 0.005451
0.294359 0.625414 0.005345
0.301301 0.626867 0.005266
0.307939 0.628007 0.005397
0.316068 0.628240 0.005312
0.324227 0.629752 0.005369
0.330096 0.629807 0.005052
0.337442 0.630824 0.005354
0.344539 0.631506 0.005325
0.352298 0.632291 0.005334
0.357363 0.634750 0.005430
0.366969 0.635905 0.005088
0.375027 0.637445 0.005212
0.381474 0.638089 0.005281
0.388120 0.639195 0.005424
0.083308 0.562182 0.005400
0.093961 0.565553 0.005132
0.100745 0.567113 0.005231
0.107713 0.569915 0.005185
0.114525 0.571684 0.005123
0.121242 0.574250 0.005388
0.128651 0.577349 0.005493
0.141609 0.580958 0.005388
0.150436 0.583267 0.005437
0.156152 0.584980 0.005294
0.162489 0.586786 0.005128
0.169325 0.589726 0.005242
0.176400 0.591910 0.005461
0.182462 0.592796 0.005104
0.188853 0.596664 0.005261
0.194474 0.598546 0.005363
0.201522 0.598557 0.005266
0.207465 0.599739 0.005133
0.213660 0.602136 0.005416
0.220067 0.604006 0.005243
0.225919 0.605157 0.005400
0.233365 0.606467 0.005306
0.246525 0.610409 0.005287
0.251714 0.610468 0.005279
0.259646 0.612428 0.005085
0.266392 0.612216 0.005338
0.270928 0.613383 0.005622
0.277970 0.614131 0.005289
0.285017 0.615894 0.005336
0.293460 0.617085 0.005362
0.292831 0.618230 0.005309
0.307106 0.619310 0.005418
0.314138 0.619238 0.005290
0.320821 0.621028 0.005223
0.327907 0.621632 0.005194
0.336593 0.622013 0.005243
0.343255 0.624387 0.005277
0.349204 0.623844 0.005390
0.357918 0.625488 0.005222
0.365083 0.628033 0.005212
0.373000 0.628027 0.005180
0.379894 0.629500 0.005387
0.428794 0.638561 0.004157
0.433682 0.637555 0.004145
0.439412 0.636746 0.004150
0.444737 0.635068 0.004105
0.449658 0.634231 0.004144
0.454734 0.633330 0.004094
0.460267 0.632067 0.004111
0.465118 0.631433 0.004120
0.470703 0.630197 0.004094
0.475517 0.629085 0.004143
0.480590 0.627551 0.004105
0.485858 0.627252 0.004110
0.496233 0.624757 0.004160
0.502090 0.623580 0.004113
0.507204 0.622313 0.004112
0.511657 0.621328 0.004114
0.517346 0.620379 0.004109
0.522588 0.619206 0.004135
0.527536 0.618298 0.004140
0.532772 0.617200 0.004105
0.537612 0.615932 0.004125
0.543113 0.614926 0.004143
0.548477 0.613632 0.004104
0.553585 0.612437 0.004115
0.558896 0.611512 0.004110
0.564301 0.610451 0.004135
0.574221 0.608701 0.004099
0.579654 0.607409 0.004156
0.585076 0.606491 0.004131
0.590095 0.604990 0.004107
0.595527 0.603673 0.004117
0.600426 0.603133 0.004115
0.605578 0.602157 0.004123
0.610711 0.601116 0.004124
0.616159 0.599585 0.004124
0.621455 0.599108 0.004110
0.631813 0.596653 0.004118
0.636533 0.595968 0.004125
0.466717 0.127509 0.004259
0.470504 0.126727 0.004460
0.475471 0.127272 0.004801
0.480637 0.126895 0.004537
0.485101 0.126655 0.004913
0.489768 0.126564 0.004253
0.494501 0.127323 0.004682
0.498976 0.128325 0.004731
0.503746 0.128325 0.004440
0.508135 0.128964 0.004500
0.512837 0.129008 0.005004
0.517000 0.130498 0.004742
0.522100 0.131395 0.004702
0.526222 0.131982 0.004461
0.531602 0.133235 0.004231
0.535305 0.133714 0.004184
0.540341 0.135611 0.004022
0.546001 0.136373 0.004347
0.549557 0.138335 0.004889
0.553843 0.138879 0.004247
0.558730 0.139322 0.004648
0.563887 0.141139 0.004347
0.567969 0.141856 0.004318
0.572845 0.142661 0.004482
0.577700 0.143110 0.004257
0.582108 0.144180 0.004257
0.586744 0.144627 0.004460
0.591257 0.144038 0.004404
0.596184 0.144797 0.004323
0.592863 0.145260 0.004822
0.605671 0.145374 0.004797
0.609583 0.144379 0.004140
0.614379 0.144098 0.004248
0.618251 0.143655 0.004740
0.623686 0.142988 0.004514
0.627995 0.142239 0.005079
0.632718 0.141808 0.004887
0.637279 0.140591 0.004057
0.641851 0.139128 0.004566
0.646025 0.138690 0.004894
0.651846 0.137381 0.005407
0.655554 0.136370 0.004255
0.467744 0.118651 0.004726
0.471448 0.117956 0.004196
0.476208 0.117387 0.004116
0.481454 0.117704 0.004526
0.485672 0.117815 0.004174
0.490499 0.118056 0.004423
0.494775 0.117708 0.004847
0.499872 0.117672 0.004113
0.503892 0.118830 0.004379
0.508669 0.118937 0.004886
0.517804 0.121104 0.004291
0.522735 0.121668 0.004598
0.526872 0.122213 0.004671
0.532244 0.124579 0.004314
0.535990 0.125081 0.004201
0.541514 0.126614 0.005170
0.545756 0.127426 0.005032
0.550102 0.128106 0.005036
0.555077 0.129000 0.004542
0.559589 0.130101 0.004200
0.563297 0.131725 0.005203
0.568132 0.132049 0.004820
0.573058 0.133320 0.004527
0.581575 0.137223 0.004759
0.582863 0.134285 0.004720
0.587269 0.135100 0.004915
0.592070 0.134962 0.004448
0.596117 0.141220 0.004632
0.600752 0.135169 0.004727
0.606500 0.135359 0.004972
0.610144 0.134951 0.004567
0.614347 0.134577 0.004945
0.619518 0.133904 0.004274
0.623941 0.134236 0.003942
0.628729 0.132835 0.004546
0.633269 0.132094 0.004374
0.638037 0.131159 0.004303
0.642457 0.129497 0.004583
0.647233 0.129378 0.004622
0.651205 0.128302 0.004623
0.656174 0.127347 0.004302
0.660985 0.125427 0.004706
0.664933 0.124713 0.004582
0.669539 0.124009 0.004785
0.674459 0.122899 0.004704
0.679771 0.120899 0.004520
0.466960 0.108962 0.004478
0.471541 0.108132 0.004972
0.477008 0.108479 0.004496
0.481678 0.108106 0.004350
0.485432 0.108387 0.004708
0.490256 0.108517 0.004396
0.495067 0.107728 0.004373
0.499311 0.108723 0.004673
0.504482 0.109588 0.004810
0.508345 0.109673 0.004416
0.513408 0.111109 0.004499
0.522297 0.112341 0.004887
0.526641 0.113458 0.004447
0.531689 0.114430 0.004285
0.536468 0.115709 0.004517
0.540953 0.116341 0.004217
0.545316 0.117123 0.004501
0.549559 0.118204 0.004274
0.554642 0.119855 0.004695
0.559506 0.121437 0.004918
0.563821 0.121513 0.004234
0.568636 0.123423 0.004459
0.573058 0.123083 0.004558
0.577424 0.124815 0.004342
0.583794 0.125603 0.004638
0.587097 0.125606 0.004390
0.591624 0.125845 0.004540
0.596466 0.125879 0.004486
0.600886 0.125913 0.004385
0.605928 0.125970 0.004068
0.609522 0.125489 0.004763
0.619748 0.124432 0.004428
0.628898 0.123773 0.004496
0.632975 0.122988 0.004738
0.637319 0.121770 0.004322
0.641836 0.120842 0.004774
0.651495 0.118071 0.004414
0.656007 0.117833 0.004556
0.660848 0.116283 0.004759
0.665177 0.115440 0.004298
0.669411 0.114440 0.004260
0.674757 0.113652 0.004643
0.679206 0.112699 0.004452
0.466426 0.099439 0.004254
0.470902 0.098784 0.004345
0.475468 0.099552 0.004306
0.479825 0.098139 0.004480
0.484855 0.098300 0.004853
0.489933 0.098647 0.004277
0.494028 0.098988 0.004535
0.498462 0.099132 0.004340
0.502995 0.100001 0.004631
0.507699 0.100657 0.004440
0.511836 0.100844 0.004589
0.516862 0.101776 0.004126
0.525959 0.103777 0.004682
0.531060 0.105312 0.004463
0.535616 0.106209 0.005029
0.539942 0.106947 0.004606
0.544438 0.107879 0.004732
0.549564 0.109720 0.004776
0.553871 0.111013 0.004337
0.558357 0.111360 0.004374
0.563211 0.112896 0.004811
0.568083 0.113313 0.004553
0.572443 0.113830 0.004583
0.576893 0.115385 0.004492
0.582091 0.115904 0.004236
0.587133 0.116409 0.003889
0.590381 0.115874 0.004242
0.595395 0.116210 0.004383
0.600168 0.116128 0.004841
0.604711 0.116407 0.004511
0.609181 0.116384 0.004845
0.613644 0.116153 0.004582
0.619278 0.115612 0.004691
0.623239 0.114648 0.003937
0.627592 0.114271 0.004405
0.632053 0.114033 0.003853
0.637308 0.112431 0.004491
0.641953 0.111087 0.004407
0.646368 0.110236 0.004367
0.650843 0.109074 0.004596
0.655047 0.108121 0.004197
0.464945 0.089925 0.004404
0.469250 0.089799 0.004675
0.474231 0.089169 0.004277
0.478962 0.089324 0.004599
0.483335 0.088974 0.004633
0.487912 0.088403 0.004653
0.492883 0.089576 0.004773
0.497631 0.089035 0.004778
0.501867 0.090413 0.004555
0.506211 0.091041 0.004487
0.511042 0.091780 0.004777
0.515523 0.091983 0.004126
0.519976 0.093406 0.004340
0.525429 0.094533 0.003990
0.528816 0.094943 0.004677
0.534271 0.096530 0.004376
0.538499 0.097328 0.004400
0.543694 0.099115 0.004618
0.548149 0.099660 0.004307
0.552356 0.101014 0.004576
0.556662 0.101782 0.004486
0.561776 0.103024 0.004893
0.566292 0.103690 0.004424
0.571420 0.105175 0.004722
0.575549 0.105175 0.004589
0.579709 0.105181 0.004427
0.585454 0.106376 0.004483
0.589801 0.106719 0.004196
0.594739 0.107087 0.004719
0.598379 0.107190 0.004474
0.603210 0.106979 0.004390
0.607789 0.107355 0.004468
0.612585 0.106427 0.004091
0.617156 0.106408 0.004957
0.622152 0.105595 0.003989
0.626440 0.104335 0.004308
0.630455 0.104160 0.004541
0.635633 0.102099 0.005127
0.640141 0.102494 0.004524
0.644438 0.100551 0.004133
0.649311 0.099505 0.004336
0.654417 0.098063 0.004558
0.658611 0.096964 0.004596
0.663416 0.096706 0.004365
0.667510 0.095618 0.004354
0.672677 0.094023 0.004481
0.677056 0.093449 0.004295
0.681483 0.092534 0.004150
0.467867 0.079736 0.004029
0.472897 0.079362 0.003973
0.477489 0.079748 0.004736
0.482332 0.079388 0.004273
0.486917 0.079190 0.005042
0.490832 0.079472 0.004711
0.495928 0.080431 0.004683
0.500715 0.080960 0.004727
0.504968 0.081364 0.004175
0.509486 0.082338 0.004867
0.514290 0.083084 0.004484
0.518536 0.084231 0.005225
0.523616 0.085565 0.004587
0.528716 0.086491 0.004767
0.532971 0.086819 0.004329
0.536930 0.088439 0.004337
0.542198 0.089211 0.004739
0.546359 0.090592 0.004537
0.550928 0.091596 0.004475
0.556027 0.093406 0.004684
0.560430 0.094166 0.004533
0.564597 0.094233 0.004437
0.570132 0.095572 0.004601
0.573086 0.096633 0.004403
0.578386 0.096821 0.004317
0.582411 0.097278 0.004726
0.587601 0.097746 0.004767
0.586048 0.095221 0.004580
0.597278 0.097175 0.004440
0.601468 0.097655 0.003799
0.606443 0.097046 0.004513
0.610828 0.097172 0.004537
0.615593 0.096747 0.004942
0.620312 0.096162 0.004400
0.624858 0.094886 0.004122
0.629082 0.093927 0.004283
0.633875 0.093786 0.004178
0.638371 0.092452 0.004543
0.643285 0.090972 0.004240
0.647360 0.090555 0.004494
0.461735 0.071133 0.004532
0.466081 0.070527 0.004179
0.470879 0.070266 0.004563
0.475658 0.069801 0.004227
0.480071 0.069687 0.005207
0.484576 0.069522 0.004391
0.489097 0.070666 0.004352
0.493688 0.070355 0.004074
0.498922 0.071966 0.004893
0.503668 0.071892 0.004833
0.507644 0.072912 0.004835
0.512073 0.073302 0.004404
0.517139 0.074795 0.004342
0.521670 0.075700 0.004702
0.526160 0.076699 0.004420
0.530592 0.082400 0.004903
0.535454 0.078872 0.004534
0.539513 0.079293 0.004857
0.544764 0.080721 0.004509
0.549586 0.082463 0.004588
0.557934 0.084031 0.004861
0.563434 0.085366 0.004342
0.568030 0.085712 0.004563
0.572480 0.086609 0.003786
0.577116 0.087447 0.004538
0.581847 0.088399 0.004669
0.586764 0.087852 0.004171
0.590309 0.088134 0.004084
0.595426 0.088276 0.004788
0.600379 0.088495 0.005107
0.604427 0.087471 0.004368
0.608776 0.086674 0.004207
0.614987 0.090684 0.004437
0.619027 0.086570 0.004304
0.623256 0.086058 0.004180
0.627985 0.084987 0.004154
0.632063 0.083829 0.004805
0.636607 0.083156 0.004297
0.641316 0.082601 0.004540
0.645869 0.080857 0.004436
0.650403 0.079991 0.004449
0.655184 0.078505 0.004419
0.659798 0.077663 0.004293
0.664204 0.076885 0.004864
0.669029 0.074714 0.004669
0.460278 0.061698 0.004765
0.464412 0.061302 0.004581
0.469314 0.060906 0.004335
0.474033 0.060503 0.004484
0.479119 0.061494 0.004847
0.483136 0.061371 0.004867
0.488217 0.060938 0.004469
0.492652 0.062074 0.004266
0.497868 0.062031 0.004530
0.501811 0.062797 0.004193
0.506896 0.063555 0.004517
0.511157 0.064005 0.004597
0.515568 0.065154 0.004496
0.520065 0.066158 0.004079
0.524136 0.067112 0.004594
0.529761 0.068464 0.004333
0.534019 0.069772 0.004411
0.538299 0.070597 0.005157
0.542521 0.071668 0.004704
0.548058 0.069202 0.004749
0.552631 0.073616 0.005106
0.557611 0.075237 0.004553
0.561892 0.076486 0.004564
0.565862 0.076158 0.004560
0.571184 0.077812 0.004791
0.579586 0.077792 0.004308
0.584733 0.079116 0.004620
0.589636 0.078661 0.004257
0.593720 0.078584 0.004071
0.598458 0.078736 0.004462
0.603106 0.078576 0.004461
0.607634 0.078368 0.004653
0.612277 0.077880 0.004530
0.616843 0.076667 0.004901
0.626346 0.075128 0.004494
0.630674 0.074250 0.004245
0.635515 0.073149 0.004492
0.639557 0.072628 0.004441
0.644585 0.071243 0.004427
0.649104 0.070125 0.004104
0.653830 0.069721 0.004629
0.459172 0.052340 0.004493
0.464327 0.052317 0.004464
0.468700 0.051430 0.004352
0.473242 0.051575 0.004393
0.477464 0.051545 0.004503
0.482015 0.051447 0.004317
0.487650 0.051485 0.004428
0.490982 0.051969 0.004822
0.495867 0.052571 0.004644
0.500452 0.053189 0.004661
0.505762 0.054358 0.004504
0.510163 0.054741 0.004785
0.513875 0.055667 0.004666
0.519688 0.056478 0.004421
0.524114 0.057693 0.004392
0.528108 0.058854 0.004308
0.533339 0.059665 0.004505
0.537171 0.060954 0.004477
0.542050 0.061972 0.004419
0.546475 0.063475 0.004817
0.551333 0.064672 0.004578
0.556199 0.065533 0.004952
0.561203 0.066756 0.004747
0.565045 0.066455 0.004765
0.569780 0.067354 0.004448
0.574661 0.068215 0.004316
0.579345 0.069046 0.004224
0.583885 0.068453 0.005092
0.592901 0.069763 0.004634
0.597649 0.069358 0.004483
0.602031 0.068729 0.004553
0.605956 0.069261 0.004984
0.610907 0.068222 0.004338
0.615711 0.067820 0.004314
0.620850 0.066750 0.004277
0.625018 0.065908 0.004266
0.630353 0.065162 0.004547
0.634743 0.064238 0.004593
0.639480 0.063204 0.005034
0.643582 0.062514 0.005045
0.648929 0.061274 0.004437
0.652695 0.059492 0.004604
0.657708 0.058489 0.004383
0.662284 0.057132 0.004995
0.666928 0.056202 0.004510
0.671054 0.055825 0.004118
0.675582 0.054400 0.004427
0.459454 0.042660 0.004155
0.463403 0.042346 0.004394
0.468133 0.042133 0.004019
0.472767 0.042262 0.004554
0.477128 0.042122 0.004477
0.481918 0.041955 0.004702
0.487333 0.041739 0.004522
0.491547 0.042603 0.004869
0.496364 0.042528 0.005104
0.501140 0.043594 0.004991
0.504922 0.043998 0.004459
0.509304 0.045384 0.004525
0.514568 0.046351 0.004470
0.518946 0.047707 0.004530
0.523878 0.048359 0.004350
0.527839 0.049264 0.004401
0.532487 0.050066 0.004843
0.537594 0.051396 0.004209
0.541965 0.053284 0.004679
0.546605 0.053622 0.004488
0.551613 0.055238 0.004151
0.555759 0.055381 0.004525
0.560126 0.056082 0.004957
0.565126 0.057411 0.004109
0.569951 0.058209 0.004541
0.574484 0.058784 0.004318
0.579443 0.059494 0.004448
0.583218 0.059708 0.004607
0.588050 0.060378 0.004607
0.592321 0.059911 0.004524
0.597594 0.059328 0.004489
0.601883 0.060535 0.004586
0.606364 0.059477 0.004099
0.610993 0.059318 0.004120
0.616288 0.058302 0.004402
0.620376 0.057330 0.004236
0.625259 0.056642 0.004765
0.629620 0.056024 0.004461
0.634351 0.054925 0.004020
0.638500 0.053840 0.004246
0.643622 0.052102 0.004246
0.648469 0.050632 0.004553
0.652729 0.050458 0.004727
0.657124 0.048772 0.004467
0.661995 0.047690 0.004651
0.666128 0.047007 0.004546
0.671476 0.045962 0.005002
0.675626 0.045456 0.004481
0.680000 0.044193 0.004991
0.459556 0.033304 0.004090
0.464322 0.032742 0.004479
0.468575 0.032611 0.004691
0.473203 0.032061 0.004334
0.477408 0.032125 0.004585
0.482272 0.031960 0.004581
0.486904 0.032074 0.004384
0.491591 0.032802 0.004908
0.496399 0.033403 0.004849
0.501085 0.033913 0.004504
0.505910 0.034898 0.004128
0.510155 0.035951 0.004211
0.514441 0.036488 0.004627
0.520098 0.037628 0.004866
0.524450 0.039671 0.004795
0.528510 0.039782 0.004367
0.533357 0.041527 0.004532
0.537718 0.042262 0.004083
0.542614 0.043661 0.004222
0.546693 0.044143 0.004948
0.551972 0.045369 0.004686
0.556206 0.046301 0.004709
0.561080 0.047691 0.004866
0.565703 0.048085 0.004466
0.574268 0.049457 0.004709
0.579541 0.050438 0.004519
0.583934 0.050274 0.004443
0.588558 0.050808 0.004690
0.593111 0.050307 0.004512
0.597908 0.050034 0.004765
0.602433 0.050011 0.004352
0.606922 0.049266 0.004562
0.611358 0.049428 0.004656
0.616435 0.048878 0.004124
0.620421 0.048557 0.004926
0.625359 0.047136 0.003978
0.630337 0.046381 0.004467
0.634615 0.045309 0.004352
0.639616 0.044108 0.004599
0.643399 0.042165 0.005189
0.648621 0.042592 0.004772
0.460725 0.023579 0.004544
0.465289 0.023300 0.004928
0.469893 0.023468 0.004551
0.474353 0.022789 0.005305
0.479088 0.022753 0.004309
0.484095 0.022695 0.004247
0.487510 0.023369 0.004361
0.492597 0.023716 0.003950
0.497415 0.024240 0.005133
0.502335 0.024888 0.004273
0.506748 0.025734 0.004386
0.511379 0.026338 0.004673
0.516109 0.027531 0.004294
0.520200 0.028186 0.004683
0.525757 0.029718 0.004351
0.529809 0.030867 0.004336
0.533947 0.031120 0.004685
0.539069 0.033145 0.004322
0.543477 0.033905 0.004464
0.547837 0.034630 0.003958
0.553109 0.036402 0.004437
0.557698 0.036991 0.004144
0.562199 0.037461 0.004850
0.566593 0.038567 0.004483
0.570997 0.039371 0.004667
0.575403 0.040452 0.004453
0.580119 0.041051 0.004476
0.585029 0.041036 0.004088
0.589575 0.040826 0.004819
0.594438 0.041114 0.004531
0.598753 0.040545 0.004729
0.603491 0.040744 0.004416
0.608339 0.040558 0.004344
0.613033 0.039418 0.004456
0.617091 0.039100 0.004187
0.622301 0.038517 0.004360
0.626581 0.038277 0.004386
0.631549 0.036436 0.004372
0.635450 0.035644 0.004679
0.644312 0.033648 0.004264
0.649672 0.032258 0.004533
0.653698 0.031805 0.004420
0.658555 0.030917 0.004338
0.663265 0.029045 0.004451
0.461688 0.014472 0.004307
0.466704 0.013760 0.004773
0.471237 0.012985 0.005028
0.476486 0.013515 0.004313
0.480231 0.013426 0.004855
0.485154 0.013753 0.004147
0.489820 0.013978 0.004244
0.494334 0.014713 0.004474
0.498919 0.014108 0.004470
0.508204 0.017250 0.004962
0.512800 0.016143 0.004634
0.517208 0.017971 0.004477
0.521525 0.018905 0.004973
0.526797 0.019746 0.004250
0.531954 0.020994 0.004672
0.535216 0.021478 0.004661
0.540476 0.022886 0.004350
0.545086 0.024174 0.003909
0.549869 0.025287 0.004217
0.554582 0.026197 0.004242
0.558823 0.027379 0.004230
0.563501 0.028374 0.004489
0.568207 0.028695 0.004337
0.572732 0.029727 0.004460
0.577694 0.030480 0.004691
0.582443 0.030705 0.004962
0.586437 0.031545 0.004467
0.591407 0.031540 0.004719
0.595640 0.031238 0.004332
0.600368 0.031400 0.004434
0.604493 0.030516 0.004525
0.609129 0.031085 0.004882
0.613310 0.030006 0.004738
0.618888 0.028212 0.004861
0.624175 0.028956 0.004816
0.627433 0.027718 0.004381
0.632395 0.027410 0.004143
0.636697 0.026422 0.004445
0.642161 0.024989 0.004289
0.646338 0.024586 0.004428
0.650499 0.023137 0.004809
