227.41 1928.87 11
237.77 1929.26 10
247.19 1927.87 10
258.09 1926.80 10
265.65 1926.97 10
277.81 1927.14 10
286.91 1926.98 10
298.59 1929.60 10
308.17 1928.15 10
319.89 1929.06 11
328.58 1927.35 10
338.75 1928.91 11
349.06 1928.60 11
359.64 1928.99 11
368.74 1927.39 11
377.95 1927.85 11
388.35 1927.17 11
399.98 1926.57 10
411.31 1926.91 10
418.94 1927.87 11
430.72 1927.60 11
438.68 1927.14 11
450.95 1927.28 10
459.93 1928.85 10
470.50 1928.49 10
481.99 1928.78 10
493.05 1928.48 11
500.65 1928.06 10
520.36 1928.04 10
531.79 1927.80 11
541.41 1928.21 10
551.22 1928.69 10
560.92 1927.21 10
571.85 1927.74 11
581.53 1927.02 10
593.41 1928.16 11
602.12 1927.78 11
614.07 1929.36 10
623.69 1927.06 10
633.75 1928.05 11
643.37 1929.64 11
651.92 1930.03 10
78.73 701.86 41
113.11 700.75 42
149.81 716.46 42
181.13 729.52 42
229.08 741.24 42
269.79 758.03 42
302.25 768.86 43
337.89 766.47 43
384.86 783.27 43
423.83 791.91 43
468.67 819.83 43
503.99 828.00 42
539.48 825.01 43
580.52 847.13 43
623.29 845.77 43
663.86 865.54 43
695.72 871.74 42
744.96 899.35 43
787.47 899.18 43
815.50 914.38 42
893.85 934.07 42
936.43 942.10 42
965.96 948.65 42
1023.28 963.65 42
1066.31 973.51 42
1099.52 987.92 43
1137.36 1005.63 43
1173.19 995.04 43
1198.96 1026.21 43
1261.38 1030.86 42
1292.87 1045.76 42
1335.17 1051.36 43
1370.65 1062.00 43
1413.31 1065.01 42
1449.54 1080.46 42
1504.26 1096.27 42
1536.75 1110.82 43
1559.64 1110.51 42
1602.55 1123.19 43
1649.49 1141.37 42
1684.55 1151.22 43
1734.52 1157.36 42
1770.91 1165.67 43
1816.56 1188.62 43
1855.84 1204.02 43
1889.28 1209.86 42
1932.28 1220.66 43
77.28 633.91 43
108.30 628.88 43
143.84 649.75 42
191.75 661.23 43
229.05 674.41 42
261.83 677.66 43
312.30 689.86 43
352.76 709.48 44
400.59 717.82 42
428.55 728.09 43
460.46 742.73 43
500.45 753.32 43
549.38 766.46 42
574.94 760.29 43
618.46 787.06 42
659.52 798.49 43
707.93 817.06 42
736.93 820.74 42
778.74 816.21 42
821.43 854.09 43
859.93 853.35 43
905.11 857.26 42
948.71 866.42 43
982.89 878.12 43
1014.75 885.34 42
1060.35 904.27 43
1099.11 916.48 42
1139.24 929.48 43
1180.45 946.61 43
1209.97 944.46 43
1257.73 961.19 43
1297.27 959.11 43
1389.85 990.21 42
1409.43 1004.21 42
1456.95 1007.45 42
1483.16 1016.72 43
1531.15 1035.68 43
1570.83 1047.50 43
1606.14 1061.00 43
1656.52 1070.20 42
1686.68 1079.90 43
1731.36 1093.58 43
1772.44 1108.35 42
1811.28 1121.50 42
1849.75 1117.50 43
1887.14 1133.23 42
1932.13 1149.59 42
1969.31 1153.29 42
79.63 561.16 43
111.02 565.75 42
150.96 558.26 43
172.52 595.12 42
224.33 597.68 42
269.00 615.80 42
307.35 615.02 43
351.69 634.24 42
389.74 646.46 43
419.96 655.25 43
469.27 656.40 43
505.48 686.12 43
546.23 681.91 42
577.05 691.61 43
625.38 711.53 42
665.80 726.04 43
701.38 725.57 42
751.41 746.40 42
774.47 755.83 42
821.31 767.26 42
860.36 776.88 43
901.91 800.71 43
938.49 795.41 43
988.87 813.87 42
1023.76 815.02 43
1066.09 827.74 42
1106.20 832.19 43
1135.56 854.73 42
1184.41 864.64 42
1220.85 877.97 42
1261.38 892.01 43
1294.18 894.45 42
1345.53 918.77 42
1366.13 919.23 43
1454.00 942.97 43
1498.10 953.67 42
1541.65 972.42 42
1579.25 977.09 42
1608.41 984.13 43
1652.76 996.49 42
1697.54 1008.72 42
1729.66 1016.12 43
1763.96 1028.18 42
1804.96 1037.52 42
1836.40 1055.89 42
1894.46 1066.76 43
70.18 484.00 42
116.27 492.43 42
152.24 515.05 42
197.35 515.22 43
221.42 523.87 43
263.08 537.08 43
306.93 548.45 43
357.12 562.02 43
390.44 566.16 42
427.05 578.22 43
468.19 598.46 42
508.24 606.06 43
545.80 610.89 42
583.24 629.84 42
615.19 632.44 43
666.94 652.98 43
712.74 660.63 42
740.65 669.07 42
786.63 682.62 43
829.70 695.91 42
865.02 704.55 42
893.11 712.74 43
947.46 733.49 42
985.43 748.72 43
1022.23 747.10 43
1061.57 754.97 43
1108.72 776.09 42
1136.87 775.88 42
1179.76 794.31 42
1227.40 804.71 43
1267.42 820.71 43
1296.19 821.18 42
1334.34 836.02 42
1374.14 843.44 42
1421.78 859.91 42
1449.55 869.65 42
1494.43 881.80 42
1530.63 884.76 42
1570.49 900.52 42
1621.13 897.75 43
1660.54 913.63 42
1697.31 939.22 43
1724.42 937.34 43
1768.38 959.20 43
1807.11 963.47 42
1851.03 971.46 42
1880.28 988.59 42
1931.94 994.04 43
60.07 399.22 43
118.07 420.27 42
161.09 433.21 42
187.02 443.01 42
236.02 449.10 43
286.46 473.02 43
309.07 469.31 42
347.39 489.03 42
387.82 497.45 43
431.30 508.79 42
473.50 519.31 42
517.08 539.91 42
539.69 532.72 43
588.64 558.39 43
624.97 572.47 43
659.44 571.90 43
695.96 575.29 42
754.11 598.43 43
780.44 607.80 43
817.39 618.32 42
855.71 627.35 43
891.81 634.48 42
943.65 660.07 43
980.71 669.75 43
1022.50 678.96 43
1071.23 694.10 43
1105.73 703.53 43
1143.18 708.24 43
1176.03 716.74 43
1211.24 734.41 43
1258.08 737.13 42
1315.81 751.75 42
1343.45 752.81 43
1414.89 784.79 43
1461.45 791.63 42
1508.87 826.95 43
1532.18 809.22 43
1577.81 831.11 43
1615.38 836.07 42
1658.04 844.09 43
1696.34 861.39 42
1742.96 878.00 42
1776.19 876.99 42
1810.03 895.57 43
1859.66 916.92 43
1891.35 924.51 42
1925.21 925.42 42
1971.09 947.78 42
2019.72 958.27 42
82.09 336.90 42
113.64 342.99 42
152.76 368.11 43
197.01 370.17 42
223.28 372.71 42
286.53 400.32 42
310.24 409.34 43
360.81 421.34 43
381.03 423.99 42
427.33 439.63 42
474.41 447.10 43
513.67 458.93 42
550.08 475.68 42
587.97 486.87 42
628.23 489.77 43
670.00 513.76 42
705.85 517.62 42
745.27 530.26 42
789.61 536.62 43
829.73 546.33 43
867.53 563.10 42
901.44 579.14 43
943.11 581.89 42
987.66 585.70 43
1023.75 606.83 42
1067.76 613.00 42
1108.96 627.33 43
1141.73 643.26 43
1178.40 643.61 42
1225.89 657.59 42
1264.20 673.39 43
1300.61 681.54 42
1334.49 685.34 42
1415.01 723.23 42
1454.49 720.25 43
1498.78 735.91 43
1539.44 748.70 43
1572.72 761.04 43
1622.32 767.28 43
1652.75 779.88 43
1702.13 792.48 43
67.91 267.83 42
115.06 281.81 43
154.05 292.97 43
205.16 303.94 43
229.07 309.97 42
311.11 335.71 43
355.49 354.90 42
395.25 352.81 42
440.36 379.88 43
467.06 368.41 42
505.34 381.41 42
546.78 397.17 42
591.98 416.40 41
644.60 422.09 42
673.44 443.76 42
708.67 436.74 42
743.84 429.97 43
781.85 471.32 43
826.69 460.90 42
868.42 488.95 43
900.50 500.01 43
949.42 507.88 42
976.36 524.95 43
1034.86 542.80 42
1058.71 538.21 43
1108.84 551.18 43
1141.05 570.40 43
1182.65 574.26 42
1218.31 580.83 42
1254.91 604.37 42
1304.41 614.15 42
1334.83 619.59 43
1382.04 636.04 42
1407.43 639.17 43
1496.46 671.00 42
1546.28 680.73 42
1582.58 697.70 42
1618.21 702.60 42
1667.90 712.57 42
1701.99 719.44 42
1735.45 741.87 43
1772.16 742.77 43
1817.67 750.92 43
1856.89 768.23 43
1896.19 773.43 42
1933.09 791.49 43
74.24 195.77 43
112.32 209.56 42
155.22 221.02 42
201.99 233.12 43
236.30 248.04 43
266.68 246.36 42
304.66 262.57 43
351.42 280.45 42
399.27 283.30 42
437.64 292.49 42
468.59 308.01 42
515.82 319.65 43
551.04 312.50 43
624.37 341.69 43
666.16 359.73 43
713.87 375.52 43
740.82 375.16 43
798.39 390.41 43
837.05 402.99 44
873.18 412.89 43
907.06 425.59 43
953.28 433.33 42
985.87 453.76 43
1033.03 470.35 43
1073.13 476.29 42
1101.34 468.10 43
1140.21 491.48 43
1177.82 510.06 43
1221.80 516.38 43
1271.77 535.66 43
1300.06 542.59 43
1344.66 543.15 42
1380.41 568.58 42
1416.35 569.60 42
1467.44 580.82 43
1504.23 592.66 42
1540.28 602.68 43
1578.66 610.26 42
1614.25 623.69 42
1651.92 644.32 42
1694.59 645.81 43
1730.91 659.67 44
1783.92 672.76 43
1820.78 677.14 43
1856.72 694.41 42
77.86 128.63 42
132.77 150.82 42
158.39 149.45 43
199.60 152.15 43
245.46 166.09 43
278.99 174.22 42
316.34 186.94 42
397.38 211.30 42
439.58 220.13 43
465.17 230.92 43
521.57 243.59 42
554.40 252.13 43
592.57 269.29 42
636.51 271.92 43
683.08 288.37 43
702.11 300.89 42
764.84 320.63 43
785.98 318.72 43
873.42 347.75 42
912.31 360.38 42
950.20 365.64 43
988.25 378.88 43
1015.52 387.90 43
1065.67 410.39 43
1104.53 409.18 42
1145.48 419.30 43
1184.99 427.24 43
1228.87 449.66 43
1270.23 452.92 42
1295.60 452.29 43
1334.30 470.26 43
1384.35 491.27 42
1423.21 489.29 43
1464.14 506.26 43
1496.17 524.31 42
1549.25 537.75 42
1586.49 546.21 43
1629.96 557.46 43
1659.22 567.67 43
1690.16 578.41 43
1735.99 579.26 43
1813.44 607.51 43
1852.40 622.15 43
1906.08 624.16 43
1944.77 648.49 42
1981.30 658.69 42
83.95 50.90 42
124.59 53.20 43
163.64 76.66 42
198.82 91.22 42
239.45 101.90 42
268.25 115.24 43
316.61 115.74 42
352.96 129.28 43
398.15 144.83 43
438.78 151.29 42
473.88 157.57 43
521.61 176.56 43
558.26 177.90 43
597.69 196.29 43
682.07 224.09 42
716.82 229.24 42
757.54 240.97 43
789.96 246.65 43
838.35 266.42 42
874.87 272.34 42
911.16 287.20 43
946.26 295.14 43
991.86 314.43 43
1034.47 314.24 42
1074.09 332.69 43
1104.54 341.06 43
1150.00 357.72 42
1194.79 362.57 42
1228.67 370.10 42
1269.81 387.30 43
1314.23 386.19 43
1363.25 419.90 42
1378.79 412.28 43
1429.13 431.17 42
1466.82 445.13 43
1504.47 448.66 43
1549.45 460.17 43
1584.13 473.77 43
1632.25 479.37 41
1661.61 499.78 43
1708.34 510.03 43
1744.58 524.21 43
1777.49 529.34 42
1810.77 531.39 42
1866.83 553.45 42
1894.06 559.47 42
1947.01 587.47 43
1982.44 581.97 42
2025.68 590.10 42
196.86 1402.72 26
237.36 1413.28 26
263.74 1407.20 30
290.68 1413.40 29
311.60 1422.99 31
346.39 1427.82 30
370.72 1422.53 29
390.06 1418.92 28
423.29 1418.94 30
443.49 1421.34 30
468.35 1425.40 29
492.35 1421.99 32
520.65 1430.77 29
543.04 1423.47 26
575.46 1419.75 29
593.97 1415.38 30
621.98 1411.13 30
651.29 1409.90 27
672.55 1411.69 26
692.94 1409.86 31
725.85 1397.89 28
746.10 1403.28 28
775.81 1394.79 26
800.51 1391.19 29
824.53 1386.08 25
847.02 1375.77 29
872.88 1376.64 32
896.48 1378.92 28
921.45 1375.59 29
950.48 1359.56 28
975.49 1363.88 29
1003.76 1365.50 28
1026.79 1356.28 29
1052.63 1348.82 31
1073.13 1341.68 29
1106.77 1347.31 32
1128.89 1345.06 32
1149.08 1339.65 27
1177.59 1333.47 29
1202.87 1336.56 27
1229.89 1337.63 29
1256.54 1328.82 29
1283.15 1327.63 32
186.23 1354.24 29
215.28 1354.06 29
236.97 1361.90 29
265.12 1367.61 30
285.70 1368.26 25
314.66 1372.76 26
336.79 1372.79 27
362.88 1364.78 28
388.63 1370.83 29
411.32 1371.84 29
439.50 1375.22 28
464.55 1370.94 27
491.76 1372.05 27
509.66 1375.71 30
537.46 1364.73 28
563.52 1366.67 28
586.47 1372.76 29
621.27 1366.27 27
637.17 1357.57 23
665.19 1362.67 28
690.92 1357.83 28
720.58 1353.69 26
743.90 1345.58 30
770.24 1344.64 27
791.21 1343.91 30
819.43 1333.47 28
840.73 1329.88 30
869.98 1328.30 30
895.42 1323.68 30
920.02 1327.54 30
937.88 1309.55 28
974.56 1313.33 28
996.91 1308.29 27
1022.26 1311.28 31
1047.82 1299.79 27
1070.76 1297.32 30
1095.93 1296.34 31
1120.74 1289.77 31
1150.20 1290.21 29
1168.95 1291.55 29
1198.47 1280.32 30
1223.71 1278.27 28
1250.96 1283.08 29
1275.52 1276.68 29
1299.64 1276.96 30
1327.44 1275.03 29
1352.43 1279.84 31
1375.70 1280.63 30
1401.15 1282.88 28
1425.62 1283.44 27
179.37 1305.16 28
200.05 1307.63 27
223.59 1311.48 26
252.84 1318.36 26
277.42 1317.93 26
301.18 1321.52 26
326.72 1315.17 26
353.12 1327.09 27
378.59 1323.82 28
403.48 1313.95 33
427.48 1318.23 29
453.72 1321.17 28
482.57 1320.53 30
508.67 1322.90 26
529.89 1317.05 30
552.38 1322.41 30
581.46 1322.40 27
604.39 1316.37 28
636.45 1315.09 28
653.02 1314.06 27
681.03 1303.20 29
710.40 1302.90 30
736.99 1303.68 28
757.92 1294.22 29
783.77 1294.21 28
804.25 1285.68 30
833.56 1283.50 27
854.72 1281.43 27
890.27 1273.62 28
912.09 1269.15 29
946.23 1265.71 30
960.10 1261.16 29
982.15 1264.59 31
1010.03 1256.16 29
1029.83 1243.44 31
1062.67 1248.06 28
1092.81 1248.02 29
1112.56 1233.36 29
1137.50 1239.13 28
1165.80 1233.61 29
1187.31 1224.57 30
1217.19 1235.81 29
1235.89 1229.12 29
1261.54 1220.35 28
167.46 1254.88 31
193.76 1256.89 27
218.67 1258.20 29
242.90 1260.96 30
273.57 1263.56 30
298.54 1271.10 28
324.49 1268.86 29
350.79 1273.83 27
372.96 1278.51 27
393.73 1267.44 26
424.14 1267.14 30
450.58 1278.05 29
476.40 1268.88 29
501.75 1270.11 30
522.96 1269.81 29
550.50 1269.89 28
574.29 1270.09 27
604.38 1265.84 31
623.39 1254.87 31
647.08 1262.07 29
673.64 1253.86 27
702.23 1259.42 28
731.44 1245.23 31
756.08 1248.58 30
774.81 1236.69 29
802.93 1237.58 26
828.33 1236.54 29
855.51 1228.29 32
879.07 1223.08 30
896.70 1221.24 28
927.85 1209.43 31
952.19 1218.62 27
981.81 1201.20 31
1004.44 1201.83 26
1029.71 1205.65 26
1055.51 1205.50 31
1081.67 1197.64 28
1104.52 1187.36 27
1131.25 1188.73 27
1157.54 1189.06 30
1179.64 1178.83 29
1205.34 1186.20 29
1231.94 1184.37 30
1262.01 1186.89 29
1283.09 1177.36 27
1308.42 1180.56 27
1329.38 1179.92 30
1360.79 1177.54 29
178.22 1203.49 29
201.69 1202.98 28
223.39 1210.88 30
249.97 1216.95 30
276.98 1215.66 30
301.53 1225.41 31
325.72 1223.00 27
348.63 1220.09 27
379.57 1221.98 28
401.72 1229.96 25
426.68 1223.40 30
447.92 1224.64 27
473.84 1223.55 27
502.29 1219.61 29
532.08 1221.71 29
547.63 1223.36 29
580.59 1220.50 28
606.10 1214.89 32
633.94 1213.04 25
653.07 1209.71 27
680.66 1210.06 30
707.98 1201.52 28
724.97 1201.94 28
751.97 1195.07 30
779.81 1198.28 30
803.00 1183.16 29
829.31 1181.41 29
856.80 1181.20 32
884.71 1172.50 29
905.31 1174.21 29
926.85 1169.79 30
959.22 1157.53 29
984.67 1159.58 27
1010.27 1155.20 24
1039.18 1150.00 29
1061.82 1142.96 28
1086.02 1147.69 25
1137.00 1138.60 27
1168.56 1138.54 32
189.33 1153.92 31
210.49 1157.26 30
232.94 1161.69 28
254.77 1168.73 27
290.30 1164.11 29
313.25 1167.65 28
338.52 1171.98 27
364.40 1172.62 30
387.44 1174.01 25
414.49 1168.71 32
465.39 1177.40 29
490.62 1171.28 27
516.21 1172.87 31
535.53 1168.19 28
565.21 1170.89 28
587.68 1166.38 30
612.99 1170.10 27
639.14 1166.04 25
667.00 1159.31 24
689.33 1153.29 28
714.66 1160.48 28
742.06 1146.80 24
765.54 1151.34 29
794.07 1139.40 31
821.69 1129.52 33
839.36 1131.33 32
871.27 1136.42 31
892.07 1123.74 29
915.96 1122.66 27
938.52 1115.51 31
971.38 1111.20 28
991.99 1111.18 27
1021.66 1106.42 29
1047.78 1101.01 29
1075.14 1096.63 29
1095.41 1091.58 30
1115.95 1092.50 31
1139.20 1098.35 30
1175.46 1082.52 28
1202.61 1079.38 29
468.43 2446.99 27
504.63 2456.98 27
537.79 2466.04 28
570.92 2473.21 26
605.67 2482.35 28
640.98 2490.59 28
676.32 2501.67 28
711.70 2503.62 27
746.96 2507.56 27
781.29 2513.33 27
814.64 2515.89 27
849.03 2518.50 27
882.40 2516.06 26
919.94 2515.11 27
959.63 2511.99 27
989.27 2505.78 28
1023.24 2500.51 27
1057.52 2493.68 28
1093.83 2488.23 28
1130.48 2478.74 28
1163.90 2471.85 27
1196.22 2463.79 27
1229.18 2452.58 27
1269.46 2442.67 27
1301.46 2436.08 28
1333.91 2428.44 27
1372.56 2420.73 28
1405.12 2411.86 28
1440.42 2404.88 28
1474.89 2397.66 27
1510.71 2395.64 27
1544.04 2388.75 27
1577.98 2388.48 28
1612.18 2387.33 27
1647.95 2388.19 28
1682.17 2391.52 27
1718.27 2396.48 27
1750.15 2398.39 28
1788.23 2405.66 27
1822.93 2411.78 26
1856.63 2417.79 26
386.08 2375.17 28
419.99 2380.43 27
455.15 2390.67 28
490.38 2399.85 28
524.47 2409.23 27
559.60 2416.28 28
593.48 2426.27 28
630.52 2437.65 27
663.33 2441.04 27
697.32 2448.82 28
734.61 2453.76 28
766.20 2457.64 29
801.28 2463.76 27
835.68 2462.35 27
870.69 2461.63 27
904.55 2463.51 27
939.41 2461.52 27
975.82 2455.27 28
1009.59 2455.34 27
1044.83 2446.82 28
1078.83 2437.76 27
1115.47 2430.74 28
1150.38 2423.79 27
1182.90 2417.35 27
1217.90 2407.10 28
1252.69 2397.14 27
1286.84 2390.76 27
1321.22 2379.98 28
1357.08 2371.34 28
1394.99 2361.14 27
1422.41 2356.29 27
1461.26 2348.91 27
1498.69 2343.66 27
1531.39 2343.36 28
1565.27 2336.91 27
1601.06 2336.40 28
1635.07 2337.67 28
1671.26 2334.32 29
1738.32 2343.64 27
1775.50 2349.31 27
1808.07 2356.21 28
1845.28 2365.53 28
1878.03 2371.62 27
1909.89 2379.16 27
1945.69 2388.38 27
338.86 2309.14 27
375.77 2317.69 28
409.09 2324.55 28
443.17 2334.42 27
477.63 2343.92 28
515.46 2354.76 28
548.35 2362.26 28
583.89 2371.10 27
617.91 2378.85 27
651.62 2386.66 28
684.59 2391.98 27
723.09 2401.71 27
754.95 2402.94 28
791.44 2408.69 28
824.95 2410.26 27
862.89 2411.52 27
897.09 2410.71 27
929.91 2407.79 28
963.46 2404.85 27
999.42 2402.01 27
1032.96 2398.28 28
1067.99 2390.95 27
1104.67 2382.72 28
1139.69 2373.91 28
1174.27 2366.59 27
1205.43 2357.64 27
1243.28 2348.93 27
1277.92 2338.47 28
1310.97 2331.79 28
1344.66 2323.86 27
1380.35 2314.40 28
1451.16 2297.62 27
1485.90 2294.13 28
1518.16 2290.55 28
1552.36 2286.94 28
1588.39 2285.38 26
1622.13 2285.62 28
1660.51 2283.53 28
1693.36 2284.63 27
1730.03 2291.84 27
1762.53 2292.41 26
1797.59 2303.90 27
1831.22 2306.60 28
1867.91 2314.38 28
1904.98 2320.78 27
1939.39 2333.93 28
1969.77 2341.46 27
2004.33 2348.50 28
315.28 2255.30 28
351.43 2257.98 28
388.02 2266.31 27
418.77 2275.84 27
456.40 2288.20 27
492.31 2296.02 29
524.00 2304.50 27
560.13 2311.38 28
595.33 2321.59 27
630.11 2332.13 27
663.41 2337.23 27
699.04 2342.98 27
733.70 2351.19 28
767.63 2353.01 29
799.90 2355.39 27
836.43 2358.70 28
870.36 2359.51 28
907.20 2361.83 27
943.13 2355.96 28
976.98 2352.57 27
1011.43 2347.44 27
1043.98 2340.89 26
1081.12 2334.73 28
1115.20 2324.38 28
1148.82 2317.79 28
1183.36 2313.79 28
1219.07 2303.65 27
1252.44 2290.40 27
1286.32 2281.47 28
1320.72 2275.33 28
1357.71 2265.95 28
1391.49 2257.70 27
1427.36 2253.99 27
1460.76 2243.98 27
1497.22 2237.71 28
1531.76 2235.60 28
1565.75 2233.44 28
1600.14 2230.58 27
1636.53 2231.74 29
1669.05 2231.72 27
1706.92 2236.80 27
1738.65 2238.78 27
1774.87 2245.59 28
1809.51 2251.77 27
1841.29 2259.29 28
1877.70 2265.81 28
1911.99 2277.38 28
1944.51 2281.57 28
1983.40 2294.59 28
2017.96 2302.64 27
417.66 2227.75 27
453.18 2231.42 27
484.88 2238.86 27
518.33 2252.92 28
555.42 2261.20 28
588.24 2269.68 27
623.77 2275.29 28
659.35 2284.41 27
693.74 2292.86 28
728.17 2295.48 28
761.97 2301.65 27
833.02 2306.99 27
868.50 2308.84 27
900.61 2304.72 27
934.87 2303.45 29
972.40 2298.77 28
1006.24 2294.75 27
1040.65 2289.95 28
1075.66 2279.87 28
1109.54 2278.15 28
1143.75 2266.38 27
1179.19 2257.60 28
1213.67 2249.21 27
1248.83 2238.11 29
1285.02 2232.32 28
1316.83 2223.18 27
1353.24 2213.70 28
1390.31 2203.59 28
1423.22 2198.71 28
1456.66 2192.25 28
1491.65 2188.81 27
1523.45 2182.24 27
1558.91 2180.75 28
1595.09 2179.03 27
1629.95 2182.82 27
1662.59 2179.30 27
1700.45 2181.61 28
1734.21 2186.85 28
1767.70 2193.12 28
1804.43 2200.53 27
1838.75 2208.31 28
1869.56 2214.43 26
1907.82 2222.97 27
1295.54 2177.94 19
1315.74 2177.90 18
1341.12 2177.83 19
1361.03 2178.84 18
1384.93 2175.62 18
1429.85 2173.08 20
1452.01 2169.33 19
1474.25 2173.47 19
1497.19 2170.69 19
1521.60 2167.26 20
1542.79 2164.05 18
1564.68 2167.75 18
1588.04 2166.56 19
1613.91 2170.62 18
1633.16 2163.41 19
1654.42 2164.04 18
1677.46 2163.75 20
1702.15 2160.77 17
1722.51 2160.62 19
1746.91 2158.45 17
1766.13 2158.26 19
1788.57 2158.34 19
1812.77 2155.34 20
1834.52 2157.48 19
1860.42 2154.30 18
1881.06 2156.40 19
1903.60 2156.44 18
1926.16 2156.55 19
1948.68 2154.55 18
1970.58 2155.77 18
1993.72 2155.70 18
2016.67 2153.09 19
2038.42 2154.25 17
2059.80 2155.04 18
2082.67 2150.84 19
2105.32 2155.15 19
2128.65 2152.76 20
2151.03 2154.77 19
2170.89 2156.04 19
2195.83 2154.25 18
2218.11 2155.39 18
2239.35 2156.83 18
2263.54 2154.55 17
2285.62 2158.61 19
2307.25 2157.83 17
1299.93 2137.48 19
1322.66 2136.58 19
1345.66 2136.14 18
1367.21 2134.78 18
1391.39 2134.72 19
1413.84 2134.66 20
1434.54 2131.81 18
1457.74 2131.15 18
1479.00 2131.39 19
1503.81 2126.35 16
1524.25 2131.79 18
1547.25 2128.04 18
1570.40 2128.52 19
1593.04 2125.22 20
1615.15 2122.26 19
1639.74 2121.87 19
1660.37 2123.42 19
1682.48 2119.42 19
1706.51 2122.39 18
1727.50 2121.50 17
1751.79 2117.08 18
1772.89 2118.16 17
1795.60 2116.99 18
1818.48 2116.32 20
1835.67 2111.44 18
1862.76 2116.69 17
1885.13 2115.15 18
1909.58 2114.68 18
1929.52 2114.11 18
1952.75 2115.60 18
1976.70 2115.70 17
1998.53 2114.76 19
2020.34 2115.71 20
2041.72 2115.51 18
2067.56 2111.06 18
2089.29 2113.72 18
2112.74 2115.32 19
2133.38 2113.88 18
2155.69 2113.96 18
2178.92 2115.41 19
2199.20 2114.80 18
2224.76 2114.05 19
2249.36 2105.10 17
2270.47 2113.85 18
1309.52 2097.02 18
1329.68 2096.17 20
1352.45 2097.95 19
1376.69 2096.13 20
1398.77 2096.02 19
1420.88 2090.82 19
1443.01 2093.28 18
1466.14 2090.56 18
1489.19 2089.55 20
1513.21 2086.73 19
1533.66 2087.82 19
1556.86 2088.32 19
1600.96 2085.34 19
1623.76 2084.22 18
1645.36 2083.92 19
1669.07 2083.16 19
1691.61 2080.33 18
1713.38 2083.36 20
1736.82 2078.89 18
1757.82 2078.51 17
1779.82 2078.94 19
1805.84 2074.59 19
1827.87 2076.14 18
1848.42 2076.59 18
1872.58 2075.42 20
1895.78 2076.26 18
1916.43 2074.87 18
1939.57 2074.10 20
1960.10 2073.70 18
1985.10 2071.81 18
2006.79 2072.96 19
2030.26 2072.27 20
2052.51 2073.74 20
2074.12 2074.45 19
2098.31 2073.03 18
2119.76 2074.26 17
2141.31 2073.12 17
2164.05 2075.31 19
2186.53 2072.82 19
2209.21 2075.86 19
2231.35 2075.69 18
2254.91 2075.97 18
2276.65 2074.18 19
2300.71 2074.89 18
2321.85 2077.54 18
2346.70 2074.79 19
2366.41 2078.13 19
2412.92 2079.83 19
1318.33 2054.91 17
1341.54 2056.54 18
1362.10 2056.44 18
1384.25 2054.05 19
1406.65 2054.21 19
1431.57 2051.60 18
1452.77 2051.84 17
1498.68 2047.33 18
1522.55 2048.06 18
1543.01 2049.52 19
1565.20 2046.94 18
1589.01 2045.41 18
1611.65 2043.83 20
1633.07 2042.91 18
1655.61 2043.39 19
1678.31 2042.27 19
1699.25 2042.07 18
1722.35 2038.45 19
1745.57 2038.73 20
1769.35 2039.20 20
1791.93 2037.90 18
1812.68 2035.75 19
1838.56 2035.82 19
1859.21 2036.09 17
1881.81 2038.19 18
1904.86 2035.73 19
1928.44 2031.21 18
1948.52 2032.94 19
1970.90 2035.03 19
1995.08 2030.75 19
2016.40 2034.29 18
2039.17 2031.88 18
2061.04 2032.62 18
2086.17 2032.27 17
2106.11 2032.90 18
2128.11 2032.78 18
2152.67 2032.86 20
2175.50 2032.33 18
2196.01 2034.08 19
2239.73 2034.29 18
2263.66 2035.83 18
1327.35 2016.48 18
1348.11 2013.56 18
1372.20 2012.49 18
1394.35 2011.93 19
1415.74 2012.96 18
1438.73 2008.93 18
1461.82 2009.83 19
1483.65 2011.33 18
1506.00 2007.30 18
1528.28 2007.27 19
1574.04 2008.32 20
1595.85 2003.92 18
1618.34 2008.81 18
1642.27 2001.73 19
1663.83 1999.04 19
1685.90 2001.79 19
1707.65 1999.90 18
1729.55 1999.71 18
1750.68 1999.48 19
1774.81 1997.14 18
1798.81 1996.94 19
1822.53 1997.91 18
1841.78 1997.24 18
1866.04 1996.67 18
1889.39 1996.60 21
1911.57 1993.68 16
1935.50 1994.82 19
1955.22 1992.75 18
1980.67 1994.50 19
2002.11 1990.80 18
2025.13 1992.47 18
2045.51 1992.01 19
2069.31 1991.01 18
2091.75 1992.75 20
2115.87 1992.20 18
2137.73 1991.85 18
2181.44 1992.63 18
2204.39 1993.89 19
2225.32 1994.12 20
2248.49 1993.78 18
2273.45 1994.32 18
2294.61 1997.15 18
2316.49 1996.68 17
2339.99 1996.29 20
1329.55 1976.70 19
1353.29 1973.85 17
1374.29 1974.89 20
1398.08 1971.04 19
1420.10 1972.91 19
1440.49 1970.10 20
1462.55 1970.41 20
1487.72 1969.46 19
1510.38 1968.54 18
1532.61 1967.53 18
1553.32 1966.43 19
1578.15 1965.95 18
1605.05 1969.84 19
1623.31 1962.79 19
1643.79 1963.06 19
1667.00 1958.54 20
1688.87 1960.67 18
1713.45 1961.32 17
1736.00 1960.47 19
1756.49 1957.80 19
1778.67 1957.41 18
1802.15 1955.88 19
1823.31 1956.97 19
1845.72 1957.02 18
1869.01 1955.67 19
1891.71 1952.96 19
1914.78 1955.70 20
1937.58 1953.54 18
1960.61 1953.27 20
1982.32 1954.19 19
2004.20 1951.88 19
2026.90 1953.75 18
2049.12 1951.91 18
2072.25 1951.77 18
2094.98 1952.93 20
2115.99 1950.93 19
2138.99 1952.67 19
2161.07 1952.14 19
2185.00 1953.30 17
2208.00 1954.60 18
2228.53 1952.64 18
2254.45 1954.31 17
2274.10 1952.90 19
2299.23 1953.52 19
1326.76 1934.29 18
1349.09 1936.16 19
1373.31 1933.58 18
1394.45 1932.81 18
1417.39 1932.27 18
1438.77 1933.03 18
1464.26 1929.76 18
1486.37 1930.04 19
1506.76 1928.43 20
1529.65 1930.34 18
1552.86 1924.43 20
1577.86 1927.73 18
1598.05 1923.87 19
1620.89 1923.92 19
1642.53 1921.33 17
1665.36 1921.91 20
1686.85 1919.89 18
1711.39 1918.15 20
1733.30 1921.84 18
1754.54 1918.83 18
1779.35 1919.65 19
1801.01 1917.36 19
1824.68 1915.82 18
1846.23 1913.37 20
1868.93 1915.15 18
1890.07 1915.37 19
1912.27 1913.16 18
1958.69 1912.18 19
1981.53 1912.91 18
2002.92 1910.87 19
2026.66 1912.93 18
2047.54 1910.88 19
2070.80 1913.20 18
2093.70 1911.99 20
2116.13 1911.57 18
2137.05 1911.12 18
2160.73 1910.94 18
2184.34 1912.35 19
2206.70 1911.85 18
1320.88 1897.42 18
1344.34 1895.34 18
1367.89 1893.57 19
1389.25 1890.61 19
1410.70 1893.23 17
1433.19 1888.99 19
1458.02 1889.83 19
1479.15 1888.69 18
1502.06 1885.93 18
1525.55 1886.63 19
1558.05 1898.09 19
1570.02 1885.18 19
1591.67 1884.38 17
1613.47 1883.17 20
1637.41 1882.75 18
1658.88 1881.88 18
1683.56 1877.13 19
1704.65 1879.84 19
1726.36 1880.13 18
1749.06 1876.69 18
1772.60 1877.26 18
1794.65 1876.39 17
1818.04 1875.08 19
1840.67 1873.38 19
1861.97 1874.17 19
1885.74 1873.58 19
1906.36 1871.91 19
1931.52 1874.07 18
1951.60 1871.27 19
1974.54 1872.27 17
1997.88 1871.28 19
2019.56 1872.85 17
2042.05 1869.61 19
2065.06 1870.29 20
2090.99 1872.98 19
2110.31 1870.30 17
2132.63 1870.50 19
2156.92 1870.64 19
2198.42 1871.10 18
2223.47 1873.83 19
1314.39 1853.74 17
1335.82 1853.77 18
1357.94 1854.91 18
1380.31 1852.45 19
1404.36 1850.58 17
1425.59 1852.31 20
1446.99 1849.98 19
1472.68 1850.98 19
1493.31 1847.11 19
1516.37 1848.84 19
1536.99 1844.87 19
1560.84 1841.97 19
1583.68 1843.03 18
1607.53 1843.74 18
1628.15 1843.92 19
1652.05 1841.11 20
1673.10 1840.99 19
1694.98 1839.25 19
1717.67 1840.47 18
1741.97 1838.84 17
1763.56 1837.55 18
1785.98 1837.10 20
1810.78 1835.70 18
1829.73 1835.88 17
1852.68 1834.13 18
1874.51 1834.48 18
1900.68 1833.99 19
1920.15 1830.71 19
1943.95 1830.18 19
1967.01 1832.39 17
1989.53 1832.22 20
2011.61 1830.87 19
2034.81 1832.87 18
2054.78 1833.83 19
2079.75 1834.06 19
2101.07 1831.79 19
2123.77 1832.17 18
2145.99 1833.91 19
2168.66 1829.74 19
2191.19 1830.75 19
2215.17 1833.55 19
2237.29 1833.39 17
1304.89 1815.26 18
1327.08 1814.34 18
1348.38 1811.28 19
1371.71 1814.78 18
1393.32 1812.80 19
1417.21 1810.07 18
1438.62 1808.43 18
1461.91 1807.82 18
1484.77 1808.27 17
1505.13 1807.67 18
1529.89 1806.90 19
1552.60 1803.61 18
1575.10 1805.44 19
1596.10 1804.46 19
1621.77 1800.36 19
1641.01 1803.35 18
1664.57 1799.64 18
1686.51 1797.63 19
1712.19 1799.77 19
1733.99 1797.32 19
1753.14 1794.13 19
1776.57 1792.67 18
1801.50 1795.15 20
1822.87 1793.05 18
1843.33 1794.47 20
1865.53 1794.14 17
1890.13 1794.44 19
1912.03 1790.30 17
1934.79 1792.12 18
1955.81 1791.24 19
1978.53 1789.44 19
2001.93 1789.38 19
2021.70 1805.08 20
2044.92 1790.33 19
2069.22 1794.18 19
2093.50 1790.02 19
2116.40 1791.56 18
2137.17 1789.43 20
2160.85 1793.29 18
2181.45 1792.79 18
2204.77 1792.76 16
2227.16 1793.54 19
2249.85 1791.41 19
2272.85 1794.96 18
2295.68 1793.51 18
2318.40 1793.50 19
2340.13 1795.24 19
2362.91 1794.39 19
2384.12 1797.33 18
2406.76 1795.96 18
1296.31 1778.07 17
1319.71 1773.50 18
1340.65 1772.18 18
1363.66 1771.89 19
1387.72 1771.22 19
1408.65 1770.39 18
1431.90 1770.10 19
1456.09 1767.56 19
1477.83 1765.99 20
1498.75 1767.11 20
1521.43 1763.58 18
1545.80 1762.02 18
1566.45 1763.67 19
1590.05 1761.43 19
1613.73 1763.15 19
1633.44 1760.84 19
1657.17 1758.90 18
1679.77 1759.24 20
1702.37 1757.67 17
1723.46 1755.89 19
1747.25 1756.31 18
1769.26 1756.43 19
1791.22 1755.46 17
1816.33 1754.85 17
1837.20 1754.66 18
1859.43 1751.78 18
1884.03 1754.57 18
1906.60 1753.55 19
1928.98 1741.94 18
1947.42 1750.72 18
1973.12 1752.03 18
1997.06 1753.48 20
2017.27 1753.10 17
2042.41 1750.72 18
2062.40 1751.48 18
2084.25 1750.48 19
2106.29 1751.44 18
2131.46 1749.11 18
2152.55 1752.08 19
2176.58 1750.94 18
250.09 1702.43 13
265.73 1706.10 14
286.23 1711.98 14
308.62 1722.10 13
321.28 1723.01 14
342.83 1733.42 13
359.67 1739.22 14
374.91 1744.81 14
393.38 1752.40 14
413.51 1756.30 14
445.22 1765.73 13
464.74 1774.29 13
479.65 1777.12 13
494.53 1783.28 13
515.41 1786.26 14
531.23 1793.88 13
546.11 1795.35 14
566.21 1800.99 14
602.01 1808.06 14
618.75 1812.58 13
636.13 1819.96 13
655.17 1820.53 14
668.01 1824.42 14
687.46 1825.85 13
709.12 1829.82 13
724.77 1830.10 14
745.31 1837.85 14
763.69 1838.29 14
781.65 1840.58 14
802.40 1844.45 13
820.25 1845.66 14
842.86 1850.00 14
862.07 1850.40 13
881.94 1850.88 13
900.57 1856.06 14
918.89 1859.91 13
938.17 1858.81 14
957.34 1863.33 13
977.43 1866.83 14
996.34 1868.00 13
1011.57 1872.52 14
284.43 1687.87 14
303.44 1695.38 13
324.30 1702.69 14
341.04 1707.34 14
362.01 1716.12 13
380.05 1719.43 14
401.09 1725.50 14
417.97 1731.63 13
436.92 1740.32 13
453.55 1741.88 14
472.30 1749.17 14
488.48 1752.78 13
507.50 1760.04 13
524.27 1764.39 13
538.11 1769.53 13
559.56 1773.80 13
589.76 1783.95 13
626.02 1791.17 14
644.84 1793.03 13
659.50 1795.70 13
676.83 1797.88 13
692.99 1803.18 13
711.51 1804.45 13
726.71 1807.78 14
745.93 1811.72 14
762.17 1813.67 13
785.01 1814.70 14
798.77 1818.84 13
836.14 1825.11 14
855.19 1827.06 13
876.70 1826.80 14
894.93 1829.90 13
912.85 1831.52 14
933.97 1835.44 13
953.15 1839.72 14
976.23 1843.67 14
991.56 1846.59 14
1011.83 1847.25 14
222.59 1647.45 14
240.28 1655.68 14
262.38 1662.03 14
283.07 1666.46 14
301.09 1672.02 13
319.26 1679.59 13
337.67 1684.18 13
359.24 1691.03 13
378.57 1698.62 14
397.87 1703.52 13
416.79 1709.63 14
435.36 1714.51 13
457.79 1723.67 14
474.04 1725.78 13
490.12 1728.79 14
509.69 1735.92 13
531.34 1741.76 13
552.67 1746.38 14
565.76 1748.54 13
582.11 1752.85 14
602.65 1757.46 14
635.33 1765.68 14
652.93 1770.35 14
667.77 1774.30 14
686.15 1774.10 13
703.74 1778.23 13
718.76 1780.75 13
736.67 1784.36 13
756.35 1786.66 13
769.82 1790.78 13
785.11 1793.07 14
805.77 1794.92 14
821.37 1795.68 13
840.82 1800.26 14
858.32 1803.92 13
876.02 1804.55 13
892.03 1806.70 14
913.47 1808.97 14
930.29 1811.64 13
948.02 1816.26 14
967.66 1818.33 13
986.60 1820.54 14
1006.68 1825.04 14
150.76 1601.06 13
169.34 1610.35 14
189.51 1614.98 13
201.31 1617.58 14
222.32 1626.19 13
240.68 1631.86 13
259.00 1638.32 14
274.77 1641.18 13
297.73 1651.62 13
315.34 1654.89 14
334.63 1663.50 14
353.53 1666.75 14
372.58 1672.09 13
393.40 1680.21 14
414.70 1685.09 13
432.34 1689.59 14
453.63 1699.01 14
471.78 1700.72 13
490.17 1705.45 13
510.29 1711.02 14
529.19 1715.87 14
550.26 1723.66 13
569.06 1721.59 14
587.65 1730.69 13
606.39 1735.76 13
623.24 1736.72 14
641.95 1741.74 14
659.88 1744.11 14
676.10 1748.95 14
693.31 1748.74 13
711.59 1753.08 14
725.19 1761.42 14
746.72 1761.62 13
763.92 1760.03 14
777.87 1765.80 14
797.87 1770.57 13
815.42 1770.94 13
829.82 1770.85 14
850.12 1773.11 14
864.71 1780.88 14
882.77 1780.75 14
898.22 1784.33 14
918.36 1785.86 13
933.33 1789.58 13
952.18 1793.35 14
969.46 1795.25 13
987.47 1798.14 14
1008.03 1799.84 13
209.31 1595.45 13
225.91 1600.44 13
245.08 1607.64 14
261.04 1616.84 14
277.18 1617.33 14
297.90 1626.22 13
318.63 1631.18 13
333.67 1639.23 13
353.30 1644.31 14
370.44 1649.61 13
389.67 1656.41 13
409.12 1662.66 13
428.17 1667.48 14
447.88 1672.38 14
467.88 1678.91 13
483.24 1681.45 14
510.01 1689.45 13
523.21 1690.89 14
546.32 1701.05 13
563.67 1702.07 13
584.73 1709.25 14
601.84 1708.53 14
622.49 1716.57 13
642.78 1719.73 14
660.37 1723.32 14
681.99 1726.54 13
698.91 1725.45 13
719.52 1741.50 14
733.29 1732.85 14
754.26 1737.17 13
773.25 1738.34 14
790.04 1743.24 13
804.73 1745.54 14
822.16 1747.02 13
858.60 1749.42 14
874.42 1755.55 14
890.56 1754.80 13
907.40 1761.34 14
927.87 1760.08 13
942.71 1764.91 14
962.49 1767.93 13
975.90 1772.28 13
995.62 1773.60 14
1011.27 1774.93 14
221.65 1571.37 14
237.33 1579.26 13
252.04 1585.46 13
270.79 1591.60 13
286.62 1595.62 13
305.26 1603.48 13
322.25 1609.09 13
342.73 1616.35 13
355.59 1622.67 14
372.60 1625.94 14
391.11 1629.78 13
411.24 1635.85 14
429.89 1644.17 14
444.94 1648.88 14
466.86 1657.67 14
482.18 1659.87 14
499.07 1662.16 14
523.22 1668.68 14
540.11 1673.44 14
558.73 1676.50 13
589.46 1690.28 14
599.82 1687.62 13
617.03 1690.48 13
636.03 1692.39 13
655.51 1696.70 13
677.87 1700.47 14
695.69 1702.15 13
713.63 1704.39 14
733.30 1708.56 13
751.88 1711.62 13
774.07 1715.13 14
795.93 1719.60 13
810.31 1720.46 13
832.46 1721.33 14
846.84 1723.47 14
862.63 1728.52 14
881.07 1729.15 13
899.22 1732.94 14
918.05 1737.23 14
935.64 1735.46 14
950.72 1741.02 14
969.44 1741.31 14
983.74 1746.40 13
1003.62 1752.69 14
1018.47 1751.93 13
315.84 1579.73 13
329.66 1585.67 14
345.76 1601.75 14
366.20 1596.14 14
382.22 1603.35 13
398.53 1608.50 13
415.40 1612.83 13
432.69 1618.71 13
449.95 1622.71 13
467.93 1633.24 14
487.21 1636.53 13
503.45 1642.87 13
518.04 1642.84 14
541.75 1649.21 13
559.55 1653.54 14
576.70 1659.86 14
594.05 1663.55 13
615.64 1666.62 14
634.77 1669.95 13
652.01 1673.19 14
672.62 1674.74 13
691.83 1678.77 14
710.39 1678.70 14
732.14 1686.60 13
752.22 1690.48 13
770.32 1692.85 14
787.77 1692.30 14
806.73 1695.10 13
826.93 1694.13 14
847.94 1702.28 14
862.88 1701.98 13
886.38 1702.72 14
907.46 1709.50 13
923.86 1711.55 13
939.16 1718.01 14
958.63 1717.85 14
977.12 1721.72 13
997.12 1722.63 14
1011.97 1728.45 14
1030.53 1729.59 13
286.59 1544.81 13
305.14 1552.18 13
322.40 1556.98 13
340.82 1561.49 14
357.98 1567.37 14
372.97 1574.02 13
392.60 1579.16 14
407.57 1585.25 13
426.69 1589.94 14
443.49 1600.35 13
459.10 1603.73 14
475.64 1603.54 14
493.19 1614.21 13
512.45 1621.90 14
531.11 1616.32 13
542.34 1627.00 14
562.01 1631.88 14
586.49 1629.35 13
595.88 1639.77 14
612.85 1639.68 13
631.02 1647.21 13
651.77 1652.96 14
674.92 1652.67 13
689.22 1656.34 14
707.83 1657.21 13
724.90 1658.98 14
745.84 1666.22 14
764.58 1668.58 14
785.35 1668.60 14
803.87 1672.48 14
821.58 1675.52 14
843.27 1676.14 14
865.04 1680.18 14
880.70 1680.33 13
900.30 1683.04 14
919.23 1684.86 14
939.93 1686.95 14
953.45 1693.51 14
979.07 1696.60 13
1000.57 1700.70 13
1017.77 1702.42 14
1035.50 1705.37 14
222.27 1499.90 14
250.69 1508.90 13
268.79 1513.06 13
287.38 1520.53 13
305.55 1525.25 13
323.47 1532.10 14
343.24 1540.37 14
377.81 1550.00 14
401.36 1556.16 14
416.61 1560.73 14
433.52 1565.54 13
451.76 1573.39 13
470.63 1579.22 14
486.81 1581.58 13
503.86 1591.90 14
518.86 1596.92 14
537.66 1596.95 14
553.52 1600.10 13
570.04 1606.50 14
587.14 1611.49 13
602.75 1614.56 14
622.62 1618.05 14
657.73 1628.57 14
671.57 1628.73 14
692.73 1633.96 13
710.73 1633.39 14
722.84 1636.51 14
741.62 1638.50 14
760.43 1643.20 14
782.95 1646.38 14
781.27 1649.44 14
819.36 1652.32 14
838.12 1652.13 14
855.95 1656.90 13
874.85 1658.51 13
898.03 1659.53 13
915.80 1665.86 14
931.68 1664.42 14
954.93 1668.80 13
974.04 1675.59 13
995.16 1675.58 13
1013.56 1679.51 14
1144.02 1703.68 11
1157.06 1701.00 11
1172.35 1698.84 11
1186.56 1694.36 10
1199.69 1692.13 11
1213.23 1689.73 10
1227.99 1686.35 10
1240.94 1684.66 10
1255.84 1681.37 10
1268.68 1678.40 11
1282.22 1674.31 10
1296.27 1673.51 10
1323.95 1666.85 11
1339.58 1663.71 10
1353.22 1660.33 10
1365.10 1657.70 10
1380.28 1655.17 10
1394.26 1652.04 11
1407.47 1649.62 11
1421.44 1646.69 10
1434.35 1643.31 11
1449.03 1640.62 11
1463.34 1637.17 10
1476.97 1633.98 10
1491.14 1631.51 10
1505.56 1628.68 11
1532.02 1624.01 10
1546.52 1620.57 11
1560.98 1618.12 11
1574.37 1614.11 10
1588.87 1610.60 10
1601.94 1609.16 10
1615.68 1606.56 11
1629.38 1603.78 11
1643.91 1599.69 11
1658.04 1598.42 10
1685.68 1591.87 10
1698.27 1590.04 11
1245.20 340.19 11
1255.31 338.11 11
1268.56 339.56 12
1282.34 338.56 12
1294.25 337.92 13
1306.70 337.67 11
1319.33 339.70 12
1331.27 342.37 12
1343.99 342.37 11
1355.70 344.08 12
1368.25 344.19 13
1379.35 348.17 12
1392.96 350.56 12
1403.96 352.13 11
1418.32 355.47 11
1428.19 356.75 11
1441.63 361.81 10
1456.73 363.84 11
1466.22 369.08 13
1477.65 370.53 11
1490.69 371.71 12
1504.45 376.56 11
1515.34 378.47 11
1528.35 380.62 11
1541.30 381.82 11
1553.06 384.67 11
1565.43 385.87 11
1577.47 384.29 11
1590.62 386.32 11
1581.76 387.55 12
1615.93 387.86 12
1626.37 385.20 11
1639.16 384.45 11
1649.49 383.27 12
1664.00 381.49 12
1675.49 379.49 13
1688.09 378.34 13
1700.26 375.10 10
1712.46 371.19 12
1723.59 370.02 13
1739.12 366.53 14
1749.02 363.83 11
1247.94 316.56 12
1257.82 314.71 11
1270.52 313.19 10
1284.52 314.03 12
1295.77 314.33 11
1308.65 314.97 11
1320.06 314.05 12
1333.66 313.95 10
1344.38 317.04 11
1357.13 317.32 13
1381.50 323.11 11
1394.66 324.61 12
1405.69 326.06 12
1420.03 332.38 11
1430.02 333.72 11
1444.76 337.81 13
1456.08 339.97 13
1467.67 341.79 13
1480.95 344.17 12
1492.98 347.11 11
1502.88 351.44 13
1515.78 352.31 12
1528.92 355.70 12
1551.64 366.11 12
1555.08 358.27 12
1566.83 360.45 13
1579.64 360.08 11
1590.44 376.77 12
1602.81 360.63 12
1618.14 361.14 13
1627.86 360.05 12
1639.08 359.05 13
1652.87 357.26 11
1664.67 358.14 10
1677.45 354.40 12
1689.56 352.43 11
1702.28 349.93 11
1714.07 345.50 12
1726.82 345.18 12
1737.41 342.31 12
1750.67 339.76 11
1763.51 334.64 12
1774.04 332.74 12
1786.33 330.86 12
1799.46 327.89 12
1813.63 322.56 12
1245.85 290.71 11
1258.07 288.50 13
1272.66 289.42 11
1285.12 288.43 11
1295.13 289.18 12
1308.00 289.52 11
1320.84 287.42 11
1332.16 290.07 12
1345.96 292.38 12
1356.26 292.61 11
1369.77 296.44 12
1393.49 299.73 13
1405.08 302.71 11
1418.55 305.30 11
1431.30 308.71 12
1443.26 310.40 11
1454.90 312.48 12
1466.22 315.37 11
1479.79 319.77 12
1492.76 323.99 13
1504.28 324.20 11
1517.12 329.29 11
1528.92 328.39 12
1540.57 333.01 11
1557.56 335.11 12
1566.38 335.12 11
1578.45 335.76 12
1591.37 335.84 11
1603.16 335.94 11
1616.62 336.09 10
1626.21 334.80 12
1653.49 331.98 11
1677.90 330.23 11
1688.78 328.13 12
1700.37 324.88 11
1712.42 322.41 12
1738.19 315.01 11
1750.23 314.38 12
1763.14 310.24 12
1774.69 307.99 11
1785.99 305.33 11
1800.25 303.22 12
1812.12 300.68 11
1244.42 265.30 11
1256.37 263.56 11
1268.55 265.60 11
1280.17 261.83 11
1293.59 262.26 12
1307.14 263.19 11
1318.07 264.10 12
1329.90 264.49 11
1341.99 266.80 12
1354.54 268.55 11
1365.58 269.05 12
1378.99 271.54 11
1403.26 276.88 12
1416.87 280.97 11
1429.02 283.36 13
1440.56 285.33 12
1452.56 287.82 12
1466.24 292.73 12
1477.73 296.18 11
1489.70 297.11 11
1502.65 301.21 12
1515.64 302.32 12
1527.28 303.70 12
1539.15 307.85 11
1553.02 309.23 11
1566.47 310.58 10
1575.14 309.15 11
1588.51 310.05 11
1601.25 309.83 12
1613.37 310.57 12
1625.30 310.51 12
1637.20 309.90 12
1652.23 308.45 12
1662.80 305.88 10
1674.42 304.88 11
1686.32 304.24 10
1700.34 299.97 11
1712.73 296.38 11
1724.51 294.11 11
1736.45 291.01 12
1747.66 288.47 11
1240.47 239.92 11
1251.96 239.58 12
1265.25 237.90 11
1277.87 238.32 12
1289.54 237.38 12
1301.75 235.86 12
1315.01 238.99 12
1327.68 237.55 12
1338.98 241.22 12
1350.57 242.90 11
1363.46 244.87 12
1375.42 245.41 11
1387.30 249.21 11
1401.84 252.21 10
1410.88 253.31 12
1425.43 257.54 11
1436.71 259.67 11
1450.57 264.44 12
1462.46 265.89 11
1473.68 269.51 12
1485.17 271.55 11
1498.82 274.87 13
1510.87 276.64 11
1524.55 280.61 12
1535.56 280.61 12
1546.66 280.62 11
1561.99 283.81 11
1573.59 284.73 11
1586.76 285.71 12
1596.48 285.98 11
1609.36 285.42 11
1621.58 286.42 11
1634.38 283.95 10
1646.57 283.90 13
1659.90 281.73 10
1671.34 278.36 11
1682.05 277.90 12
1695.87 272.40 13
1707.90 273.45 12
1719.36 268.27 11
1732.36 265.48 11
1745.98 261.63 12
1757.17 258.70 12
1769.99 258.01 11
1780.92 255.11 11
1794.70 250.85 11
1806.38 249.32 11
1818.20 246.88 11
1248.27 212.74 10
1261.69 211.74 10
1273.94 212.77 12
1286.86 211.81 11
1299.09 211.28 13
1309.54 212.03 12
1323.14 214.59 12
1335.91 216.00 12
1347.26 217.08 11
1359.31 219.68 12
1372.13 221.67 11
1383.45 224.73 13
1397.01 228.29 12
1410.61 230.76 12
1421.97 231.63 11
1432.53 235.95 11
1446.59 238.02 12
1457.69 241.70 12
1469.88 244.38 11
1483.48 249.21 12
1495.23 251.23 12
1506.34 251.41 11
1521.11 254.99 12
1528.99 257.82 11
1543.13 258.32 11
1553.87 259.54 12
1567.72 260.79 12
1563.57 254.05 12
1593.54 259.26 11
1604.72 260.54 10
1617.99 258.92 12
1629.69 259.26 12
1642.40 258.12 13
1654.99 256.56 11
1667.12 253.16 10
1678.39 250.60 11
1691.18 250.22 11
1703.17 246.66 12
1716.28 242.71 11
1727.16 241.60 11
1231.91 189.78 12
1243.50 188.17 11
1256.31 187.47 12
1269.06 186.23 11
1280.83 185.92 13
1292.85 185.49 11
1304.91 188.54 11
1317.16 187.71 10
1331.12 192.00 13
1343.79 191.81 12
1354.39 194.53 12
1366.21 195.57 11
1379.73 199.55 11
1391.82 201.97 12
1403.80 204.63 11
1415.62 219.84 13
1428.59 210.43 12
1439.42 211.55 12
1453.43 215.36 12
1466.30 220.01 12
1488.57 224.19 12
1503.24 227.76 11
1515.50 228.68 12
1527.38 231.07 10
1539.75 233.31 12
1552.37 235.85 12
1565.49 234.39 11
1574.94 235.14 10
1588.60 235.52 12
1601.81 236.11 13
1612.61 233.37 11
1624.21 231.25 11
1640.79 241.95 11
1651.57 230.97 11
1662.85 229.60 11
1675.46 226.75 11
1686.35 223.66 12
1698.47 221.86 11
1711.03 220.38 12
1723.18 215.73 11
1735.28 213.41 11
1748.03 209.45 11
1760.34 207.21 11
1772.10 205.13 12
1784.97 199.34 12
1228.02 164.61 12
1239.05 163.55 12
1252.13 162.50 11
1264.72 161.42 11
1278.29 164.06 12
1289.01 163.74 12
1302.56 162.58 11
1314.40 165.61 11
1328.31 165.50 12
1338.83 167.54 11
1352.40 169.57 12
1363.77 170.76 12
1375.54 173.83 11
1387.53 176.51 10
1398.39 179.05 12
1413.40 182.66 11
1424.76 186.15 11
1436.18 188.35 13
1447.44 191.21 12
1462.22 184.63 12
1474.42 196.41 13
1487.71 200.73 12
1499.13 204.06 12
1509.72 203.19 12
1523.92 207.60 12
1546.34 207.55 11
1560.07 211.08 12
1573.15 209.87 11
1584.05 209.66 10
1596.69 210.07 11
1609.09 209.64 11
1621.17 209.09 12
1633.55 207.78 12
1645.74 204.55 13
1671.09 200.44 11
1682.64 198.10 11
1695.55 195.16 11
1706.34 193.77 11
1719.75 190.08 11
1731.81 187.09 10
1744.42 186.02 12
1225.07 139.64 11
1238.82 139.58 11
1250.49 137.21 11
1262.61 137.60 11
1273.87 137.52 12
1286.02 137.26 11
1301.05 137.36 11
1309.94 138.65 12
1322.97 140.26 12
1335.21 141.91 12
1349.37 145.03 12
1361.11 146.05 12
1371.02 148.52 12
1386.53 150.68 11
1398.34 153.92 11
1408.99 157.02 11
1422.95 159.19 12
1433.17 162.62 11
1446.19 165.34 11
1458.00 169.35 12
1470.96 172.55 12
1483.94 174.84 13
1497.29 178.10 12
1507.54 177.30 12
1520.17 179.70 11
1533.20 182.00 11
1545.69 184.21 11
1557.80 182.63 13
1581.86 186.13 12
1594.53 185.05 11
1606.22 183.37 12
1616.69 184.79 13
1629.90 182.02 11
1642.72 180.94 11
1656.43 178.09 11
1667.55 175.84 11
1681.78 173.85 12
1693.49 171.39 12
1706.13 168.63 13
1717.08 166.79 13
1731.34 163.48 11
1741.39 158.72 12
1754.77 156.05 11
1766.97 152.43 13
1779.36 149.95 12
1790.37 148.94 10
1802.45 145.14 11
1225.82 113.82 11
1236.36 112.98 11
1248.98 112.41 10
1261.34 112.75 12
1272.98 112.38 11
1285.76 111.94 12
1300.20 111.36 12
1311.45 113.66 12
1324.30 113.46 13
1337.04 116.31 13
1347.13 117.39 11
1358.82 121.08 12
1372.87 123.66 11
1384.55 127.28 12
1397.71 129.02 11
1408.27 131.44 11
1420.67 133.58 12
1434.30 137.12 11
1445.96 142.16 12
1458.34 143.06 11
1471.70 147.37 11
1482.77 147.76 12
1494.42 149.63 13
1507.76 153.17 10
1520.63 155.30 12
1532.72 156.84 11
1545.95 158.73 11
1556.03 159.30 12
1568.92 161.09 12
1580.31 159.84 12
1594.38 158.29 11
1605.82 161.51 12
1617.78 158.68 10
1630.13 158.26 10
1644.26 155.55 11
1655.16 152.96 11
1668.19 151.12 12
1679.83 149.47 11
1692.45 146.54 10
1703.52 143.64 11
1717.18 139.01 11
1730.12 135.09 12
1741.48 134.62 12
1753.21 130.12 11
1766.20 127.24 12
1777.23 125.42 12
1791.50 122.63 13
1802.57 121.28 11
1814.24 117.91 13
1226.09 88.85 10
1238.81 87.35 11
1250.16 87.01 12
1262.50 85.54 11
1273.72 85.71 12
1286.70 85.27 12
1299.06 85.57 11
1311.57 87.52 13
1324.39 89.12 12
1336.90 90.48 12
1349.77 93.11 11
1361.09 95.92 11
1372.53 97.35 12
1387.62 100.39 12
1399.23 105.84 12
1410.07 106.14 11
1423.00 110.79 12
1434.63 112.76 10
1447.69 116.49 11
1458.58 117.77 13
1472.66 121.04 12
1483.96 123.53 12
1496.96 127.24 12
1509.29 128.29 11
1532.15 131.95 12
1546.22 134.57 12
1557.94 134.13 11
1570.27 135.56 12
1582.42 134.22 12
1595.22 133.49 12
1607.29 133.43 11
1619.27 131.44 12
1631.10 131.87 12
1644.65 130.41 11
1655.28 129.55 13
1668.46 125.76 10
1681.74 123.74 11
1693.15 120.88 11
1706.50 117.68 12
1716.59 112.50 13
1730.52 113.64 12
1229.21 62.91 12
1241.39 62.16 13
1253.67 62.61 12
1265.57 60.80 14
1278.21 60.70 11
1291.57 60.55 11
1300.68 62.35 11
1314.25 63.27 10
1327.10 64.67 13
1340.23 66.40 11
1352.00 68.66 11
1364.36 70.27 12
1376.98 73.45 11
1387.89 75.20 12
1402.72 79.29 11
1413.53 82.35 11
1424.57 83.03 12
1438.24 88.43 11
1450.00 90.46 11
1461.63 92.39 10
1475.69 97.12 11
1487.94 98.69 11
1499.95 99.95 12
1511.67 102.90 11
1523.42 105.04 12
1535.17 107.93 11
1547.76 109.52 11
1560.86 109.48 10
1572.99 108.92 12
1585.96 109.69 12
1597.47 108.17 12
1610.11 108.71 11
1623.05 108.21 11
1635.57 105.17 11
1646.40 104.32 11
1660.30 102.76 11
1671.72 102.12 11
1684.97 97.21 11
1695.38 95.10 12
1719.02 89.77 11
1733.33 86.07 12
1744.07 84.86 11
1757.02 82.49 11
1769.59 77.49 11
1231.78 38.61 11
1245.17 36.71 12
1257.26 34.64 13
1271.26 36.06 11
1281.26 35.82 12
1294.39 36.69 11
1306.84 37.29 11
1318.88 39.25 11
1331.12 37.64 11
1355.89 46.02 13
1368.15 43.07 12
1379.91 47.95 11
1391.43 50.44 13
1405.49 52.68 11
1419.25 56.01 12
1427.96 57.30 12
1441.99 61.06 11
1454.29 64.50 10
1467.05 67.47 11
1479.62 69.89 11
1490.94 73.05 11
1503.42 75.70 11
1515.98 76.56 11
1528.05 79.31 11
1541.29 81.32 12
1553.96 81.92 13
1564.62 84.16 11
1577.88 84.15 12
1589.17 83.34 11
1601.78 83.77 11
1612.79 81.42 12
1625.16 82.93 13
1636.31 80.06 12
1651.19 75.27 12
1665.30 77.25 12
1673.99 73.95 11
1687.23 73.13 11
1698.71 70.49 11
1713.29 66.67 11
1724.43 65.59 11
1735.53 61.73 12
