237.92 227.27 19.41
252.07 227.79 19.41
268.45 226.35 19.41
285.73 228.59 19.41
302.10 228.58 19.41
315.63 226.52 19.41
374.90 226.71 19.41
389.39 223.49 19.41
404.32 225.94 19.41
420.77 223.23 19.41
437.36 222.09 19.41
452.37 222.39 19.41
468.67 221.02 19.41
484.83 221.63 19.41
501.33 220.41 19.41
518.14 220.02 19.41
533.31 220.36 19.41
572.73 220.59 19.41
589.97 220.56 19.41
605.78 220.58 19.41
645.73 222.48 19.41
660.73 223.79 19.41
680.14 224.01 19.41
693.41 224.89 19.41
708.92 227.99 19.41
724.63 227.28 19.41
237.80 262.03 19.41
253.64 262.05 19.41
270.12 263.24 19.41
285.41 263.31 19.41
301.79 261.89 19.41
315.69 262.53 19.41
333.47 262.78 19.41
348.17 260.41 19.41
365.47 260.60 19.41
379.16 260.47 19.41
420.93 259.90 19.41
436.58 256.97 19.41
454.56 256.25 19.41
469.83 254.54 19.41
484.98 253.79 19.41
524.90 254.71 19.41
541.30 253.81 19.41
556.51 253.82 19.41
574.16 253.45 19.41
588.91 254.58 19.41
606.50 254.58 19.41
621.78 256.62 19.41
636.87 255.90 19.41
652.59 256.70 19.41
669.68 258.23 19.41
708.50 260.64 19.41
723.43 261.90 19.41
740.88 265.21 19.41
756.94 262.44 19.41
772.37 268.63 19.41
789.53 266.50 19.41
819.29 269.06 19.41
836.76 268.66 19.41
231.93 294.68 19.41
249.45 295.26 19.41
265.39 295.31 19.41
281.22 296.17 19.41
298.17 296.86 19.41
314.16 295.58 19.41
350.73 294.28 19.41
369.70 293.02 19.41
383.22 295.70 19.41
400.17 293.51 19.41
417.36 293.02 19.41
431.40 291.49 19.41
473.78 292.21 19.41
488.59 288.09 19.41
502.71 288.71 19.41
520.64 287.93 19.41
536.99 288.73 19.41
575.65 287.08 19.41
609.45 289.69 19.41
625.75 290.40 19.41
640.74 291.93 19.41
657.15 291.77 19.41
698.20 292.64 19.41
712.55 295.65 19.41
727.48 299.22 19.41
760.84 297.64 19.41
775.58 301.73 19.41
791.96 301.21 19.41
226.49 329.80 19.41
241.47 329.73 19.41
258.24 329.68 19.41
274.83 332.00 19.41
289.68 331.04 19.41
305.66 330.26 19.41
346.48 328.80 19.41
361.34 329.09 19.41
379.42 328.33 19.41
434.23 326.94 19.41
451.61 324.41 19.41
466.59 324.30 19.41
483.21 322.23 19.41
497.28 322.27 19.41
513.79 322.14 19.41
531.25 322.38 19.41
547.01 321.30 19.41
586.79 321.63 19.41
601.63 323.34 19.41
618.46 323.61 19.41
634.31 325.01 19.41
651.35 325.84 19.41
666.93 326.42 19.41
682.90 328.45 19.41
699.09 330.02 19.41
714.94 330.48 19.41
770.05 334.87 19.41
785.79 337.61 19.41
801.15 336.51 19.41
815.70 337.80 19.41
833.83 338.84 19.41
851.02 341.03 19.41
866.22 340.44 19.41
221.15 363.61 19.41
238.70 364.44 19.41
253.93 362.64 19.41
269.88 366.47 19.41
284.78 365.51 19.41
301.45 364.11 19.41
317.45 363.58 19.41
355.79 363.39 19.41
373.55 362.19 19.41
389.84 361.23 19.41
404.74 359.88 19.41
421.91 359.26 19.41
437.17 359.24 19.41
476.23 361.11 19.41
493.15 356.92 19.41
510.44 355.15 19.41
524.64 358.68 19.41
540.92 355.02 19.41
580.17 357.57 19.41
597.90 358.80 19.41
613.35 357.11 19.41
627.34 359.61 19.41
669.24 359.67 19.41
683.68 363.96 19.41
700.84 362.73 19.41
718.83 365.54 19.41
732.83 367.10 19.41
748.22 367.25 19.41
766.37 370.38 19.41
781.13 371.08 19.41
795.24 372.77 19.41
811.50 372.86 19.41
827.02 371.50 19.41
844.72 373.58 19.41
858.28 375.45 19.41
878.14 376.90 19.41
892.00 375.84 19.41
218.22 399.01 19.41
235.72 398.39 19.41
266.50 398.37 19.41
283.10 400.40 19.41
298.34 399.18 19.41
313.98 398.55 19.41
330.38 398.17 19.41
371.19 396.24 19.41
385.33 396.31 19.41
418.78 392.58 19.41
434.81 394.99 19.41
449.40 393.19 19.41
466.87 391.79 19.41
482.63 391.09 19.41
497.33 390.60 19.41
539.52 391.33 19.41
553.33 391.78 19.41
569.50 390.93 19.41
584.73 393.05 19.41
599.19 392.96 19.41
640.74 395.53 19.41
657.65 395.82 19.41
673.33 395.85 19.41
691.17 397.67 19.41
705.04 400.02 19.41
720.79 399.65 19.41
737.45 401.59 19.41
753.59 404.92 19.41
217.16 433.00 19.41
233.65 432.87 19.41
251.62 434.02 19.41
266.98 431.90 19.41
284.25 432.36 19.41
300.11 434.28 19.41
339.62 432.08 19.41
354.03 431.05 19.41
370.82 430.00 19.41
384.38 430.64 19.41
403.03 429.17 19.41
458.85 426.52 19.41
473.81 424.22 19.41
491.52 426.28 19.41
506.36 425.40 19.41
523.14 423.81 19.41
537.87 424.16 19.41
556.30 426.23 19.41
594.08 426.01 19.41
610.93 425.39 19.41
627.99 428.00 19.41
643.56 427.69 19.41
657.39 428.50 19.41
674.59 430.91 19.41
689.79 431.02 19.41
705.05 433.16 19.41
721.75 433.90 19.41
223.16 468.63 19.41
239.83 468.46 19.41
253.10 467.23 19.41
269.70 468.70 19.41
286.53 466.56 19.41
327.31 466.66 19.41
343.14 465.18 19.41
357.66 466.31 19.41
372.45 465.31 19.41
389.58 464.66 19.41
405.57 464.22 19.41
422.78 464.36 19.41
462.22 460.72 19.41
478.82 461.07 19.41
494.66 461.30 19.41
510.09 460.87 19.41
527.07 459.68 19.41
542.58 462.00 19.41
557.77 460.02 19.41
598.69 460.64 19.41
614.91 461.56 19.41
630.40 461.49 19.41
647.91 462.11 19.41
662.75 463.78 19.41
679.93 464.45 19.41
693.47 465.41 19.41
710.41 466.37 19.41
227.30 500.00 19.41
242.83 502.37 19.41
259.68 502.39 19.41
276.63 501.23 19.41
291.58 502.49 19.41
307.29 503.48 19.41
324.69 501.98 19.41
363.99 499.44 19.41
379.90 498.56 19.41
419.65 498.99 19.41
435.79 496.22 19.41
452.65 495.61 19.41
467.16 496.04 19.41
485.73 496.62 19.41
500.19 495.08 19.41
516.36 493.06 19.41
555.60 494.55 19.41
571.41 491.25 19.41
587.98 495.20 19.41
604.12 494.98 19.41
644.44 497.14 19.41
660.82 497.72 19.41
676.11 499.54 19.41
692.77 498.64 19.41
707.20 502.22 19.41
725.03 503.07 19.41
739.28 504.73 19.41
756.22 505.04 19.41
771.88 507.76 19.41
789.30 508.65 19.41
803.37 508.88 19.41
231.66 536.13 19.41
248.62 538.26 19.41
264.00 536.17 19.41
280.37 536.08 19.41
294.52 534.98 19.41
310.06 535.61 19.41
326.51 536.42 19.41
342.24 532.59 19.41
383.78 533.78 19.41
398.78 534.29 19.41
416.02 532.06 19.41
431.78 531.67 19.41
446.80 531.13 19.41
462.97 529.45 19.41
478.04 529.44 19.41
496.14 528.53 19.41
514.15 529.63 19.41
528.95 529.30 19.41
567.96 529.79 19.41
584.02 529.54 19.41
598.59 528.08 19.41
617.13 529.90 19.41
630.89 529.83 19.41
646.83 530.59 19.41
688.48 534.05 19.41
704.14 534.76 19.41
717.64 536.56 19.41
736.09 538.35 19.41
751.70 538.74 19.41
766.53 540.80 19.41
783.62 541.06 19.41
800.23 541.96 19.41
814.73 545.39 19.41
831.98 544.52 19.41
847.43 545.84 19.41
231.45 571.23 19.41
263.96 570.89 19.41
280.11 571.00 19.41
296.00 571.24 19.41
327.23 568.73 19.41
367.65 569.22 19.41
386.95 568.50 19.41
401.70 568.69 19.41
416.59 565.86 19.41
433.28 564.57 19.41
449.74 565.47 19.41
461.64 564.44 19.41
480.84 563.80 19.41
520.31 561.47 19.41
534.90 562.80 19.41
554.07 563.28 19.41
566.60 559.78 19.41
584.86 562.99 19.41
601.27 562.67 19.41
616.41 564.89 19.41
631.67 564.34 19.41
673.96 566.69 19.41
687.44 568.17 19.41
704.04 569.12 19.41
719.91 570.72 19.41
736.15 569.78 19.41
753.69 573.36 19.41
229.35 604.82 19.41
244.21 603.51 19.41
259.86 605.20 19.41
277.66 606.20 19.41
293.65 604.52 19.41
309.00 604.70 19.41
324.44 606.63 19.41
365.54 602.41 19.41
381.13 601.71 19.41
396.30 603.95 19.41
413.19 599.93 19.41
429.29 599.01 19.41
443.91 598.64 19.41
460.37 599.84 19.41
477.43 598.79 19.41
491.94 597.29 19.41
532.59 598.17 19.41
549.66 595.55 19.41
563.95 596.25 19.41
580.07 597.22 19.41
597.29 598.97 19.41
613.21 597.89 19.41
652.80 599.60 19.41
669.20 601.77 19.41
683.51 603.61 19.41
701.04 602.07 19.41
716.58 605.27 19.41
733.63 606.05 19.41
749.38 607.85 19.41
763.49 607.42 19.41
223.55 638.34 19.41
238.96 638.49 19.41
254.56 641.28 19.41
272.34 639.87 19.41
286.87 640.26 19.41
327.79 637.74 19.41
342.27 638.73 19.41
359.37 637.00 19.41
374.38 636.94 19.41
390.84 635.00 19.41
406.65 635.63 19.41
423.13 633.17 19.41
461.04 634.70 19.41
477.57 632.69 19.41
495.37 632.03 19.41
510.41 632.24 19.41
525.53 631.18 19.41
542.60 630.52 19.41
559.23 632.32 19.41
574.52 632.27 19.41
591.19 631.08 19.41
629.24 633.97 19.41
646.05 634.81 19.41
663.86 634.42 19.41
677.17 638.25 19.41
695.23 637.57 19.41
735.87 639.40 19.41
751.67 643.34 19.41
767.89 643.77 19.41
783.89 643.59 19.41
799.44 645.37 19.41
813.18 645.93 19.41
830.71 647.24 19.41
847.22 647.10 19.41
860.19 650.73 19.41
879.56 648.98 19.41
894.28 651.30 19.41
215.78 673.78 19.41
231.99 673.20 19.41
248.55 674.00 19.41
262.68 674.59 19.41
305.79 672.57 19.41
320.00 672.24 19.41
336.99 672.09 19.41
353.35 672.92 19.41
368.02 670.32 19.41
383.16 672.28 19.41
401.08 669.94 19.41
415.56 668.79 19.41
433.40 667.73 19.41
471.77 668.02 19.41
489.90 665.82 19.41
505.02 664.84 19.41
212.61 707.18 19.41
228.32 709.09 19.41
245.27 709.23 19.41
261.13 708.04 19.41
275.96 707.90 19.41
316.32 708.13 19.41
331.22 706.71 19.41
350.45 705.12 19.41
364.95 703.96 19.41
382.45 704.33 19.41
396.83 705.04 19.41
413.57 702.09 19.41
428.21 702.74 19.41
444.41 699.53 19.41
483.74 701.23 19.41
502.99 700.54 19.41
516.80 699.25 19.41
531.79 701.61 19.41
548.52 701.76 19.41
566.29 698.31 19.41
603.71 701.47 19.41
621.35 702.11 19.41
652.77 704.54 19.41
668.95 705.75 19.41
708.36 708.52 19.41
724.15 708.65 19.41
739.48 709.20 19.41
756.36 710.72 19.41
213.00 741.63 19.41
244.33 743.03 19.41
259.01 741.74 19.41
278.52 741.56 19.41
292.29 741.10 19.41
333.59 741.12 19.41
347.70 740.16 19.41
366.02 741.12 19.41
382.03 739.48 19.41
395.36 738.56 19.41
411.29 735.88 19.41
428.82 737.03 19.41
445.47 736.30 19.41
461.04 734.27 19.41
476.40 733.27 19.41
532.64 733.45 19.41
548.20 735.92 19.41
563.05 734.61 19.41
579.58 735.53 19.41
596.79 735.63 19.41
635.56 737.58 19.41
654.75 738.60 19.41
669.74 738.86 19.41
684.32 741.28 19.41
723.25 742.82 19.41
740.69 745.06 19.41
756.21 747.50 19.41
772.95 749.02 19.41
786.26 748.93 19.41
804.70 748.41 19.41
819.40 749.92 19.41
836.15 753.15 19.41
853.95 751.50 19.41
868.54 753.27 19.41
407.15 545.59 6.89
413.91 543.32 6.89
420.60 545.18 6.89
426.20 544.78 6.89
432.45 544.29 6.89
439.89 542.80 6.89
402.05 612.99 7.83
407.03 612.89 7.83
411.92 612.41 7.83
416.66 612.67 7.83
421.37 612.19 7.83
426.21 611.58 7.83
431.30 611.38 7.83
436.02 611.39 7.83
440.59 611.05 7.83
453.23 611.15 7.83
457.83 610.08 7.83
463.08 610.08 7.83
466.96 610.63 7.83
472.08 610.73 7.83
476.91 609.55 7.83
481.48 608.83 7.83
486.22 609.84 7.83
491.45 609.25 7.83
495.63 609.22 7.83
508.09 608.65 7.83
513.25 608.91 7.83
517.69 608.96 7.83
522.29 609.83 7.83
527.35 608.60 7.83
531.48 608.28 7.83
537.46 607.93 7.83
540.89 608.45 7.83
547.08 608.45 7.83
396.13 646.73 7.73
401.17 646.80 7.73
405.27 646.26 7.73
410.13 645.86 7.73
415.62 644.37 7.73
427.37 644.94 7.73
432.74 644.84 7.73
436.88 645.15 7.73
441.95 644.45 7.73
459.20 643.96 7.73
463.07 643.33 7.73
468.63 643.84 7.73
473.03 643.09 7.73
478.31 642.70 7.73
482.60 643.82 7.73
492.42 642.50 7.73
-80.92 763.78 9.85
-74.14 766.57 9.85
-66.05 770.41 9.85
-58.77 774.04 9.85
-50.14 777.92 9.85
-44.18 782.03 9.85
-37.14 785.34 9.85
-18.36 793.73 9.85
-10.41 797.77 9.85
-3.67 801.20 9.85
3.61 805.97 9.85
21.31 814.91 9.85
27.46 820.11 9.85
34.80 822.86 9.85
41.22 828.16 9.85
48.44 833.15 9.85
64.03 844.18 9.85
70.49 849.43 9.85
77.29 855.36 9.85
83.13 859.95 9.85
90.80 864.82 9.85
95.81 870.94 9.85
102.18 875.25 9.85
108.58 881.19 9.85
113.73 886.85 9.85
120.09 892.60 9.85
-89.22 777.43 9.85
-81.99 781.59 9.85
-74.17 785.01 9.85
-68.27 788.18 9.85
-42.16 800.70 9.85
-35.03 804.55 9.85
-27.31 808.96 9.85
-20.05 812.41 9.85
-12.61 815.58 9.85
-5.16 819.68 9.85
2.09 823.36 9.85
7.98 827.70 9.85
16.29 831.76 9.85
22.90 836.12 9.85
40.04 846.37 9.85
45.99 851.65 9.85
52.56 857.00 9.85
58.36 861.54 9.85
65.74 866.48 9.85
72.08 870.70 9.85
77.51 876.21 9.85
92.51 889.51 9.85
98.81 895.49 9.85
104.21 901.87 9.85
111.25 906.98 9.85
116.41 913.22 9.85
121.59 918.54 9.85
128.43 923.82 9.85
141.81 938.93 9.85
147.94 944.89 9.85
154.31 950.43 9.85
168.68 964.98 9.85
174.33 971.12 9.85
180.32 976.56 9.85
185.67 982.18 9.85
191.68 987.95 9.85
198.09 992.49 9.85
203.57 999.83 9.85
210.74 1003.41 9.85
215.83 1008.79 9.85
223.62 1013.88 9.85
228.92 1018.84 9.85
245.38 1030.89 9.85
253.10 1035.19 9.85
258.57 1039.45 9.85
265.17 1043.96 9.85
272.91 1047.66 9.85
279.58 1052.21 9.85
286.93 1056.49 9.85
293.88 1060.27 9.85
301.16 1063.59 9.85
