311.21 250.62 19.73
343.20 246.68 19.73
375.19 241.56 19.73
407.19 237.56 19.73
439.18 236.45 19.73
471.18 238.73 19.73
503.17 243.38 19.73
535.16 248.33 19.73
567.16 251.37 19.73
599.15 251.14 19.73
631.15 247.76 19.73
663.14 242.71 19.73
695.13 238.27 19.73
727.13 236.40 19.73
303.39 282.61 19.73
335.38 278.67 19.73
367.37 273.56 19.73
399.37 269.55 19.73
431.36 268.44 19.73
463.36 270.72 19.73
495.35 275.37 19.73
527.34 280.32 19.73
559.34 283.36 19.73
591.33 283.14 19.73
623.32 279.75 19.73
687.31 270.26 19.73
719.31 268.39 19.73
293.99 314.60 19.73
325.98 310.66 19.73
357.98 305.55 19.73
389.97 301.55 19.73
421.97 300.44 19.73
453.96 302.72 19.73
485.95 307.37 19.73
517.95 312.32 19.73
549.94 315.36 19.73
581.94 315.13 19.73
613.93 311.74 19.73
645.92 306.70 19.73
677.92 302.25 19.73
709.91 300.39 19.73
284.32 346.60 19.73
316.32 342.66 19.73
348.31 337.55 19.73
380.30 333.54 19.73
412.30 332.43 19.73
444.29 334.71 19.73
476.29 339.36 19.73
540.27 347.35 19.73
572.27 347.13 19.73
604.26 343.74 19.73
636.26 338.70 19.73
668.25 334.25 19.73
700.24 332.38 19.73
275.73 378.59 19.73
307.72 374.65 19.73
339.72 369.54 19.73
371.71 365.54 19.73
403.70 364.43 19.73
435.70 366.70 19.73
467.69 371.36 19.73
499.69 376.30 19.73
531.68 379.34 19.73
563.67 379.12 19.73
595.67 375.73 19.73
627.66 370.69 19.73
659.65 366.24 19.73
691.65 364.37 19.73
269.40 410.59 19.73
301.39 406.65 19.73
333.39 401.53 19.73
365.38 397.53 19.73
397.37 396.42 19.73
429.37 398.70 19.73
461.36 403.35 19.73
493.35 408.30 19.73
525.35 411.34 19.73
557.34 411.11 19.73
589.34 407.73 19.73
653.32 398.24 19.73
685.32 396.37 19.73
266.21 442.58 19.73
298.20 438.64 19.73
330.20 433.53 19.73
362.19 429.52 19.73
394.19 428.41 19.73
426.18 430.69 19.73
458.17 435.34 19.73
490.17 440.29 19.73
522.16 443.33 19.73
554.16 443.11 19.73
586.15 439.72 19.73
618.14 434.68 19.73
650.14 430.23 19.73
682.13 428.36 19.73
266.61 474.57 19.73
298.60 470.63 19.73
330.60 465.52 19.73
362.59 461.52 19.73
394.59 460.41 19.73
426.58 462.69 19.73
458.57 467.34 19.73
490.57 472.29 19.73
522.56 475.33 19.73
554.55 475.10 19.73
586.55 471.71 19.73
618.54 466.67 19.73
650.54 462.22 19.73
682.53 460.36 19.73
270.54 506.57 19.73
302.53 502.63 19.73
334.53 497.52 19.73
366.52 493.51 19.73
398.51 492.40 19.73
430.51 494.68 19.73
462.50 499.33 19.73
494.50 504.28 19.73
526.49 507.32 19.73
558.48 507.10 19.73
590.48 503.71 19.73
622.47 498.66 19.73
654.47 494.22 19.73
686.46 492.35 19.73
277.45 538.56 19.73
309.45 534.62 19.73
341.44 529.51 19.73
373.44 525.51 19.73
405.43 524.40 19.73
437.42 526.67 19.73
469.42 531.32 19.73
501.41 536.27 19.73
533.41 539.31 19.73
565.40 539.09 19.73
597.39 535.70 19.73
629.39 530.66 19.73
693.37 524.34 19.73
286.39 570.56 19.73
318.39 566.62 19.73
350.38 561.50 19.73
382.38 557.50 19.73
414.37 556.39 19.73
446.36 558.67 19.73
478.36 563.32 19.73
510.35 568.27 19.73
542.35 571.31 19.73
574.34 571.08 19.73
606.33 567.69 19.73
638.33 562.65 19.73
670.32 558.21 19.73
702.31 556.34 19.73
296.12 602.55 19.73
328.11 598.61 19.73
360.11 593.50 19.73
392.10 589.49 19.73
424.09 588.38 19.73
456.09 590.66 19.73
488.08 595.31 19.73
520.07 600.26 19.73
552.07 603.30 19.73
584.06 603.08 19.73
616.06 599.69 19.73
648.05 594.65 19.73
680.04 590.20 19.73
712.04 588.33 19.73
305.28 634.54 19.73
337.27 630.60 19.73
369.26 625.49 19.73
401.26 621.49 19.73
433.25 620.38 19.73
465.24 622.66 19.73
497.24 627.31 19.73
529.23 632.26 19.73
561.23 635.30 19.73
593.22 635.07 19.73
625.21 631.68 19.73
657.21 626.64 19.73
689.20 622.19 19.73
721.20 620.33 19.73
312.59 666.54 19.73
344.59 662.60 19.73
376.58 657.49 19.73
440.57 652.37 19.73
472.56 654.65 19.73
504.56 659.30 19.73
536.55 664.25 19.73
568.55 667.29 19.73
600.54 667.07 19.73
632.53 663.68 19.73
664.53 658.63 19.73
696.52 654.19 19.73
728.52 652.32 19.73
317.06 698.53 19.73
349.05 694.59 19.73
381.05 689.48 19.73
413.04 685.48 19.73
445.04 684.37 19.73
509.02 691.29 19.73
541.02 696.24 19.73
573.01 699.28 19.73
605.01 699.06 19.73
637.00 695.67 19.73
668.99 690.63 19.73
700.99 686.18 19.73
732.98 684.31 19.73
318.05 730.52 19.73
350.05 726.58 19.73
382.04 721.47 19.73
414.03 717.47 19.73
446.03 716.36 19.73
478.02 718.64 19.73
510.02 723.29 19.73
542.01 728.24 19.73
574.00 731.28 19.73
606.00 731.05 19.73
637.99 727.66 19.73
669.99 722.62 19.73
701.98 718.18 19.73
733.97 716.31 19.73
315.43 762.52 19.73
347.43 758.58 19.73
379.42 753.47 19.73
411.42 749.46 19.73
443.41 748.35 19.73
475.40 750.63 19.73
507.40 755.28 19.73
539.39 760.23 19.73
571.38 763.27 19.73
603.38 763.05 19.73
635.37 759.66 19.73
667.37 754.62 19.73
699.36 750.17 19.73
731.35 748.30 19.73
