0.311206 0.250616 0.019728
0.343200 0.246676 0.019728
0.375194 0.241565 0.019728
0.407188 0.237561 0.019728
0.439182 0.236451 0.019728
0.471176 0.238729 0.019728
0.503170 0.243380 0.019728
0.535164 0.248329 0.019728
0.567157 0.251369 0.019728
0.599151 0.251145 0.019728
0.631145 0.247756 0.019728
0.663139 0.242713 0.019728
0.695133 0.238267 0.019728
0.727127 0.236398 0.019728
0.303386 0.282610 0.019728
0.335380 0.278670 0.019728
0.367373 0.273559 0.019728
0.399367 0.269555 0.019728
0.431361 0.268444 0.019728
0.463355 0.270723 0.019728
0.495349 0.275374 0.019728
0.527343 0.280323 0.019728
0.559337 0.283363 0.019728
0.591331 0.283139 0.019728
0.623325 0.279750 0.019728
0.687313 0.270261 0.019728
0.719306 0.268392 0.019728
0.293990 0.314604 0.019728
0.325984 0.310664 0.019728
0.357978 0.305552 0.019728
0.389972 0.301549 0.019728
0.421965 0.300438 0.019728
0.453959 0.302717 0.019728
0.485953 0.307367 0.019728
0.517947 0.312317 0.019728
0.549941 0.315357 0.019728
0.581935 0.315133 0.019728
0.613929 0.311744 0.019728
0.645923 0.306701 0.019728
0.677917 0.302254 0.019728
0.709911 0.300386 0.019728
0.284323 0.346598 0.019728
0.316317 0.342658 0.019728
0.348311 0.337546 0.019728
0.380305 0.333543 0.019728
0.412299 0.332432 0.019728
0.444293 0.334711 0.019728
0.476287 0.339361 0.019728
0.540275 0.347351 0.019728
0.572268 0.347127 0.019728
0.604262 0.343738 0.019728
0.636256 0.338695 0.019728
0.668250 0.334248 0.019728
0.700244 0.332380 0.019728
0.275728 0.378592 0.019728
0.307722 0.374652 0.019728
0.339716 0.369540 0.019728
0.371710 0.365537 0.019728
0.403704 0.364426 0.019728
0.435698 0.366704 0.019728
0.467691 0.371355 0.019728
0.499685 0.376304 0.019728
0.531679 0.379345 0.019728
0.563673 0.379121 0.019728
0.595667 0.375731 0.019728
0.627661 0.370689 0.019728
0.659655 0.366242 0.019728
0.691649 0.364374 0.019728
0.269397 0.410586 0.019728
0.301391 0.406646 0.019728
0.333385 0.401534 0.019728
0.365379 0.397530 0.019728
0.397373 0.396420 0.019728
0.429367 0.398698 0.019728
0.461361 0.403349 0.019728
0.493355 0.408298 0.019728
0.525349 0.411339 0.019728
0.557343 0.411114 0.019728
0.589336 0.407725 0.019728
0.653324 0.398236 0.019728
0.685318 0.396368 0.019728
0.266210 0.442580 0.019728
0.298204 0.438640 0.019728
0.330198 0.433528 0.019728
0.362192 0.429524 0.019728
0.394186 0.428414 0.019728
0.426180 0.430692 0.019728
0.458174 0.435343 0.019728
0.490168 0.440292 0.019728
0.522162 0.443333 0.019728
0.554156 0.443108 0.019728
0.586149 0.439719 0.019728
0.618143 0.434677 0.019728
0.650137 0.430230 0.019728
0.682131 0.428362 0.019728
0.266609 0.474573 0.019728
0.298603 0.470634 0.019728
0.330597 0.465522 0.019728
0.362591 0.461518 0.019728
0.394585 0.460408 0.019728
0.426579 0.462686 0.019728
0.458573 0.467337 0.019728
0.490567 0.472286 0.019728
0.522561 0.475327 0.019728
0.554555 0.475102 0.019728
0.586549 0.471713 0.019728
0.618542 0.466671 0.019728
0.650536 0.462224 0.019728
0.682530 0.460356 0.019728
0.270539 0.506567 0.019728
0.302533 0.502628 0.019728
0.334527 0.497516 0.019728
0.366521 0.493512 0.019728
0.398515 0.492402 0.019728
0.430509 0.494680 0.019728
0.462503 0.499331 0.019728
0.494497 0.504280 0.019728
0.526490 0.507321 0.019728
0.558484 0.507096 0.019728
0.590478 0.503707 0.019728
0.622472 0.498665 0.019728
0.654466 0.494218 0.019728
0.686460 0.492350 0.019728
0.277454 0.538561 0.019728
0.309448 0.534621 0.019728
0.341442 0.529510 0.019728
0.373436 0.525506 0.019728
0.405430 0.524396 0.019728
0.437424 0.526674 0.019728
0.469417 0.531325 0.019728
0.501411 0.536274 0.019728
0.533405 0.539314 0.019728
0.565399 0.539090 0.019728
0.597393 0.535701 0.019728
0.629387 0.530659 0.019728
0.693375 0.524344 0.019728
0.286394 0.570555 0.019728
0.318388 0.566615 0.019728
0.350382 0.561504 0.019728
0.382376 0.557500 0.019728
0.414370 0.556390 0.019728
0.446363 0.558668 0.019728
0.478357 0.563319 0.019728
0.510351 0.568268 0.019728
0.542345 0.571308 0.019728
0.574339 0.571084 0.019728
0.606333 0.567695 0.019728
0.638327 0.562653 0.019728
0.670321 0.558206 0.019728
0.702315 0.556338 0.019728
0.296118 0.602549 0.019728
0.328111 0.598609 0.019728
0.360105 0.593498 0.019728
0.392099 0.589494 0.019728
0.424093 0.588384 0.019728
0.456087 0.590662 0.019728
0.488081 0.595313 0.019728
0.520075 0.600262 0.019728
0.552069 0.603302 0.019728
0.584063 0.603078 0.019728
0.616057 0.599689 0.019728
0.648051 0.594646 0.019728
0.680044 0.590200 0.019728
0.712038 0.588331 0.019728
0.305275 0.634543 0.019728
0.337269 0.630603 0.019728
0.369263 0.625492 0.019728
0.401257 0.621488 0.019728
0.433251 0.620377 0.019728
0.465245 0.622656 0.019728
0.497239 0.627307 0.019728
0.529232 0.632256 0.019728
0.561226 0.635296 0.019728
0.593220 0.635072 0.019728
0.625214 0.631683 0.019728
0.657208 0.626640 0.019728
0.689202 0.622194 0.019728
0.721196 0.620325 0.019728
0.312595 0.666537 0.019728
0.344589 0.662597 0.019728
0.376583 0.657485 0.019728
0.440571 0.652371 0.019728
0.472565 0.654650 0.019728
0.504558 0.659300 0.019728
0.536552 0.664250 0.019728
0.568546 0.667290 0.019728
0.600540 0.667066 0.019728
0.632534 0.663677 0.019728
0.664528 0.658634 0.019728
0.696522 0.654187 0.019728
0.728516 0.652319 0.019728
0.317061 0.698531 0.019728
0.349055 0.694591 0.019728
0.381049 0.689479 0.019728
0.413043 0.685476 0.019728
0.445037 0.684365 0.019728
0.509024 0.691294 0.019728
0.541018 0.696244 0.019728
0.573012 0.699284 0.019728
0.605006 0.699060 0.019728
0.637000 0.695670 0.019728
0.668994 0.690628 0.019728
0.700988 0.686181 0.019728
0.732982 0.684313 0.019728
0.318053 0.730525 0.019728
0.350047 0.726585 0.019728
0.382041 0.721473 0.019728
0.414035 0.717470 0.019728
0.446029 0.716359 0.019728
0.478023 0.718637 0.019728
0.510017 0.723288 0.019728
0.542011 0.728237 0.019728
0.574004 0.731278 0.019728
0.605998 0.731053 0.019728
0.637992 0.727664 0.019728
0.669986 0.722622 0.019728
0.701980 0.718175 0.019728
0.733974 0.716307 0.019728
0.315434 0.762519 0.019728
0.347428 0.758579 0.019728
0.379421 0.753467 0.019728
0.411415 0.749463 0.019728
0.443409 0.748353 0.019728
0.475403 0.750631 0.019728
0.507397 0.755282 0.019728
0.539391 0.760231 0.019728
0.571385 0.763272 0.019728
0.603379 0.763047 0.019728
0.635373 0.759658 0.019728
0.667367 0.754616 0.019728
0.699361 0.750169 0.019728
0.731354 0.748301 0.019728
