0.445814 0.168769 0.010447
0.464851 0.163796 0.010827
0.487103 0.161118 0.010652
0.503255 0.157117 0.011159
0.521449 0.155735 0.010824
0.540990 0.149396 0.010570
0.561107 0.148809 0.011082
0.580097 0.145985 0.010841
0.600906 0.142120 0.010785
0.617260 0.138802 0.010882
0.634720 0.136910 0.010710
0.657374 0.133013 0.010630
0.675167 0.132162 0.010652
0.693580 0.125564 0.010851
0.711243 0.122020 0.011010
0.730190 0.121610 0.010745
0.451913 0.185781 0.010715
0.467022 0.182847 0.011297
0.487058 0.179449 0.010960
0.505680 0.178348 0.010709
0.527938 0.175592 0.010692
0.545091 0.169989 0.010967
0.563183 0.169504 0.011033
0.583714 0.165114 0.010644
0.604235 0.162138 0.010908
0.619483 0.158581 0.010617
0.638536 0.155526 0.010825
0.659365 0.153977 0.010820
0.677708 0.148271 0.011002
0.695174 0.146601 0.011066
0.714858 0.144135 0.010790
0.734322 0.139350 0.010520
0.453906 0.203707 0.010983
0.470047 0.201375 0.010498
0.491988 0.200003 0.010895
0.510564 0.195798 0.011161
0.531320 0.191798 0.010780
0.544767 0.189095 0.010893
0.566522 0.187370 0.010691
0.585293 0.183513 0.010576
0.606614 0.180056 0.011012
0.622084 0.176412 0.010715
0.641936 0.173977 0.011149
0.661810 0.170190 0.010739
0.681537 0.169006 0.010722
0.700198 0.165009 0.010835
0.716659 0.160430 0.010890
0.740048 0.159235 0.010779
0.455151 0.223544 0.011270
0.476051 0.223492 0.010630
0.495184 0.217332 0.010910
0.512615 0.215225 0.010709
0.532558 0.211092 0.011036
0.548948 0.208371 0.010901
0.569716 0.205483 0.010718
0.588191 0.202673 0.010760
0.605977 0.200320 0.010791
0.626295 0.198881 0.010821
0.644572 0.194325 0.010548
0.666110 0.191323 0.011133
0.682262 0.185085 0.011210
0.701027 0.186683 0.011258
0.720881 0.178314 0.011282
0.740225 0.178722 0.010709
0.462600 0.243499 0.010572
0.480391 0.239522 0.010835
0.497068 0.235393 0.010854
0.515527 0.237003 0.011079
0.538117 0.231339 0.010464
0.554349 0.227663 0.010787
0.571106 0.227230 0.010658
0.592925 0.224605 0.010578
0.608480 0.217730 0.010781
0.631494 0.215504 0.010666
0.648898 0.209613 0.010815
0.666044 0.208162 0.011176
0.685927 0.206386 0.010863
0.703130 0.205493 0.010907
0.727021 0.200597 0.010951
0.744322 0.200768 0.010654
0.463150 0.262483 0.010947
0.482388 0.255791 0.010896
0.518603 0.254655 0.011154
0.537558 0.250788 0.010601
0.557328 0.246174 0.010912
0.575068 0.245070 0.010730
0.594596 0.241442 0.010933
0.614391 0.238226 0.010622
0.651089 0.231558 0.010856
0.668994 0.226301 0.010675
0.688722 0.223566 0.010745
0.709775 0.223266 0.011083
0.729436 0.218716 0.010801
0.748234 0.216141 0.010927
0.465040 0.282095 0.010941
0.484866 0.276560 0.011064
0.503459 0.273336 0.010814
0.524063 0.271075 0.010819
0.540044 0.268668 0.010757
0.561519 0.264535 0.010942
0.579507 0.262087 0.010984
0.598162 0.261580 0.010889
0.620168 0.255251 0.010822
0.638350 0.252683 0.010831
0.652650 0.249240 0.010721
0.673886 0.246082 0.010885
0.693928 0.244514 0.010769
0.713290 0.240723 0.010981
0.729265 0.238729 0.010874
0.750239 0.234188 0.010932
0.468896 0.301478 0.010858
0.486584 0.298948 0.010582
0.507268 0.293286 0.010464
0.524779 0.292365 0.010553
0.544480 0.289788 0.010835
0.561806 0.284450 0.010991
0.582548 0.280249 0.010873
0.601926 0.279436 0.010763
0.619830 0.276688 0.010608
0.637513 0.270218 0.011006
0.657546 0.266507 0.011198
0.677123 0.265106 0.010699
0.696475 0.265122 0.011220
0.714613 0.260525 0.010674
0.735275 0.257286 0.010719
0.752038 0.252042 0.010494
0.471332 0.317992 0.010742
0.492077 0.313272 0.010823
0.507970 0.311571 0.010800
0.528447 0.310400 0.010790
0.547614 0.306432 0.011216
0.565171 0.303510 0.010838
0.583233 0.300139 0.010696
0.602744 0.297005 0.010889
0.620255 0.294807 0.010900
0.641871 0.290055 0.011258
0.661017 0.288762 0.010517
0.680834 0.284364 0.010769
0.701763 0.283422 0.011077
0.717689 0.276034 0.010965
0.737143 0.275767 0.010935
0.473780 0.337948 0.010931
0.491244 0.334327 0.010746
0.511128 0.330501 0.010773
0.531551 0.328688 0.010763
0.550423 0.326555 0.011020
0.569381 0.322961 0.010961
0.587618 0.320912 0.010785
0.607256 0.316380 0.011027
0.625863 0.314307 0.010888
0.644734 0.309202 0.010639
0.662201 0.306443 0.010562
0.681977 0.304788 0.010952
0.701722 0.299196 0.010874
0.740101 0.295147 0.010756
0.759494 0.290440 0.010943
0.480244 0.357928 0.010733
0.496983 0.354709 0.010927
0.514727 0.348991 0.010971
0.531846 0.348517 0.010700
0.552741 0.343677 0.010762
0.573863 0.340806 0.010867
0.589861 0.338113 0.010743
0.609640 0.334634 0.011345
0.628885 0.331824 0.010436
0.648264 0.327914 0.010953
0.665275 0.323503 0.010886
0.687177 0.322990 0.010475
0.705830 0.319828 0.010915
0.722512 0.316159 0.010737
0.739265 0.314872 0.010661
0.762622 0.309796 0.010935
0.480918 0.376947 0.010912
0.499392 0.371773 0.010975
0.516169 0.370872 0.010973
0.536502 0.367860 0.010689
0.556325 0.365495 0.010780
0.575405 0.358812 0.010815
0.594155 0.357307 0.011010
0.614867 0.356100 0.010998
0.630357 0.349187 0.010917
0.649397 0.347338 0.011134
0.669880 0.343845 0.010992
0.690655 0.341253 0.010999
0.706494 0.340156 0.010737
0.725040 0.335589 0.010882
0.748427 0.333286 0.010789
0.764105 0.330444 0.010504
0.483391 0.392693 0.010961
0.504386 0.391439 0.011022
0.520084 0.388383 0.010996
0.540710 0.386151 0.011146
0.560207 0.383037 0.011030
0.578056 0.378618 0.010805
0.596725 0.375136 0.010905
0.615525 0.374006 0.010728
0.635082 0.372358 0.010721
0.655603 0.366609 0.010759
0.670287 0.364663 0.010656
0.692457 0.359250 0.010805
0.711651 0.361192 0.011157
0.730244 0.355181 0.011188
0.748933 0.350449 0.010846
0.768031 0.348897 0.010683
0.487695 0.415101 0.010682
0.503097 0.411961 0.010953
0.525608 0.407603 0.011141
0.562227 0.399193 0.010635
0.581140 0.397056 0.010839
0.601671 0.395181 0.010888
0.622191 0.392327 0.010860
0.659158 0.386018 0.010758
0.674009 0.384053 0.010796
0.697310 0.378009 0.010526
0.714155 0.375417 0.010955
0.732221 0.372856 0.010729
0.752779 0.371829 0.011034
0.772785 0.367683 0.011089
0.487510 0.433211 0.010659
0.509540 0.428363 0.011025
0.526857 0.425816 0.011263
0.546736 0.423212 0.010576
0.565008 0.419236 0.010532
0.585314 0.415764 0.010778
0.603618 0.414118 0.010713
0.621434 0.410526 0.010513
0.640248 0.407896 0.010885
0.659955 0.406625 0.010923
0.680302 0.402854 0.010860
0.697216 0.398110 0.010860
0.718353 0.395566 0.010865
0.737887 0.392427 0.010866
0.755479 0.388928 0.010686
0.771675 0.387558 0.010703
0.493263 0.451097 0.011036
0.512306 0.447419 0.010880
0.532026 0.445816 0.010722
0.549890 0.441210 0.011206
0.570319 0.437794 0.011070
0.589757 0.436985 0.010758
0.606734 0.433178 0.010873
0.626525 0.429246 0.010948
0.647196 0.427552 0.010758
0.664242 0.422897 0.011030
0.683077 0.420805 0.010787
0.704064 0.417336 0.010548
0.717817 0.415240 0.010791
0.741138 0.410666 0.010663
0.758043 0.409200 0.010774
0.774969 0.408871 0.010792
0.497316 0.471647 0.010765
0.516865 0.467985 0.011036
0.533735 0.464293 0.010815
0.553265 0.459706 0.010708
0.573617 0.460704 0.010690
0.590020 0.454368 0.010805
0.610307 0.453301 0.011156
0.629849 0.450295 0.010915
0.646890 0.447109 0.010916
0.666367 0.442331 0.010873
0.683787 0.436394 0.010828
0.702930 0.435273 0.010764
0.723114 0.432551 0.010906
0.742771 0.429561 0.010751
0.761952 0.429365 0.010860
0.781420 0.425983 0.010919
0.499993 0.490064 0.010897
0.519149 0.488414 0.010714
0.536239 0.484167 0.010918
0.555363 0.480242 0.010866
0.573009 0.477040 0.010599
0.595719 0.473497 0.011222
0.613756 0.470359 0.010923
0.631450 0.469167 0.010535
0.650791 0.466495 0.010639
0.670556 0.460928 0.010898
0.687542 0.459719 0.010623
0.706803 0.454971 0.010702
0.725626 0.454369 0.010544
0.745128 0.447923 0.010947
0.766112 0.446571 0.010742
0.782692 0.443411 0.011423
0.503168 0.505927 0.010899
0.520927 0.502569 0.010851
0.539206 0.500296 0.010899
0.559795 0.498301 0.010786
0.576341 0.496338 0.010887
0.597196 0.494470 0.011038
0.616034 0.490832 0.010504
0.637370 0.485418 0.010635
0.653289 0.484828 0.010848
0.673402 0.483397 0.011155
0.690055 0.478026 0.010770
0.709284 0.474679 0.010882
0.730273 0.470695 0.011226
0.750599 0.467624 0.010751
0.769305 0.466610 0.010641
0.784297 0.461245 0.010764
0.503818 0.528317 0.011021
0.522446 0.525377 0.011071
0.542709 0.520585 0.011075
0.563834 0.521245 0.010979
0.581916 0.514414 0.010806
0.599658 0.510258 0.011216
0.618943 0.509725 0.010837
0.652199 0.503959 0.010948
0.675112 0.499369 0.011142
0.692280 0.497080 0.010991
0.713550 0.494780 0.010995
0.731079 0.491029 0.010932
0.752390 0.487940 0.010729
0.769459 0.483951 0.010859
0.788082 0.481591 0.010971
0.507485 0.545061 0.010613
0.528072 0.542249 0.011282
0.545257 0.540292 0.010643
0.566739 0.538375 0.010578
0.582281 0.535240 0.010616
0.601179 0.531940 0.010807
0.621282 0.528499 0.010844
0.640330 0.523534 0.010773
0.660468 0.522565 0.011192
0.678581 0.519914 0.010764
0.697827 0.518303 0.011086
0.714633 0.513165 0.011001
0.736672 0.507155 0.010875
0.753905 0.507026 0.010637
0.773970 0.505064 0.010387
0.792319 0.499032 0.010827
0.513435 0.564780 0.010964
0.527823 0.563215 0.010982
0.548773 0.558778 0.010910
0.569857 0.556921 0.010729
0.583923 0.553781 0.010724
0.605316 0.551260 0.010483
0.624243 0.544477 0.011051
0.643991 0.544334 0.010977
0.661136 0.541091 0.011019
0.682749 0.538070 0.010636
0.698928 0.534037 0.010906
0.721408 0.532353 0.010926
0.738218 0.527450 0.010825
0.756198 0.527252 0.011102
0.778107 0.521257 0.011001
0.795962 0.520485 0.010779
0.514627 0.583510 0.010869
0.534142 0.581120 0.010511
0.551473 0.577905 0.010903
0.570307 0.575134 0.010849
0.590533 0.572452 0.010699
0.610351 0.566443 0.010782
0.628787 0.568005 0.010779
0.646214 0.563524 0.011072
0.668065 0.559562 0.010980
0.683768 0.556612 0.010978
0.702976 0.551982 0.010858
0.722037 0.549023 0.010870
0.741466 0.547101 0.010694
0.761086 0.543525 0.010854
0.780438 0.541884 0.010792
0.797751 0.539641 0.010445
0.516353 0.604319 0.010882
0.537285 0.599958 0.010898
0.556052 0.595928 0.011077
0.611748 0.587103 0.010761
0.631816 0.586593 0.010845
0.650482 0.582283 0.010534
0.669329 0.578272 0.010656
0.687440 0.575895 0.010725
0.707019 0.572485 0.010728
0.725365 0.570604 0.010803
0.744650 0.564349 0.010872
0.763592 0.564797 0.010788
0.781934 0.559217 0.010860
0.801834 0.559747 0.010831
0.520793 0.621830 0.010908
0.539112 0.616845 0.011098
0.558447 0.618514 0.010922
0.576459 0.611427 0.010957
0.596394 0.607926 0.011108
0.617109 0.605831 0.011053
0.634478 0.604685 0.010797
0.653717 0.601005 0.010749
0.671193 0.598959 0.010765
0.690479 0.594968 0.010752
0.709907 0.593210 0.010750
0.731278 0.589375 0.011156
0.749144 0.586743 0.010914
0.768114 0.584072 0.010771
0.785560 0.578036 0.010717
0.805176 0.577195 0.010750
0.524297 0.641432 0.010372
0.542465 0.638043 0.010866
0.559743 0.634485 0.010945
0.580219 0.632131 0.010564
0.599250 0.629381 0.010672
0.615730 0.622999 0.011095
0.634683 0.623426 0.010935
0.655914 0.619819 0.010817
0.674755 0.616583 0.010724
0.693899 0.613489 0.011175
0.713088 0.609470 0.011039
0.732410 0.606460 0.011249
0.752152 0.603199 0.010911
0.768106 0.599251 0.010559
0.789262 0.597336 0.011120
0.809660 0.595501 0.010656
0.528131 0.660867 0.011034
0.543902 0.656431 0.010838
0.564516 0.652506 0.010672
0.583339 0.648720 0.010763
0.601810 0.648919 0.010832
0.619831 0.645651 0.010781
0.639891 0.642278 0.010735
0.660361 0.636690 0.010796
0.677796 0.636268 0.010996
0.696914 0.632619 0.010792
0.715700 0.629705 0.011048
0.736458 0.626515 0.010896
0.754270 0.624500 0.010596
0.788811 0.616977 0.010884
0.811028 0.615747 0.011290
0.528506 0.677506 0.010859
0.547811 0.676812 0.010751
0.568948 0.670962 0.011010
0.587586 0.667995 0.010885
0.605462 0.665780 0.010834
0.625437 0.663678 0.010691
0.645460 0.662964 0.011224
0.662411 0.658025 0.010631
0.680540 0.654134 0.010810
0.697958 0.650534 0.011001
0.719961 0.647911 0.010604
0.739817 0.644231 0.011075
0.755657 0.641828 0.010760
0.775513 0.640093 0.010638
0.793891 0.635536 0.011204
0.531983 0.697215 0.010857
0.553383 0.696454 0.010798
0.569093 0.693536 0.010810
0.592749 0.688364 0.010909
0.609837 0.683451 0.010848
0.626600 0.680840 0.010869
0.645082 0.678802 0.010962
0.663777 0.676034 0.010629
0.685045 0.676049 0.011043
0.703377 0.671183 0.010470
0.721750 0.667459 0.010730
0.740769 0.665214 0.010473
0.760268 0.662964 0.010790
0.778706 0.657701 0.010678
0.797160 0.654310 0.011048
0.818659 0.653077 0.010487
