0.551100 0.498623 0.019453
0.546919 0.522807 0.019453
0.534242 0.541934 0.019453
0.514584 0.553551 0.019453
0.490401 0.556372 0.019453
0.464854 0.550331 0.019453
0.441431 0.536330 0.019453
0.423454 0.515992 0.019453
0.413566 0.491589 0.019453
0.413255 0.466062 0.019453
0.422571 0.442857 0.019453
0.440105 0.425465 0.019453
0.463269 0.416709 0.019453
0.488763 0.418039 0.019453
0.513103 0.429190 0.019453
0.533117 0.448340 0.019453
0.546310 0.472621 0.019453
0.576159 0.503481 0.019453
0.573174 0.528307 0.019453
0.563767 0.549931 0.019453
0.548502 0.566744 0.019453
0.528349 0.577585 0.019453
0.504657 0.581863 0.019453
0.479095 0.579550 0.019453
0.453541 0.571044 0.019453
0.429944 0.556991 0.019453
0.410174 0.538207 0.019453
0.395856 0.515704 0.019453
0.388207 0.490771 0.019453
0.387894 0.465030 0.019453
0.394946 0.440389 0.019453
0.408751 0.418905 0.019453
0.428128 0.402549 0.019453
0.451471 0.392916 0.019453
0.476917 0.390949 0.019453
0.502515 0.396774 0.019453
0.526388 0.409737 0.019453
0.546867 0.428585 0.019453
0.562588 0.451707 0.019453
0.572555 0.477304 0.019453
0.601217 0.508170 0.019453
0.598948 0.533369 0.019453
0.591582 0.556347 0.019453
0.579367 0.575977 0.019453
0.562746 0.591308 0.019453
0.542368 0.601678 0.019453
0.519078 0.606776 0.019453
0.493894 0.606620 0.019453
0.467962 0.601480 0.019453
0.442505 0.591752 0.019453
0.418765 0.577869 0.019453
0.397943 0.560278 0.019453
0.381132 0.539483 0.019453
0.369251 0.516114 0.019453
0.362971 0.490990 0.019453
0.362656 0.465132 0.019453
0.368329 0.439751 0.019453
0.379664 0.416183 0.019453
0.396018 0.395808 0.019453
0.416491 0.379919 0.019453
0.439992 0.369579 0.019453
0.465318 0.365472 0.019453
0.491224 0.367812 0.019453
0.516486 0.376334 0.019453
0.539960 0.390378 0.019453
0.560633 0.409029 0.019453
0.577658 0.431244 0.019453
0.590377 0.455927 0.019453
0.598324 0.481956 0.019453
0.626276 0.512467 0.019453
0.624588 0.537227 0.019453
0.618937 0.560498 0.019453
0.609428 0.581506 0.019453
0.596254 0.599532 0.019453
0.579715 0.613982 0.019453
0.560219 0.624438 0.019453
0.538278 0.630699 0.019453
0.514505 0.632776 0.019453
0.489587 0.630847 0.019453
0.464272 0.625190 0.019453
0.439340 0.616106 0.019453
0.415581 0.603867 0.019453
0.393772 0.588710 0.019453
0.374656 0.570863 0.019453
0.358907 0.550592 0.019453
0.347107 0.528247 0.019453
0.339707 0.504295 0.019453
0.336999 0.479329 0.019453
0.339097 0.454062 0.019453
0.345919 0.429308 0.019453
0.357199 0.405954 0.019453
0.372505 0.384920 0.019453
0.391264 0.367112 0.019453
0.412804 0.353346 0.019453
0.436378 0.344275 0.019453
0.461203 0.340309 0.019453
0.486483 0.341571 0.019453
0.511436 0.347894 0.019453
0.535317 0.358869 0.019453
0.557442 0.373918 0.019453
0.577208 0.392383 0.019453
0.594103 0.413589 0.019453
0.607720 0.436868 0.019453
0.617750 0.461560 0.019453
0.623978 0.486995 0.019453
0.651334 0.516163 0.019453
0.649953 0.541201 0.019453
0.645203 0.565145 0.019453
0.637133 0.587389 0.019453
0.625844 0.607339 0.019453
0.611499 0.624456 0.019453
0.594332 0.638301 0.019453
0.574648 0.648574 0.019453
0.552827 0.655144 0.019453
0.529314 0.658044 0.019453
0.504606 0.657443 0.019453
0.479243 0.653590 0.019453
0.453792 0.646756 0.019453
0.428833 0.637185 0.019453
0.404951 0.625060 0.019453
0.382724 0.610516 0.019453
0.362707 0.593663 0.019453
0.345425 0.574627 0.019453
0.331351 0.553591 0.019453
0.320889 0.530817 0.019453
0.314351 0.506661 0.019453
0.313737 0.456077 0.019453
0.319688 0.430779 0.019453
0.329614 0.406334 0.019453
0.343220 0.383440 0.019453
0.360111 0.362817 0.019453
0.379817 0.345168 0.019453
0.401811 0.331137 0.019453
0.425527 0.321253 0.019453
0.450382 0.315873 0.019453
0.475783 0.315146 0.019453
0.501146 0.318999 0.019453
0.549521 0.339212 0.019453
0.571507 0.354651 0.019453
0.591425 0.372953 0.019453
0.608904 0.393610 0.019453
0.623639 0.416152 0.019453
0.635396 0.440131 0.019453
0.644003 0.465107 0.019453
0.649339 0.490617 0.019453
0.676392 0.519082 0.019453
0.675245 0.544336 0.019453
0.671182 0.568800 0.019453
0.664224 0.591988 0.019453
0.654421 0.613403 0.019453
0.641862 0.632565 0.019453
0.626680 0.649044 0.019453
0.609061 0.662495 0.019453
0.589247 0.672691 0.019453
0.567529 0.679538 0.019453
0.544248 0.683080 0.019453
0.519780 0.683477 0.019453
0.494534 0.680964 0.019453
0.468939 0.675801 0.019453
0.443435 0.668228 0.019453
0.418470 0.658428 0.019453
0.394492 0.646518 0.019453
0.371943 0.632562 0.019453
0.351255 0.616594 0.019453
0.332843 0.598658 0.019453
0.317096 0.578838 0.019453
0.304364 0.557280 0.019453
0.294944 0.534200 0.019453
0.289067 0.509889 0.019453
0.286883 0.484701 0.019453
0.288450 0.459048 0.019453
0.293735 0.433388 0.019453
0.302607 0.408221 0.019453
0.314854 0.384083 0.019453
0.330188 0.361539 0.019453
0.348263 0.341169 0.019453
0.368687 0.323543 0.019453
0.391039 0.309193 0.019453
0.414878 0.298568 0.019453
0.439752 0.291991 0.019453
0.465204 0.289624 0.019453
0.490783 0.291454 0.019453
0.516046 0.297300 0.019453
0.540564 0.306842 0.019453
0.563937 0.319678 0.019453
0.585794 0.335365 0.019453
0.605806 0.353476 0.019453
0.623688 0.373619 0.019453
0.639207 0.395446 0.019453
0.652180 0.418648 0.019453
0.662467 0.442929 0.019453
0.669972 0.467987 0.019453
0.674628 0.493495 0.019453
0.701451 0.521083 0.019453
0.700526 0.546052 0.019453
0.697137 0.570500 0.019453
0.691286 0.594052 0.019453
0.682992 0.616312 0.019453
0.672294 0.636879 0.019453
0.659260 0.655370 0.019453
0.643995 0.671442 0.019453
0.626636 0.684814 0.019453
0.607365 0.695299 0.019453
0.586396 0.702812 0.019453
0.563981 0.707380 0.019453
0.540396 0.709127 0.019453
0.515941 0.708254 0.019453
0.490931 0.704998 0.019453
0.465692 0.699598 0.019453
0.440555 0.692254 0.019453
0.415853 0.683110 0.019453
0.391918 0.672243 0.019453
0.369083 0.659678 0.019453
0.347672 0.645405 0.019453
0.328008 0.629410 0.019453
0.310398 0.611700 0.019453
0.295136 0.592326 0.019453
0.282492 0.571389 0.019453
0.272700 0.549049 0.019453
0.265952 0.525519 0.019453
0.262081 0.475959 0.019453
0.265046 0.450553 0.019453
0.271225 0.425192 0.019453
0.280496 0.400255 0.019453
0.292681 0.376147 0.019453
0.307552 0.353294 0.019453
0.324841 0.332145 0.019453
0.344253 0.313157 0.019453
0.365473 0.296778 0.019453
0.388171 0.283423 0.019453
0.412011 0.273438 0.019453
0.436652 0.267071 0.019453
0.461755 0.264446 0.019453
0.486980 0.265551 0.019453
0.511994 0.270240 0.019453
0.536473 0.278257 0.019453
0.560104 0.289270 0.019453
0.582597 0.302914 0.019453
0.603680 0.318825 0.019453
0.623115 0.336673 0.019453
0.640694 0.356171 0.019453
0.656245 0.377081 0.019453
0.669634 0.399199 0.019453
0.680758 0.422339 0.019453
0.689544 0.446316 0.019453
0.695941 0.470926 0.019453
0.699918 0.495938 0.019453
0.726509 0.522069 0.019453
0.725723 0.547221 0.019453
0.722743 0.572040 0.019453
0.717564 0.596212 0.019453
0.710187 0.619400 0.019453
0.700626 0.641255 0.019453
0.688916 0.661426 0.019453
0.675115 0.679579 0.019453
0.659312 0.695417 0.019453
0.641626 0.708698 0.019453
0.622207 0.719260 0.019453
0.601237 0.727031 0.019453
0.578921 0.732038 0.019453
0.555488 0.734398 0.019453
0.531182 0.734301 0.019453
0.506260 0.731980 0.019453
0.480986 0.727676 0.019453
0.455627 0.721604 0.019453
0.430453 0.713930 0.019453
0.405734 0.704754 0.019453
0.381736 0.694111 0.019453
0.358726 0.681986 0.019453
0.336969 0.668337 0.019453
0.316726 0.653114 0.019453
0.298255 0.636289 0.019453
0.281803 0.617872 0.019453
0.267609 0.597918 0.019453
0.255889 0.576535 0.019453
0.246833 0.553875 0.019453
0.240598 0.530131 0.019453
0.236989 0.480318 0.019453
0.239688 0.454764 0.019453
0.245349 0.429151 0.019453
0.253876 0.403777 0.019453
0.265126 0.378957 0.019453
0.278918 0.355029 0.019453
0.313245 0.311300 0.019453
0.333287 0.292272 0.019453
0.354898 0.275657 0.019453
0.377808 0.261825 0.019453
0.401740 0.251092 0.019453
0.426421 0.243703 0.019453
0.476922 0.239393 0.019453
0.502194 0.242399 0.019453
0.527122 0.248611 0.019453
0.551443 0.257748 0.019453
0.574906 0.269480 0.019453
0.597273 0.283469 0.019453
0.618324 0.299395 0.019453
0.637864 0.316982 0.019453
0.655723 0.336001 0.019453
0.671757 0.356274 0.019453
0.685856 0.377658 0.019453
0.697934 0.400033 0.019453
0.707931 0.423280 0.019453
0.715809 0.447273 0.019453
0.721541 0.471862 0.019453
0.725112 0.496865 0.019453
0.751568 0.521992 0.019453
0.750896 0.547297 0.019453
0.748256 0.572420 0.019453
0.743636 0.597099 0.019453
0.737027 0.621047 0.019453
0.728426 0.643961 0.019453
0.717844 0.665528 0.019453
0.705313 0.685435 0.019453
0.690883 0.703385 0.019453
0.674632 0.719112 0.019453
0.656664 0.732402 0.019453
0.637111 0.743108 0.019453
0.616126 0.751164 0.019453
0.593885 0.756595 0.019453
0.570580 0.759507 0.019453
0.546416 0.760079 0.019453
0.521608 0.758537 0.019453
0.496375 0.755123 0.019453
0.445523 0.743556 0.019453
0.420349 0.735717 0.019453
0.395636 0.726611 0.019453
0.371601 0.716237 0.019453
0.348463 0.704551 0.019453
0.326438 0.691481 0.019453
0.305741 0.676954 0.019453
0.286587 0.660919 0.019453
0.269189 0.643356 0.019453
0.253753 0.624292 0.019453
0.240477 0.603799 0.019453
0.229540 0.581991 0.019453
0.221103 0.559021 0.019453
0.215295 0.535068 0.019453
0.212210 0.510332 0.019453
0.211902 0.485028 0.019453
0.214381 0.459377 0.019453
0.227514 0.407959 0.019453
0.237973 0.382677 0.019453
0.250839 0.358024 0.019453
0.265933 0.334281 0.019453
0.283060 0.311753 0.019453
0.302007 0.290767 0.019453
0.322555 0.271665 0.019453
0.344481 0.254797 0.019453
0.367558 0.240497 0.019453
0.391560 0.229064 0.019453
0.416260 0.220737 0.019453
0.441431 0.215669 0.019453
0.466848 0.213912 0.019453
0.492285 0.215411 0.019453
0.517518 0.220011 0.019453
0.542324 0.227472 0.019453
0.566488 0.237500 0.019453
0.612064 0.263985 0.019453
0.633094 0.279851 0.019453
0.652726 0.297139 0.019453
0.670816 0.315667 0.019453
0.687244 0.335304 0.019453
0.701912 0.355953 0.019453
0.714751 0.377540 0.019453
0.725708 0.399998 0.019453
0.734754 0.423253 0.019453
0.741870 0.447212 0.019453
0.747048 0.471757 0.019453
0.750282 0.496743 0.019453
0.776626 0.520858 0.019453
0.776051 0.546287 0.019453
0.773697 0.571659 0.019453
0.769549 0.596750 0.019453
0.763591 0.621318 0.019453
0.755809 0.645102 0.019453
0.746199 0.667824 0.019453
0.734770 0.689203 0.019453
0.721549 0.708955 0.019453
0.706583 0.726810 0.019453
0.689943 0.742527 0.019453
0.671723 0.755908 0.019453
0.652037 0.766818 0.019453
0.631022 0.775190 0.019453
0.608829 0.781044 0.019453
0.585625 0.784474 0.019453
0.561585 0.785648 0.019453
0.536894 0.784781 0.019453
0.511737 0.782116 0.019453
0.486303 0.777891 0.019453
0.460780 0.772314 0.019453
0.435353 0.765539 0.019453
0.410207 0.757657 0.019453
0.385521 0.748695 0.019453
0.361476 0.738621 0.019453
0.338251 0.727362 0.019453
0.316022 0.714826 0.019453
0.294970 0.700925 0.019453
0.275276 0.685587 0.019453
0.257120 0.668776 0.019453
0.240681 0.650498 0.019453
0.226137 0.630802 0.019453
0.213654 0.609778 0.019453
0.203389 0.587550 0.019453
0.195477 0.564269 0.019453
0.190030 0.540104 0.019453
0.187129 0.515238 0.019453
0.186820 0.489856 0.019453
0.189113 0.464146 0.019453
0.193978 0.438296 0.019453
0.201352 0.412496 0.019453
0.211135 0.386939 0.019453
0.223199 0.361828 0.019453
0.237396 0.337380 0.019453
0.253557 0.313832 0.019453
0.271503 0.291444 0.019453
0.291049 0.270503 0.019453
0.312004 0.251311 0.019453
0.334180 0.234185 0.019453
0.357386 0.219434 0.019453
0.381433 0.207342 0.019453
0.406133 0.198146 0.019453
0.431299 0.192011 0.019453
0.456744 0.189016 0.019453
0.482279 0.189143 0.019453
0.507715 0.192276 0.019453
0.532864 0.198215 0.019453
0.557541 0.206700 0.019453
0.581561 0.217430 0.019453
0.604747 0.230101 0.019453
0.626930 0.244429 0.019453
0.647953 0.260166 0.019453
0.667674 0.277119 0.019453
0.685968 0.295144 0.019453
0.702729 0.314145 0.019453
0.717873 0.334064 0.019453
0.731337 0.354862 0.019453
0.753072 0.398967 0.019453
0.761305 0.422188 0.019453
0.767775 0.446098 0.019453
0.772485 0.470600 0.019453
0.775435 0.495570 0.019453
0.801684 0.518720 0.019453
0.801207 0.543932 0.019453
0.799155 0.569185 0.019453
0.795509 0.594297 0.019453
0.790249 0.619069 0.019453
0.783355 0.643288 0.019453
0.774811 0.666725 0.019453
0.764612 0.689137 0.019453
0.752765 0.710276 0.019453
0.739291 0.729893 0.019453
0.724234 0.747746 0.019453
0.707652 0.763615 0.019453
0.689627 0.777317 0.019453
0.670256 0.788716 0.019453
0.649653 0.797737 0.019453
0.627947 0.804376 0.019453
0.605276 0.808701 0.019453
0.581789 0.810847 0.019453
0.557637 0.811004 0.019453
0.532976 0.809394 0.019453
0.507964 0.806256 0.019453
0.482755 0.801811 0.019453
0.457504 0.796245 0.019453
0.432362 0.789693 0.019453
0.407476 0.782227 0.019453
0.382994 0.773857 0.019453
0.359057 0.764540 0.019453
0.313389 0.742717 0.019453
0.291945 0.730007 0.019453
0.271619 0.715974 0.019453
0.252560 0.700560 0.019453
0.234918 0.683741 0.019453
0.218843 0.665533 0.019453
0.204484 0.645994 0.019453
0.191985 0.625211 0.019453
0.181483 0.603303 0.019453
0.173101 0.580408 0.019453
0.166941 0.556677 0.019453
0.163087 0.532267 0.019453
0.161591 0.507337 0.019453
0.162477 0.482045 0.019453
0.165740 0.456544 0.019453
0.171340 0.430981 0.019453
0.179211 0.405503 0.019453
0.189259 0.380258 0.019453
0.201369 0.355397 0.019453
0.215409 0.331085 0.019453
0.231235 0.307503 0.019453
0.248693 0.284852 0.019453
0.267629 0.263360 0.019453
0.287883 0.243276 0.019453
0.309299 0.224871 0.019453
0.331722 0.208424 0.019453
0.354997 0.194212 0.019453
0.378975 0.182487 0.019453
0.403503 0.173462 0.019453
0.428431 0.167285 0.019453
0.453608 0.164032 0.019453
0.478882 0.163690 0.019453
0.504099 0.166162 0.019453
0.529103 0.171274 0.019453
0.553741 0.178790 0.019453
0.577858 0.188439 0.019453
0.601303 0.199936 0.019453
0.623928 0.213006 0.019453
0.645594 0.227409 0.019453
0.666170 0.242946 0.019453
0.685537 0.259470 0.019453
0.703591 0.276884 0.019453
0.720243 0.295131 0.019453
0.735425 0.314185 0.019453
0.749081 0.334039 0.019453
0.761179 0.354689 0.019453
0.771697 0.376128 0.019453
0.780628 0.398335 0.019453
0.787976 0.421269 0.019453
0.793748 0.444870 0.019453
0.797953 0.469052 0.019453
0.800598 0.493711 0.019453
0.826743 0.515680 0.019453
0.826334 0.540997 0.019453
0.824484 0.566425 0.019453
0.821173 0.591809 0.019453
0.816376 0.616982 0.019453
0.810070 0.641760 0.019453
0.802231 0.665949 0.019453
0.792842 0.689338 0.019453
0.781897 0.711706 0.019453
0.769405 0.732825 0.019453
0.755388 0.752461 0.019453
0.739886 0.770389 0.019453
0.722957 0.786403 0.019453
0.704676 0.800324 0.019453
0.685133 0.812020 0.019453
0.664434 0.821412 0.019453
0.642694 0.828486 0.019453
0.620038 0.833299 0.019453
0.596597 0.835969 0.019453
0.572508 0.836676 0.019453
0.547908 0.835635 0.019453
0.522936 0.833083 0.019453
0.497728 0.829253 0.019453
0.472419 0.824351 0.019453
0.447140 0.818538 0.019453
0.422020 0.811914 0.019453
0.397182 0.804522 0.019453
0.348841 0.787305 0.019453
0.325575 0.777312 0.019453
0.303070 0.766244 0.019453
0.281447 0.753989 0.019453
0.260828 0.740448 0.019453
0.241338 0.725556 0.019453
0.223106 0.709280 0.019453
0.206263 0.691629 0.019453
0.190944 0.672647 0.019453
0.177281 0.652415 0.019453
0.165402 0.631038 0.019453
0.155430 0.608642 0.019453
0.147475 0.585366 0.019453
0.141628 0.561357 0.019453
0.137965 0.536761 0.019453
0.136532 0.511722 0.019453
0.137353 0.486378 0.019453
0.140422 0.460861 0.019453
0.145707 0.435293 0.019453
0.153147 0.409793 0.019453
0.162661 0.384473 0.019453
0.174147 0.359451 0.019453
0.187488 0.334846 0.019453
0.202556 0.310793 0.019453
0.219215 0.287441 0.019453
0.237327 0.264965 0.019453
0.256753 0.243563 0.019453
0.298999 0.204903 0.019453
0.321551 0.188152 0.019453
0.344882 0.173472 0.019453
0.368865 0.161109 0.019453
0.393373 0.151279 0.019453
0.418278 0.144147 0.019453
0.443455 0.139808 0.019453
0.468774 0.138281 0.019453
0.494103 0.139503 0.019453
0.519311 0.143333 0.019453
0.544263 0.149565 0.019453
0.568823 0.157946 0.019453
0.616228 0.180056 0.019453
0.638810 0.193253 0.019453
0.660476 0.207578 0.019453
0.681110 0.222861 0.019453
0.700604 0.238983 0.019453
0.718865 0.255874 0.019453
0.735811 0.273504 0.019453
0.751377 0.291870 0.019453
0.765514 0.310986 0.019453
0.778190 0.330870 0.019453
0.789386 0.351536 0.019453
0.799097 0.372984 0.019453
0.807329 0.395195 0.019453
0.814093 0.418132 0.019453
0.823278 0.465930 0.019453
0.825723 0.490615 0.019453
0.851801 0.511887 0.019453
0.851452 0.537289 0.019453
0.849779 0.562851 0.019453
0.846761 0.588441 0.019453
0.842372 0.613917 0.019453
0.836583 0.639126 0.019453
0.829365 0.663903 0.019453
0.820694 0.688069 0.019453
0.798943 0.733791 0.019453
0.785866 0.754931 0.019453
0.771349 0.774634 0.019453
0.755432 0.792688 0.019453
0.738172 0.808895 0.019453
0.719639 0.823082 0.019453
0.699918 0.835113 0.019453
0.679107 0.844906 0.019453
0.657312 0.852437 0.019453
0.634647 0.857747 0.019453
0.611230 0.860940 0.019453
0.587185 0.862181 0.019453
0.562635 0.861677 0.019453
0.537704 0.859661 0.019453
0.512513 0.856373 0.019453
0.487182 0.852033 0.019453
0.461827 0.846826 0.019453
0.436561 0.840883 0.019453
0.411492 0.834276 0.019453
0.386726 0.827015 0.019453
0.362365 0.819053 0.019453
0.338509 0.810300 0.019453
0.315256 0.800639 0.019453
0.292706 0.789941 0.019453
0.270960 0.778083 0.019453
0.250119 0.764964 0.019453
0.230291 0.750509 0.019453
0.211586 0.734685 0.019453
0.194118 0.717493 0.019453
0.178005 0.698973 0.019453
0.163368 0.679195 0.019453
0.150328 0.658260 0.019453
0.139001 0.636284 0.019453
0.129498 0.613400 0.019453
0.121918 0.589746 0.019453
0.116347 0.565461 0.019453
0.112851 0.540683 0.019453
0.111474 0.515542 0.019453
0.112237 0.490161 0.019453
0.115137 0.464653 0.019453
0.120144 0.439122 0.019453
0.127206 0.413662 0.019453
0.136248 0.388364 0.019453
0.147179 0.363312 0.019453
0.159895 0.338596 0.019453
0.174278 0.314310 0.019453
0.190208 0.290561 0.019453
0.207560 0.267473 0.019453
0.226208 0.245197 0.019453
0.246031 0.223906 0.019453
0.266907 0.203803 0.019453
0.288722 0.185116 0.019453
0.311362 0.168089 0.019453
0.334717 0.152974 0.019453
0.358681 0.140016 0.019453
0.383146 0.129433 0.019453
0.408006 0.121402 0.019453
0.433154 0.116040 0.019453
0.458479 0.113393 0.019453
0.483870 0.113431 0.019453
0.509214 0.116045 0.019453
0.534392 0.121059 0.019453
0.559287 0.128245 0.019453
0.583778 0.137338 0.019453
0.607744 0.148066 0.019453
0.631067 0.160165 0.019453
0.653628 0.173400 0.019453
0.675316 0.187581 0.019453
0.696024 0.202563 0.019453
0.715654 0.218256 0.019453
0.734119 0.234615 0.019453
0.751343 0.251630 0.019453
0.767266 0.269321 0.019453
0.781840 0.287719 0.019453
0.795033 0.306859 0.019453
0.806828 0.326771 0.019453
0.817221 0.347470 0.019453
0.826216 0.368955 0.019453
0.833830 0.391205 0.019453
0.840080 0.414179 0.019453
0.844987 0.437817 0.019453
0.850839 0.486767 0.019453
0.876860 0.507521 0.019453
0.876572 0.532733 0.019453
0.875089 0.558132 0.019453
0.872390 0.583608 0.019453
0.868446 0.609046 0.019453
0.863229 0.634322 0.019453
0.848845 0.683849 0.019453
0.839626 0.707800 0.019453
0.829035 0.730989 0.019453
0.817066 0.753234 0.019453
0.803730 0.774342 0.019453
0.789051 0.794117 0.019453
0.773067 0.812360 0.019453
0.755829 0.828882 0.019453
0.737402 0.843515 0.019453
0.717864 0.856121 0.019453
0.697301 0.866603 0.019453
0.675807 0.874918 0.019453
0.630436 0.885164 0.019453
0.606772 0.887304 0.019453
0.582601 0.887679 0.019453
0.558031 0.886508 0.019453
0.533169 0.884021 0.019453
0.508120 0.880448 0.019453
0.482987 0.875997 0.019453
0.457867 0.870834 0.019453
0.432855 0.865073 0.019453
0.408042 0.858772 0.019453
0.383515 0.851926 0.019453
0.335654 0.836340 0.019453
0.312483 0.827381 0.019453
0.289924 0.817469 0.019453
0.268059 0.806476 0.019453
0.246970 0.794290 0.019453
0.226742 0.780827 0.019453
0.207467 0.766036 0.019453
0.189237 0.749903 0.019453
0.172152 0.732450 0.019453
0.156315 0.713731 0.019453
0.141832 0.693826 0.019453
0.128810 0.672838 0.019453
0.117357 0.650885 0.019453
0.107573 0.628094 0.019453
0.099552 0.604595 0.019453
0.093378 0.580519 0.019453
0.089116 0.555992 0.019453
0.086818 0.531133 0.019453
0.086513 0.506054 0.019453
0.088208 0.480855 0.019453
0.091891 0.455627 0.019453
0.097525 0.430451 0.019453
0.105055 0.405400 0.019453
0.114408 0.380537 0.019453
0.125498 0.355925 0.019453
0.138226 0.331623 0.019453
0.152488 0.307697 0.019453
0.168173 0.284221 0.019453
0.185172 0.261283 0.019453
0.203374 0.238992 0.019453
0.222673 0.217482 0.019453
0.242965 0.196912 0.019453
0.264151 0.177471 0.019453
0.286136 0.159369 0.019453
0.308829 0.142836 0.019453
0.332139 0.128106 0.019453
0.355980 0.115411 0.019453
0.380264 0.104955 0.019453
0.404904 0.096908 0.019453
0.429812 0.091384 0.019453
0.454896 0.088435 0.019453
0.480063 0.088039 0.019453
0.505217 0.090103 0.019453
0.555086 0.100934 0.019453
0.579597 0.109244 0.019453
0.603685 0.119141 0.019453
0.627244 0.130367 0.019453
0.650170 0.142688 0.019453
0.672361 0.155904 0.019453
0.693716 0.169863 0.019453
0.714142 0.184460 0.019453
0.733552 0.199638 0.019453
0.751869 0.215382 0.019453
0.769025 0.231706 0.019453
0.784965 0.248648 0.019453
0.799645 0.266254 0.019453
0.813037 0.284573 0.019453
0.825124 0.303643 0.019453
0.835901 0.323489 0.019453
0.853565 0.365526 0.019453
0.860487 0.387677 0.019453
0.866166 0.410527 0.019453
0.870627 0.434015 0.019453
0.873888 0.458067 0.019453
0.875964 0.482600 0.019453
