551.10 498.62 19.45
546.92 522.81 19.45
534.24 541.93 19.45
514.58 553.55 19.45
490.40 556.37 19.45
464.85 550.33 19.45
441.43 536.33 19.45
423.45 515.99 19.45
413.57 491.59 19.45
413.26 466.06 19.45
422.57 442.86 19.45
440.10 425.47 19.45
463.27 416.71 19.45
488.76 418.04 19.45
513.10 429.19 19.45
533.12 448.34 19.45
546.31 472.62 19.45
576.16 503.48 19.45
573.17 528.31 19.45
563.77 549.93 19.45
548.50 566.74 19.45
528.35 577.58 19.45
504.66 581.86 19.45
479.10 579.55 19.45
453.54 571.04 19.45
429.94 556.99 19.45
410.17 538.21 19.45
395.86 515.70 19.45
388.21 490.77 19.45
387.89 465.03 19.45
394.95 440.39 19.45
408.75 418.91 19.45
428.13 402.55 19.45
451.47 392.92 19.45
476.92 390.95 19.45
502.51 396.77 19.45
526.39 409.74 19.45
546.87 428.59 19.45
562.59 451.71 19.45
572.56 477.30 19.45
601.22 508.17 19.45
598.95 533.37 19.45
591.58 556.35 19.45
579.37 575.98 19.45
562.75 591.31 19.45
542.37 601.68 19.45
519.08 606.78 19.45
493.89 606.62 19.45
467.96 601.48 19.45
442.50 591.75 19.45
418.76 577.87 19.45
397.94 560.28 19.45
381.13 539.48 19.45
369.25 516.11 19.45
362.97 490.99 19.45
362.66 465.13 19.45
368.33 439.75 19.45
379.66 416.18 19.45
396.02 395.81 19.45
416.49 379.92 19.45
439.99 369.58 19.45
465.32 365.47 19.45
491.22 367.81 19.45
516.49 376.33 19.45
539.96 390.38 19.45
560.63 409.03 19.45
577.66 431.24 19.45
590.38 455.93 19.45
598.32 481.96 19.45
626.28 512.47 19.45
624.59 537.23 19.45
618.94 560.50 19.45
609.43 581.51 19.45
596.25 599.53 19.45
579.72 613.98 19.45
560.22 624.44 19.45
538.28 630.70 19.45
514.50 632.78 19.45
489.59 630.85 19.45
464.27 625.19 19.45
439.34 616.11 19.45
415.58 603.87 19.45
393.77 588.71 19.45
374.66 570.86 19.45
358.91 550.59 19.45
347.11 528.25 19.45
339.71 504.29 19.45
337.00 479.33 19.45
339.10 454.06 19.45
345.92 429.31 19.45
357.20 405.95 19.45
372.50 384.92 19.45
391.26 367.11 19.45
412.80 353.35 19.45
436.38 344.28 19.45
461.20 340.31 19.45
486.48 341.57 19.45
511.44 347.89 19.45
535.32 358.87 19.45
557.44 373.92 19.45
577.21 392.38 19.45
594.10 413.59 19.45
607.72 436.87 19.45
617.75 461.56 19.45
623.98 487.00 19.45
651.33 516.16 19.45
649.95 541.20 19.45
645.20 565.14 19.45
637.13 587.39 19.45
625.84 607.34 19.45
611.50 624.46 19.45
594.33 638.30 19.45
574.65 648.57 19.45
552.83 655.14 19.45
529.31 658.04 19.45
504.61 657.44 19.45
479.24 653.59 19.45
453.79 646.76 19.45
428.83 637.18 19.45
404.95 625.06 19.45
382.72 610.52 19.45
362.71 593.66 19.45
345.42 574.63 19.45
331.35 553.59 19.45
320.89 530.82 19.45
314.35 506.66 19.45
313.74 456.08 19.45
319.69 430.78 19.45
329.61 406.33 19.45
343.22 383.44 19.45
360.11 362.82 19.45
379.82 345.17 19.45
401.81 331.14 19.45
425.53 321.25 19.45
450.38 315.87 19.45
475.78 315.15 19.45
501.15 319.00 19.45
549.52 339.21 19.45
571.51 354.65 19.45
591.43 372.95 19.45
608.90 393.61 19.45
623.64 416.15 19.45
635.40 440.13 19.45
644.00 465.11 19.45
649.34 490.62 19.45
676.39 519.08 19.45
675.24 544.34 19.45
671.18 568.80 19.45
664.22 591.99 19.45
654.42 613.40 19.45
641.86 632.56 19.45
626.68 649.04 19.45
609.06 662.49 19.45
589.25 672.69 19.45
567.53 679.54 19.45
544.25 683.08 19.45
519.78 683.48 19.45
494.53 680.96 19.45
468.94 675.80 19.45
443.44 668.23 19.45
418.47 658.43 19.45
394.49 646.52 19.45
371.94 632.56 19.45
351.25 616.59 19.45
332.84 598.66 19.45
317.10 578.84 19.45
304.36 557.28 19.45
294.94 534.20 19.45
289.07 509.89 19.45
286.88 484.70 19.45
288.45 459.05 19.45
293.73 433.39 19.45
302.61 408.22 19.45
314.85 384.08 19.45
330.19 361.54 19.45
348.26 341.17 19.45
368.69 323.54 19.45
391.04 309.19 19.45
414.88 298.57 19.45
439.75 291.99 19.45
465.20 289.62 19.45
490.78 291.45 19.45
516.05 297.30 19.45
540.56 306.84 19.45
563.94 319.68 19.45
585.79 335.37 19.45
605.81 353.48 19.45
623.69 373.62 19.45
639.21 395.45 19.45
652.18 418.65 19.45
662.47 442.93 19.45
669.97 467.99 19.45
674.63 493.49 19.45
701.45 521.08 19.45
700.53 546.05 19.45
697.14 570.50 19.45
691.29 594.05 19.45
682.99 616.31 19.45
672.29 636.88 19.45
659.26 655.37 19.45
643.99 671.44 19.45
626.64 684.81 19.45
607.36 695.30 19.45
586.40 702.81 19.45
563.98 707.38 19.45
540.40 709.13 19.45
515.94 708.25 19.45
490.93 705.00 19.45
465.69 699.60 19.45
440.56 692.25 19.45
415.85 683.11 19.45
391.92 672.24 19.45
369.08 659.68 19.45
347.67 645.40 19.45
328.01 629.41 19.45
310.40 611.70 19.45
295.14 592.33 19.45
282.49 571.39 19.45
272.70 549.05 19.45
265.95 525.52 19.45
262.08 475.96 19.45
265.05 450.55 19.45
271.22 425.19 19.45
280.50 400.26 19.45
292.68 376.15 19.45
307.55 353.29 19.45
324.84 332.15 19.45
344.25 313.16 19.45
365.47 296.78 19.45
388.17 283.42 19.45
412.01 273.44 19.45
436.65 267.07 19.45
461.75 264.45 19.45
486.98 265.55 19.45
511.99 270.24 19.45
536.47 278.26 19.45
560.10 289.27 19.45
582.60 302.91 19.45
603.68 318.83 19.45
623.11 336.67 19.45
640.69 356.17 19.45
656.25 377.08 19.45
669.63 399.20 19.45
680.76 422.34 19.45
689.54 446.32 19.45
695.94 470.93 19.45
699.92 495.94 19.45
726.51 522.07 19.45
725.72 547.22 19.45
722.74 572.04 19.45
717.56 596.21 19.45
710.19 619.40 19.45
700.63 641.25 19.45
688.92 661.43 19.45
675.12 679.58 19.45
659.31 695.42 19.45
641.63 708.70 19.45
622.21 719.26 19.45
601.24 727.03 19.45
578.92 732.04 19.45
555.49 734.40 19.45
531.18 734.30 19.45
506.26 731.98 19.45
480.99 727.68 19.45
455.63 721.60 19.45
430.45 713.93 19.45
405.73 704.75 19.45
381.74 694.11 19.45
358.73 681.99 19.45
336.97 668.34 19.45
316.73 653.11 19.45
298.25 636.29 19.45
281.80 617.87 19.45
267.61 597.92 19.45
255.89 576.53 19.45
246.83 553.87 19.45
240.60 530.13 19.45
236.99 480.32 19.45
239.69 454.76 19.45
245.35 429.15 19.45
253.88 403.78 19.45
265.13 378.96 19.45
278.92 355.03 19.45
313.24 311.30 19.45
333.29 292.27 19.45
354.90 275.66 19.45
377.81 261.82 19.45
401.74 251.09 19.45
426.42 243.70 19.45
476.92 239.39 19.45
502.19 242.40 19.45
527.12 248.61 19.45
551.44 257.75 19.45
574.91 269.48 19.45
597.27 283.47 19.45
618.32 299.40 19.45
637.86 316.98 19.45
655.72 336.00 19.45
671.76 356.27 19.45
685.86 377.66 19.45
697.93 400.03 19.45
707.93 423.28 19.45
715.81 447.27 19.45
721.54 471.86 19.45
725.11 496.87 19.45
751.57 521.99 19.45
750.90 547.30 19.45
748.26 572.42 19.45
743.64 597.10 19.45
737.03 621.05 19.45
728.43 643.96 19.45
717.84 665.53 19.45
705.31 685.44 19.45
690.88 703.39 19.45
674.63 719.11 19.45
656.66 732.40 19.45
637.11 743.11 19.45
616.13 751.16 19.45
593.88 756.59 19.45
570.58 759.51 19.45
546.42 760.08 19.45
521.61 758.54 19.45
496.37 755.12 19.45
445.52 743.56 19.45
420.35 735.72 19.45
395.64 726.61 19.45
371.60 716.24 19.45
348.46 704.55 19.45
326.44 691.48 19.45
305.74 676.95 19.45
286.59 660.92 19.45
269.19 643.36 19.45
253.75 624.29 19.45
240.48 603.80 19.45
229.54 581.99 19.45
221.10 559.02 19.45
215.29 535.07 19.45
212.21 510.33 19.45
211.90 485.03 19.45
214.38 459.38 19.45
227.51 407.96 19.45
237.97 382.68 19.45
250.84 358.02 19.45
265.93 334.28 19.45
283.06 311.75 19.45
302.01 290.77 19.45
322.55 271.67 19.45
344.48 254.80 19.45
367.56 240.50 19.45
391.56 229.06 19.45
416.26 220.74 19.45
441.43 215.67 19.45
466.85 213.91 19.45
492.29 215.41 19.45
517.52 220.01 19.45
542.32 227.47 19.45
566.49 237.50 19.45
612.06 263.99 19.45
633.09 279.85 19.45
652.73 297.14 19.45
670.82 315.67 19.45
687.24 335.30 19.45
701.91 355.95 19.45
714.75 377.54 19.45
725.71 400.00 19.45
734.75 423.25 19.45
741.87 447.21 19.45
747.05 471.76 19.45
750.28 496.74 19.45
776.63 520.86 19.45
776.05 546.29 19.45
773.70 571.66 19.45
769.55 596.75 19.45
763.59 621.32 19.45
755.81 645.10 19.45
746.20 667.82 19.45
734.77 689.20 19.45
721.55 708.95 19.45
706.58 726.81 19.45
689.94 742.53 19.45
671.72 755.91 19.45
652.04 766.82 19.45
631.02 775.19 19.45
608.83 781.04 19.45
585.62 784.47 19.45
561.59 785.65 19.45
536.89 784.78 19.45
511.74 782.12 19.45
486.30 777.89 19.45
460.78 772.31 19.45
435.35 765.54 19.45
410.21 757.66 19.45
385.52 748.70 19.45
361.48 738.62 19.45
338.25 727.36 19.45
316.02 714.83 19.45
294.97 700.92 19.45
275.28 685.59 19.45
257.12 668.78 19.45
240.68 650.50 19.45
226.14 630.80 19.45
213.65 609.78 19.45
203.39 587.55 19.45
195.48 564.27 19.45
190.03 540.10 19.45
187.13 515.24 19.45
186.82 489.86 19.45
189.11 464.15 19.45
193.98 438.30 19.45
201.35 412.50 19.45
211.13 386.94 19.45
223.20 361.83 19.45
237.40 337.38 19.45
253.56 313.83 19.45
271.50 291.44 19.45
291.05 270.50 19.45
312.00 251.31 19.45
334.18 234.18 19.45
357.39 219.43 19.45
381.43 207.34 19.45
406.13 198.15 19.45
431.30 192.01 19.45
456.74 189.02 19.45
482.28 189.14 19.45
507.71 192.28 19.45
532.86 198.22 19.45
557.54 206.70 19.45
581.56 217.43 19.45
604.75 230.10 19.45
626.93 244.43 19.45
647.95 260.17 19.45
667.67 277.12 19.45
685.97 295.14 19.45
702.73 314.15 19.45
717.87 334.06 19.45
731.34 354.86 19.45
753.07 398.97 19.45
761.31 422.19 19.45
767.78 446.10 19.45
772.48 470.60 19.45
775.44 495.57 19.45
801.68 518.72 19.45
801.21 543.93 19.45
799.15 569.18 19.45
795.51 594.30 19.45
790.25 619.07 19.45
783.35 643.29 19.45
774.81 666.72 19.45
764.61 689.14 19.45
752.76 710.28 19.45
739.29 729.89 19.45
724.23 747.75 19.45
707.65 763.62 19.45
689.63 777.32 19.45
670.26 788.72 19.45
649.65 797.74 19.45
627.95 804.38 19.45
605.28 808.70 19.45
581.79 810.85 19.45
557.64 811.00 19.45
532.98 809.39 19.45
507.96 806.26 19.45
482.75 801.81 19.45
457.50 796.25 19.45
432.36 789.69 19.45
407.48 782.23 19.45
382.99 773.86 19.45
359.06 764.54 19.45
313.39 742.72 19.45
291.94 730.01 19.45
271.62 715.97 19.45
252.56 700.56 19.45
234.92 683.74 19.45
218.84 665.53 19.45
204.48 645.99 19.45
191.99 625.21 19.45
181.48 603.30 19.45
173.10 580.41 19.45
166.94 556.68 19.45
163.09 532.27 19.45
161.59 507.34 19.45
162.48 482.05 19.45
165.74 456.54 19.45
171.34 430.98 19.45
179.21 405.50 19.45
189.26 380.26 19.45
201.37 355.40 19.45
215.41 331.09 19.45
231.23 307.50 19.45
248.69 284.85 19.45
267.63 263.36 19.45
287.88 243.28 19.45
309.30 224.87 19.45
331.72 208.42 19.45
355.00 194.21 19.45
378.97 182.49 19.45
403.50 173.46 19.45
428.43 167.29 19.45
453.61 164.03 19.45
478.88 163.69 19.45
504.10 166.16 19.45
529.10 171.27 19.45
553.74 178.79 19.45
577.86 188.44 19.45
601.30 199.94 19.45
623.93 213.01 19.45
645.59 227.41 19.45
666.17 242.95 19.45
685.54 259.47 19.45
703.59 276.88 19.45
720.24 295.13 19.45
735.42 314.19 19.45
749.08 334.04 19.45
761.18 354.69 19.45
771.70 376.13 19.45
780.63 398.33 19.45
787.98 421.27 19.45
793.75 444.87 19.45
797.95 469.05 19.45
800.60 493.71 19.45
826.74 515.68 19.45
826.33 541.00 19.45
824.48 566.43 19.45
821.17 591.81 19.45
816.38 616.98 19.45
810.07 641.76 19.45
802.23 665.95 19.45
792.84 689.34 19.45
781.90 711.71 19.45
769.41 732.82 19.45
755.39 752.46 19.45
739.89 770.39 19.45
722.96 786.40 19.45
704.68 800.32 19.45
685.13 812.02 19.45
664.43 821.41 19.45
642.69 828.49 19.45
620.04 833.30 19.45
596.60 835.97 19.45
572.51 836.68 19.45
547.91 835.63 19.45
522.94 833.08 19.45
497.73 829.25 19.45
472.42 824.35 19.45
447.14 818.54 19.45
422.02 811.91 19.45
397.18 804.52 19.45
348.84 787.31 19.45
325.57 777.31 19.45
303.07 766.24 19.45
281.45 753.99 19.45
260.83 740.45 19.45
241.34 725.56 19.45
223.11 709.28 19.45
206.26 691.63 19.45
190.94 672.65 19.45
177.28 652.42 19.45
165.40 631.04 19.45
155.43 608.64 19.45
147.47 585.37 19.45
141.63 561.36 19.45
137.96 536.76 19.45
136.53 511.72 19.45
137.35 486.38 19.45
140.42 460.86 19.45
145.71 435.29 19.45
153.15 409.79 19.45
162.66 384.47 19.45
174.15 359.45 19.45
187.49 334.85 19.45
202.56 310.79 19.45
219.22 287.44 19.45
237.33 264.97 19.45
256.75 243.56 19.45
299.00 204.90 19.45
321.55 188.15 19.45
344.88 173.47 19.45
368.87 161.11 19.45
393.37 151.28 19.45
418.28 144.15 19.45
443.46 139.81 19.45
468.77 138.28 19.45
494.10 139.50 19.45
519.31 143.33 19.45
544.26 149.56 19.45
568.82 157.95 19.45
616.23 180.06 19.45
638.81 193.25 19.45
660.48 207.58 19.45
681.11 222.86 19.45
700.60 238.98 19.45
718.86 255.87 19.45
735.81 273.50 19.45
751.38 291.87 19.45
765.51 310.99 19.45
778.19 330.87 19.45
789.39 351.54 19.45
799.10 372.98 19.45
807.33 395.20 19.45
814.09 418.13 19.45
823.28 465.93 19.45
825.72 490.62 19.45
851.80 511.89 19.45
851.45 537.29 19.45
849.78 562.85 19.45
846.76 588.44 19.45
842.37 613.92 19.45
836.58 639.13 19.45
829.36 663.90 19.45
820.69 688.07 19.45
798.94 733.79 19.45
785.87 754.93 19.45
771.35 774.63 19.45
755.43 792.69 19.45
738.17 808.90 19.45
719.64 823.08 19.45
699.92 835.11 19.45
679.11 844.91 19.45
657.31 852.44 19.45
634.65 857.75 19.45
611.23 860.94 19.45
587.19 862.18 19.45
562.64 861.68 19.45
537.70 859.66 19.45
512.51 856.37 19.45
487.18 852.03 19.45
461.83 846.83 19.45
436.56 840.88 19.45
411.49 834.28 19.45
386.73 827.01 19.45
362.36 819.05 19.45
338.51 810.30 19.45
315.26 800.64 19.45
292.71 789.94 19.45
270.96 778.08 19.45
250.12 764.96 19.45
230.29 750.51 19.45
211.59 734.69 19.45
194.12 717.49 19.45
178.01 698.97 19.45
163.37 679.20 19.45
150.33 658.26 19.45
139.00 636.28 19.45
129.50 613.40 19.45
121.92 589.75 19.45
116.35 565.46 19.45
112.85 540.68 19.45
111.47 515.54 19.45
112.24 490.16 19.45
115.14 464.65 19.45
120.14 439.12 19.45
127.21 413.66 19.45
136.25 388.36 19.45
147.18 363.31 19.45
159.89 338.60 19.45
174.28 314.31 19.45
190.21 290.56 19.45
207.56 267.47 19.45
226.21 245.20 19.45
246.03 223.91 19.45
266.91 203.80 19.45
288.72 185.12 19.45
311.36 168.09 19.45
334.72 152.97 19.45
358.68 140.02 19.45
383.15 129.43 19.45
408.01 121.40 19.45
433.15 116.04 19.45
458.48 113.39 19.45
483.87 113.43 19.45
509.21 116.05 19.45
534.39 121.06 19.45
559.29 128.24 19.45
583.78 137.34 19.45
607.74 148.07 19.45
631.07 160.17 19.45
653.63 173.40 19.45
675.32 187.58 19.45
696.02 202.56 19.45
715.65 218.26 19.45
734.12 234.61 19.45
751.34 251.63 19.45
767.27 269.32 19.45
781.84 287.72 19.45
795.03 306.86 19.45
806.83 326.77 19.45
817.22 347.47 19.45
826.22 368.96 19.45
833.83 391.21 19.45
840.08 414.18 19.45
844.99 437.82 19.45
850.84 486.77 19.45
876.86 507.52 19.45
876.57 532.73 19.45
875.09 558.13 19.45
872.39 583.61 19.45
868.45 609.05 19.45
863.23 634.32 19.45
848.84 683.85 19.45
839.63 707.80 19.45
829.03 730.99 19.45
817.07 753.23 19.45
803.73 774.34 19.45
789.05 794.12 19.45
773.07 812.36 19.45
755.83 828.88 19.45
737.40 843.52 19.45
717.86 856.12 19.45
697.30 866.60 19.45
675.81 874.92 19.45
630.44 885.16 19.45
606.77 887.30 19.45
582.60 887.68 19.45
558.03 886.51 19.45
533.17 884.02 19.45
508.12 880.45 19.45
482.99 876.00 19.45
457.87 870.83 19.45
432.85 865.07 19.45
408.04 858.77 19.45
383.51 851.93 19.45
335.65 836.34 19.45
312.48 827.38 19.45
289.92 817.47 19.45
268.06 806.48 19.45
246.97 794.29 19.45
226.74 780.83 19.45
207.47 766.04 19.45
189.24 749.90 19.45
172.15 732.45 19.45
156.31 713.73 19.45
141.83 693.83 19.45
128.81 672.84 19.45
117.36 650.88 19.45
107.57 628.09 19.45
99.55 604.59 19.45
93.38 580.52 19.45
89.12 555.99 19.45
86.82 531.13 19.45
86.51 506.05 19.45
88.21 480.86 19.45
91.89 455.63 19.45
97.52 430.45 19.45
105.05 405.40 19.45
114.41 380.54 19.45
125.50 355.92 19.45
138.23 331.62 19.45
152.49 307.70 19.45
168.17 284.22 19.45
185.17 261.28 19.45
203.37 238.99 19.45
222.67 217.48 19.45
242.97 196.91 19.45
264.15 177.47 19.45
286.14 159.37 19.45
308.83 142.84 19.45
332.14 128.11 19.45
355.98 115.41 19.45
380.26 104.96 19.45
404.90 96.91 19.45
429.81 91.38 19.45
454.90 88.43 19.45
480.06 88.04 19.45
505.22 90.10 19.45
555.09 100.93 19.45
579.60 109.24 19.45
603.68 119.14 19.45
627.24 130.37 19.45
650.17 142.69 19.45
672.36 155.90 19.45
693.72 169.86 19.45
714.14 184.46 19.45
733.55 199.64 19.45
751.87 215.38 19.45
769.03 231.71 19.45
784.96 248.65 19.45
799.65 266.25 19.45
813.04 284.57 19.45
825.12 303.64 19.45
835.90 323.49 19.45
853.56 365.53 19.45
860.49 387.68 19.45
866.17 410.53 19.45
870.63 434.02 19.45
873.89 458.07 19.45
875.96 482.60 19.45
