137.87 1086.52 15
157.74 1085.98 14
173.99 1088.59 14
192.44 1090.39 14
212.78 1088.42 15
230.32 1090.07 15
249.92 1088.70 15
267.74 1088.68 15
286.77 1090.47 16
310.52 1090.79 14
323.20 1087.70 14
341.85 1084.27 14
358.85 1086.91 15
377.16 1084.23 15
398.14 1081.70 14
415.54 1080.95 14
433.67 1077.37 14
452.78 1078.25 15
472.79 1074.88 15
487.77 1073.68 15
507.22 1071.75 14
526.31 1070.12 15
547.12 1069.91 15
564.51 1068.34 15
583.51 1067.71 15
600.16 1066.26 15
618.64 1066.16 15
638.92 1064.73 15
656.72 1067.29 15
676.26 1063.37 15
693.68 1066.50 14
712.66 1067.16 14
731.36 1065.60 14
750.13 1069.64 14
768.85 1069.51 14
784.84 1070.62 15
803.02 1070.94 14
824.86 1072.45 15
843.48 1074.08 14
859.77 1076.14 14
877.31 1078.79 15
898.00 1079.40 15
917.55 1079.96 15
936.77 1083.44 15
953.94 1084.88 14
971.62 1085.90 14
989.58 1087.21 15
1009.19 1087.26 14
147.88 1037.23 14
147.35 1045.72 14
187.47 1038.45 14
205.31 1040.91 15
223.25 1040.94 15
239.78 1040.71 15
260.84 1038.12 14
278.69 1039.53 15
296.35 1041.49 15
316.20 1038.88 14
333.84 1039.03 15
352.95 1036.14 14
370.61 1037.74 14
389.29 1034.75 14
405.62 1033.83 14
425.40 1034.22 15
443.54 1031.73 14
461.84 1028.27 15
502.00 1024.65 15
519.93 1024.00 15
537.49 1021.98 14
557.20 1020.26 14
573.87 1021.05 14
593.04 1018.40 14
609.68 1019.97 14
630.25 1017.12 14
648.00 1018.40 14
665.51 1016.81 15
685.18 1017.43 14
704.16 1015.99 14
724.73 1016.36 15
741.88 1018.42 14
759.37 1019.86 15
778.41 1019.96 14
797.13 1019.84 14
815.43 1021.18 14
833.11 1022.51 14
852.69 1023.76 15
870.12 1027.34 14
887.79 1030.03 15
908.47 1030.69 15
927.50 1030.06 14
943.34 1033.55 14
963.47 1035.18 15
982.50 1038.91 14
1002.13 1036.50 15
164.62 989.28 15
181.38 992.48 15
199.50 991.88 14
217.79 992.60 14
237.90 992.59 15
256.40 992.98 15
275.74 993.40 15
294.65 991.42 15
311.28 992.71 15
329.46 989.65 15
348.39 990.49 14
367.50 989.21 14
385.90 987.18 14
403.85 986.40 14
423.42 984.23 14
459.53 981.30 14
479.25 978.82 14
496.60 978.60 14
516.31 975.39 15
534.21 975.77 15
551.93 972.36 16
570.94 971.61 16
591.50 970.27 15
604.54 985.79 14
624.76 969.53 13
643.57 968.34 15
663.80 968.58 14
683.25 965.76 14
700.91 967.88 14
720.07 970.26 14
735.22 968.73 15
757.01 969.46 15
776.55 970.92 14
792.29 972.18 14
812.55 970.65 14
830.61 972.24 14
848.33 975.65 14
867.77 976.29 15
887.37 980.24 15
906.97 980.28 15
923.80 980.13 14
944.29 982.67 14
961.52 982.61 14
181.91 940.95 14
198.60 941.88 16
217.44 942.50 14
235.72 944.68 15
256.99 945.16 14
273.74 943.92 15
291.30 941.82 15
310.64 944.36 14
327.84 943.83 14
346.35 942.86 14
366.08 942.58 15
384.42 939.33 14
402.18 941.20 14
421.40 936.89 14
439.71 937.07 15
459.20 932.85 15
475.02 932.28 15
495.40 932.87 14
512.85 929.53 15
530.48 929.10 15
550.70 926.75 15
569.50 924.91 14
586.71 925.18 15
607.39 922.17 15
624.17 919.59 15
643.38 919.78 15
661.32 920.52 14
680.43 919.93 14
716.84 918.59 15
737.13 919.07 14
754.93 919.77 14
771.74 919.26 15
790.11 921.01 14
810.58 922.09 14
828.41 924.86 15
847.06 926.27 14
865.99 926.82 14
884.86 928.18 14
903.97 930.45 15
920.68 930.91 15
939.30 932.28 15
957.84 934.13 15
977.66 936.21 13
997.38 937.18 14
1013.79 939.78 14
1030.13 941.43 14
1050.17 940.24 14
1069.03 942.76 14
192.67 892.27 15
211.28 893.87 14
230.33 894.36 15
248.81 893.51 14
268.67 894.12 14
285.18 895.59 15
303.32 896.58 15
323.96 892.82 15
339.88 895.11 14
360.18 895.16 14
378.72 892.91 14
396.85 892.54 15
417.43 889.86 15
433.61 889.23 14
455.17 885.93 15
471.52 883.77 15
488.18 885.70 16
508.64 881.76 15
525.91 880.81 14
544.94 878.18 14
564.61 876.55 14
583.08 876.26 14
600.54 874.42 15
620.52 874.27 15
639.15 873.29 14
658.00 872.32 14
675.63 871.63 13
694.75 872.59 14
710.62 869.76 14
730.48 870.79 14
748.23 872.22 14
767.71 872.89 14
786.13 870.90 14
804.84 872.88 14
825.21 875.91 16
841.74 876.02 14
860.91 877.14 14
878.88 878.17 15
897.79 879.60 16
916.10 881.96 14
935.19 883.14 14
954.44 885.10 15
973.52 886.91 15
990.75 887.61 14
1009.32 890.33 14
197.77 847.00 15
217.58 843.15 15
238.18 837.90 14
255.60 845.69 14
273.42 847.41 14
292.67 847.07 14
310.78 847.73 14
330.04 847.86 15
347.67 846.35 14
365.51 846.64 15
384.88 842.02 15
399.94 845.26 15
421.91 842.52 15
436.32 842.16 15
456.89 838.13 15
477.62 836.77 14
496.17 836.09 15
513.04 834.39 14
531.97 833.00 16
552.72 832.03 15
569.38 827.62 15
590.55 828.75 14
606.90 826.60 14
625.88 825.14 15
645.68 822.75 15
662.63 824.04 15
680.15 820.58 14
699.45 823.15 15
718.13 820.71 15
735.33 822.35 14
754.95 822.44 14
772.93 824.24 15
793.22 823.61 15
810.87 823.95 14
829.08 825.20 14
847.73 828.28 14
885.63 829.52 15
902.57 831.18 13
921.03 831.44 14
941.69 835.32 15
958.73 834.63 15
976.20 838.77 14
996.60 839.87 14
196.92 797.96 15
212.78 795.19 15
233.36 797.20 14
252.74 799.83 15
270.78 799.52 14
289.29 797.76 14
305.96 798.65 14
326.17 798.13 14
344.10 797.94 15
362.30 796.19 15
382.37 795.84 15
401.28 793.07 15
420.39 793.62 15
438.55 792.59 15
455.45 790.47 15
474.24 787.36 15
493.59 788.37 14
511.39 786.12 15
529.76 783.34 14
549.10 782.07 15
566.53 779.40 14
584.43 778.38 15
603.39 777.53 14
623.30 778.12 15
640.87 775.14 15
620.10 766.37 15
678.65 773.75 15
696.25 774.17 14
715.86 773.58 14
734.15 774.63 14
750.87 773.46 14
772.00 772.86 15
788.52 773.74 15
806.08 775.49 14
825.12 775.89 14
843.90 778.79 15
863.39 779.38 14
882.03 783.71 14
899.86 781.10 15
919.71 784.87 15
937.73 785.12 15
956.32 787.51 13
975.08 789.78 15
993.42 788.83 15
182.92 747.03 15
203.77 749.97 15
219.91 748.24 13
240.75 749.63 14
278.67 749.78 14
297.33 749.24 15
314.30 747.22 15
333.00 749.78 15
352.31 748.23 14
369.53 746.40 15
388.97 746.48 15
408.30 744.40 15
425.28 743.17 15
445.55 742.72 15
463.36 739.16 14
480.96 740.06 14
500.72 735.70 14
519.21 734.79 15
537.93 735.94 15
555.34 733.51 14
573.46 731.02 14
591.97 728.53 15
611.76 727.74 14
628.99 727.40 14
648.91 726.45 15
665.66 725.74 15
685.31 725.35 15
704.11 724.96 15
724.71 723.72 15
739.54 724.91 15
761.48 726.98 15
777.93 725.16 16
797.11 727.40 14
815.17 727.88 13
834.33 730.06 15
852.09 730.89 14
872.82 734.45 15
889.11 734.90 15
908.68 734.88 14
926.07 738.33 14
944.77 738.65 14
167.78 697.73 14
188.16 699.74 15
207.43 699.75 15
224.90 701.75 15
242.73 700.46 14
260.48 700.80 13
279.79 700.66 15
297.01 700.51 14
316.80 701.72 15
336.34 700.47 15
356.38 700.59 15
376.72 700.00 15
390.51 695.51 15
411.53 695.09 15
428.39 692.42 14
446.67 691.23 14
465.85 689.67 15
483.85 687.55 15
502.45 685.92 14
520.77 685.25 15
537.94 682.67 14
557.06 683.30 14
577.20 679.95 15
596.07 682.47 13
613.20 678.32 14
632.50 677.96 14
651.32 676.01 13
670.32 678.55 14
687.81 677.83 15
707.96 676.99 14
726.28 675.58 15
744.29 677.67 15
762.84 676.97 15
782.55 680.60 14
800.81 681.06 15
818.50 681.51 15
836.11 680.37 14
855.08 683.32 14
872.63 686.43 14
893.10 688.78 14
909.56 690.19 14
151.27 648.10 15
172.66 651.24 15
190.82 652.69 14
209.23 650.60 15
226.50 652.67 14
244.21 653.13 15
263.51 652.49 14
262.33 653.37 14
300.89 651.65 15
302.26 665.60 14
337.59 650.23 14
356.70 648.68 14
373.95 647.62 14
394.05 646.51 15
412.28 645.53 14
429.81 643.22 15
448.84 641.41 15
467.59 640.25 15
485.42 636.53 14
517.08 647.76 14
523.26 635.26 15
541.67 633.84 14
558.54 633.60 15
577.43 629.25 15
596.62 628.19 14
615.43 629.66 15
636.08 628.67 15
653.00 628.49 16
672.82 627.62 15
690.47 628.83 15
709.08 629.40 15
727.33 629.37 14
745.73 629.32 15
765.42 628.42 14
780.75 632.22 15
799.82 633.90 14
819.63 634.80 14
838.25 634.88 13
857.91 638.04 14
876.31 639.88 14
894.21 642.20 14
913.45 641.47 15
932.19 643.82 15
950.13 646.31 14
969.26 647.17 15
986.71 647.28 14
139.89 601.68 14
159.74 602.94 15
177.59 603.22 15
196.04 603.97 14
216.03 603.89 15
230.94 605.76 14
250.00 603.34 15
268.71 603.34 16
288.31 603.48 15
307.12 603.70 15
323.94 600.36 15
343.02 599.41 15
361.58 597.43 14
383.85 597.89 14
401.48 595.26 14
417.94 594.57 15
436.74 593.97 14
454.20 591.03 15
472.08 590.35 15
492.41 587.98 15
510.24 587.48 14
529.66 585.74 15
546.46 583.29 14
565.90 582.55 15
585.60 582.65 14
604.25 581.20 14
622.50 578.83 13
639.73 580.42 14
660.12 578.39 15
677.39 581.09 15
697.31 580.90 14
715.07 580.63 14
732.34 581.14 13
751.75 581.72 14
771.18 583.81 16
789.74 583.94 15
807.62 585.90 14
828.00 588.22 15
845.66 588.31 14
862.96 589.78 14
882.41 590.95 15
902.16 592.87 14
920.64 593.68 15
936.35 597.66 15
955.40 600.32 15
976.29 601.39 14
991.67 599.28 15
1029.94 604.38 14
136.18 552.32 14
154.20 553.87 15
172.19 552.51 14
190.66 555.47 15
209.20 554.51 14
227.52 555.98 15
249.32 554.08 15
265.83 555.98 15
285.02 556.00 15
302.11 553.43 14
320.95 552.16 14
338.96 550.04 14
355.47 550.83 15
375.42 549.05 14
393.41 546.52 15
411.58 547.05 14
431.10 544.37 15
452.13 541.93 13
469.39 540.83 14
489.21 540.67 14
506.92 538.74 14
525.85 536.50 15
542.68 536.04 14
562.65 532.93 14
581.39 533.11 14
598.60 532.45 15
617.67 529.47 14
636.86 531.66 15
654.23 530.20 15
672.19 531.58 15
690.65 531.87 15
710.51 528.78 15
729.32 533.83 16
746.70 530.24 14
766.05 533.87 14
785.13 536.81 14
803.71 536.87 14
823.15 537.32 14
841.43 539.26 14
857.70 542.85 14
142.16 502.32 15
157.87 506.36 15
178.19 506.03 14
195.98 505.40 15
213.90 506.44 15
231.12 506.18 14
250.97 508.04 14
268.08 507.69 15
289.68 504.57 15
308.44 505.20 14
324.79 503.90 14
344.06 504.96 15
362.04 501.08 14
380.12 502.68 15
400.35 499.36 14
418.31 496.61 15
438.64 495.30 15
454.86 493.74 14
475.01 491.42 15
492.35 491.28 13
511.81 488.35 14
529.30 485.97 14
547.91 486.43 14
566.65 483.71 15
584.20 483.79 16
604.31 482.81 14
622.83 482.21 14
640.82 484.74 15
660.75 482.54 15
679.02 482.77 14
696.13 480.93 15
715.25 482.56 15
732.62 484.15 14
752.00 483.86 14
769.57 486.83 14
790.71 486.10 14
807.84 488.32 15
825.83 489.47 15
845.59 491.95 14
860.89 492.47 15
879.60 494.57 14
900.98 496.53 15
918.82 497.61 14
937.33 500.43 14
954.29 501.55 15
974.23 502.68 15
994.93 503.67 15
1011.97 505.85 14
1030.07 505.66 15
151.75 455.34 14
170.19 456.77 15
186.60 459.08 14
208.40 456.73 15
226.84 459.30 14
243.82 456.82 14
262.56 458.86 15
280.17 460.00 15
299.28 458.36 14
318.93 457.30 15
335.55 455.74 14
356.61 455.09 15
375.39 453.51 15
393.07 451.66 14
409.14 450.82 15
429.09 449.60 14
450.16 446.76 14
464.53 445.37 15
485.83 442.98 14
503.08 443.12 13
523.51 441.61 15
540.54 439.93 16
560.01 439.21 14
578.95 437.11 14
598.71 436.33 14
615.22 435.50 14
634.46 434.45 14
651.30 433.63 14
671.66 436.25 15
689.02 433.50 15
707.86 433.58 14
726.58 435.18 15
743.49 435.63 16
764.50 434.89 15
782.97 438.61 14
801.21 438.58 14
818.13 438.76 15
837.49 442.70 14
857.06 443.87 15
873.55 443.35 14
891.82 448.32 15
908.58 467.21 14
930.94 449.82 15
949.11 452.99 14
969.60 453.18 15
986.75 454.24 15
1005.65 454.83 14
1025.92 457.24 15
1041.49 457.86 15
167.63 407.10 14
187.65 407.40 14
205.91 409.11 14
223.56 409.49 14
242.03 408.60 14
263.99 408.64 14
279.78 410.63 14
298.38 407.29 14
317.61 409.48 15
335.33 408.10 14
353.15 408.90 13
373.12 406.00 15
389.32 406.07 15
409.91 403.46 14
429.78 402.32 14
446.71 401.50 15
464.81 398.67 15
482.62 398.59 16
502.05 394.76 15
520.27 394.45 15
538.47 393.52 14
558.43 391.69 15
573.75 391.86 15
595.99 387.65 15
613.44 386.12 14
632.60 385.63 14
649.04 386.71 14
670.14 386.10 15
688.77 385.50 15
707.37 384.31 14
722.76 386.44 14
744.39 384.94 15
761.62 388.08 14
777.41 390.72 15
798.55 389.22 13
817.39 390.73 14
836.50 391.06 14
855.08 391.32 13
873.34 394.04 14
893.22 395.31 14
911.68 396.58 14
924.79 401.19 15
946.58 401.52 14
1336.62 1451.15 16
1353.72 1453.65 16
1366.71 1454.35 17
1384.28 1461.10 15
1400.49 1462.83 15
1415.19 1468.54 14
1430.45 1470.78 16
1445.89 1475.25 17
1462.25 1478.77 15
1478.40 1485.87 16
1493.40 1489.79 16
1508.90 1496.02 15
1523.73 1499.82 16
1537.45 1504.63 16
1555.51 1512.35 15
1568.60 1518.61 15
1585.91 1525.24 16
1601.30 1530.60 16
1614.38 1533.63 16
1630.30 1543.85 16
1648.36 1548.87 16
1661.21 1556.24 16
1675.20 1562.05 15
1692.40 1567.78 15
1705.90 1575.53 15
1719.90 1583.26 15
1737.47 1587.29 16
1751.01 1593.78 16
1767.41 1601.57 15
1781.32 1604.70 16
1798.00 1608.41 15
1812.55 1613.99 15
1842.96 1624.09 15
1857.41 1627.60 15
1874.31 1627.12 16
1888.38 1632.65 16
1903.95 1636.99 16
1917.49 1638.63 17
1925.06 1638.94 15
1948.71 1645.23 15
1963.81 1659.36 16
1980.77 1651.44 16
1325.32 1409.49 16
1340.95 1413.49 15
1357.82 1417.01 16
1366.98 1416.73 16
1391.49 1425.00 16
1407.28 1427.03 15
1424.64 1430.09 16
1438.40 1433.20 17
1453.41 1438.31 15
1471.16 1444.80 15
1487.88 1447.73 15
1503.52 1454.33 15
1517.82 1458.58 15
1536.80 1467.58 16
1551.29 1471.01 16
1567.07 1475.78 16
1582.94 1483.75 16
1596.64 1489.36 16
1613.80 1495.10 14
1629.95 1500.88 16
1645.74 1509.65 15
1660.71 1515.47 15
1675.79 1519.95 16
1694.60 1545.24 15
1705.96 1533.62 16
1720.22 1538.36 16
1737.89 1546.79 15
1753.09 1554.67 16
1765.99 1559.31 16
1782.15 1564.72 16
1797.62 1569.16 16
1813.41 1574.61 15
1825.71 1577.82 17
1840.51 1580.74 15
1857.88 1585.68 16
1870.32 1589.25 15
1888.18 1595.93 15
1903.72 1599.08 15
1919.46 1600.01 15
1932.61 1604.01 16
1948.55 1606.67 15
1313.17 1371.70 16
1327.68 1373.79 16
1347.81 1379.51 15
1363.26 1380.88 16
1379.07 1384.24 15
1396.60 1387.90 15
1412.46 1390.10 15
1430.53 1395.57 16
1446.05 1400.55 16
1463.31 1405.63 16
1477.91 1406.90 15
1493.80 1411.26 15
1511.84 1418.73 15
1527.22 1424.97 14
1545.06 1430.47 16
1561.05 1436.70 16
1575.10 1439.69 16
1592.43 1447.28 17
1607.01 1451.39 15
1622.45 1459.91 15
1639.00 1464.38 16
1656.06 1475.52 16
1672.41 1482.44 14
1687.56 1487.20 16
1703.83 1491.91 16
1717.73 1499.72 14
1734.03 1507.94 15
1751.53 1513.03 15
1763.32 1518.26 15
1780.21 1522.42 15
1794.89 1526.99 16
1811.26 1533.33 17
1826.25 1535.81 16
1842.80 1545.45 14
1857.68 1547.32 16
1871.30 1551.76 15
1887.26 1554.21 15
1903.03 1556.61 16
1919.06 1563.71 16
1935.87 1564.25 15
1949.22 1568.60 14
1962.67 1571.33 14
1978.66 1574.00 15
1994.05 1575.93 15
2008.42 1579.39 15
2024.52 1581.59 15
1293.36 1333.31 16
1313.90 1336.49 16
1329.53 1338.53 16
1346.83 1341.01 16
1376.16 1359.79 15
1379.42 1346.53 15
1398.09 1350.12 15
1416.38 1355.73 15
1432.53 1359.38 14
1448.00 1364.68 15
1468.16 1369.65 16
1482.79 1373.13 16
1499.37 1378.63 16
1516.33 1383.98 16
1533.53 1391.58 16
1548.53 1394.64 15
1566.25 1400.05 15
1582.16 1406.91 16
1599.13 1410.31 16
1616.19 1419.84 15
1634.16 1428.28 16
1663.65 1439.28 15
1679.18 1445.95 15
1699.47 1454.66 16
1713.85 1460.73 16
1728.07 1465.20 16
1746.51 1471.33 15
1761.65 1474.68 15
1775.08 1483.30 16
1791.48 1488.42 16
1807.87 1493.40 16
1822.49 1497.10 15
1839.34 1503.99 15
1868.99 1511.06 16
1886.29 1515.43 15
1902.82 1519.98 16
1917.20 1521.42 15
1932.23 1526.51 15
1946.87 1528.05 16
1963.82 1531.42 16
1977.15 1535.71 14
1993.71 1536.83 14
1277.19 1294.90 15
1295.56 1297.11 16
1309.70 1297.47 17
1329.07 1304.12 15
1344.95 1305.85 15
1364.34 1309.57 15
1381.00 1313.57 16
1398.03 1317.73 16
1414.68 1319.99 16
1433.75 1324.96 15
1448.90 1328.52 15
1465.78 1332.30 16
1501.32 1343.26 15
1520.14 1350.36 14
1535.34 1354.65 15
1551.96 1358.65 15
1570.02 1367.29 14
1587.77 1372.42 16
1603.73 1376.52 16
1621.78 1386.90 17
1635.56 1390.16 15
1652.84 1399.89 16
1671.29 1406.48 16
1688.03 1411.53 16
1704.46 1418.66 15
1720.28 1426.81 15
1737.06 1431.69 16
1753.19 1436.77 16
1769.55 1445.48 15
1785.08 1447.81 16
1801.27 1453.67 15
1816.10 1456.75 14
1832.06 1460.68 15
1848.39 1466.90 16
1863.44 1471.37 16
1881.37 1476.30 16
1896.68 1477.92 16
1913.73 1484.23 15
1929.82 1486.05 15
1945.93 1491.01 16
1974.73 1495.41 15
1989.44 1497.46 16
2007.91 1503.87 16
2023.79 1505.98 16
2039.36 1508.06 16
1258.13 1256.68 15
1271.69 1257.49 16
1291.71 1260.07 15
1309.17 1262.62 15
1328.04 1266.81 16
1346.18 1271.03 15
1363.43 1275.02 16
1378.24 1276.55 16
1395.83 1281.63 17
1414.36 1284.25 16
1429.87 1287.42 15
1449.71 1291.90 16
1483.37 1301.35 16
1502.27 1310.52 16
1518.07 1313.91 16
1534.28 1318.71 14
1551.22 1326.23 14
1568.60 1329.50 15
1586.32 1337.06 17
1606.45 1346.70 15
1620.30 1349.82 16
1640.11 1360.05 15
1654.32 1363.86 15
1673.63 1371.85 15
1687.26 1377.21 17
1708.81 1383.88 16
1722.78 1388.55 16
1736.50 1393.96 16
1755.52 1399.83 15
1772.35 1406.58 16
1789.31 1412.26 16
1806.90 1419.75 16
1822.70 1423.27 15
1839.61 1430.05 15
1854.21 1429.19 15
1873.09 1435.06 15
1890.10 1440.11 15
1905.31 1445.66 16
1921.34 1447.34 15
1935.88 1448.81 16
1953.68 1453.71 16
1969.69 1455.74 15
1985.19 1458.39 15
2002.49 1465.25 15
2017.82 1465.39 15
1236.38 1216.00 15
1256.27 1219.01 17
1271.75 1221.42 15
1291.12 1223.95 17
1307.16 1227.34 16
1326.89 1231.56 16
1343.95 1235.92 16
1359.90 1238.51 16
1374.78 1239.19 17
1393.67 1245.66 15
1412.30 1249.49 15
1428.65 1252.41 15
1445.74 1257.67 14
1465.09 1263.42 15
1481.31 1267.63 17
1499.98 1273.79 15
1514.32 1276.94 17
1536.15 1287.35 17
1550.42 1287.89 17
1570.34 1297.78 17
1587.34 1303.75 17
1603.47 1309.99 16
1619.95 1314.79 16
1640.72 1324.58 16
1654.79 1328.60 16
1672.72 1334.27 16
1688.64 1340.31 16
1704.81 1347.58 15
1721.93 1352.11 15
1742.66 1362.90 16
1759.66 1367.88 15
1776.75 1374.33 15
1794.58 1379.91 15
1809.69 1382.30 15
1824.97 1386.13 16
1842.71 1389.14 15
1860.07 1396.05 16
1876.89 1402.57 16
1893.77 1403.66 15
1910.25 1407.93 16
1926.01 1410.86 15
1943.38 1415.29 16
1962.10 1419.86 16
1977.53 1419.44 16
1992.64 1422.48 15
2009.69 1428.43 15
2024.13 1430.21 15
1222.43 1177.11 16
1239.46 1182.15 16
1254.64 1181.41 15
1269.37 1186.27 15
1288.59 1188.53 15
1305.88 1192.28 15
1322.44 1192.02 16
1339.40 1197.61 16
1357.47 1202.29 15
1375.35 1205.28 16
1391.70 1210.40 16
1409.26 1214.47 15
1426.30 1216.57 15
1446.11 1223.77 16
1461.79 1226.33 16
1480.05 1232.87 14
1496.70 1238.69 16
1515.02 1243.11 16
1529.38 1249.68 16
1550.67 1255.74 15
1568.26 1261.97 15
1584.48 1269.18 15
1601.49 1273.93 16
1617.86 1280.01 16
1636.26 1288.90 16
1652.69 1294.11 15
1669.84 1298.92 16
1689.33 1308.44 15
1705.87 1313.18 15
1724.68 1318.72 17
1739.11 1322.79 15
1756.43 1331.93 15
1776.44 1336.58 15
1790.15 1340.34 16
1809.23 1347.95 16
1827.56 1353.21 16
1844.08 1355.88 15
1859.84 1361.66 16
1878.42 1367.24 16
1894.23 1370.02 16
1913.74 1373.94 16
1930.76 1376.29 14
1944.70 1378.15 15
1964.34 1382.14 15
1981.34 1385.65 15
1995.53 1386.18 16
2011.09 1389.46 15
2028.43 1391.58 17
2046.47 1396.64 15
1208.32 1138.49 15
1222.76 1140.20 16
1238.91 1144.62 15
1256.15 1145.53 16
1271.33 1148.56 15
1290.79 1153.59 15
1305.94 1156.50 15
1322.19 1157.70 16
1340.99 1162.56 16
1359.18 1165.24 16
1376.85 1169.86 15
1390.27 1173.38 15
1408.08 1178.23 15
1426.43 1182.83 16
1444.35 1187.77 16
1457.04 1190.14 14
1477.48 1197.81 14
1494.18 1203.34 15
1509.80 1208.69 16
1527.05 1213.16 15
1546.24 1221.63 16
1563.09 1225.46 15
1582.18 1233.37 16
1598.84 1239.77 16
1616.39 1245.39 16
1633.28 1252.72 16
1650.19 1259.58 14
1667.02 1263.79 15
1686.39 1272.31 16
1703.46 1277.01 16
1721.68 1287.11 14
1737.18 1290.63 15
1756.12 1296.73 16
1773.81 1302.37 16
1792.46 1308.33 16
1807.70 1313.05 16
1823.65 1314.69 15
1848.22 1338.23 16
1860.36 1326.73 15
1876.92 1329.11 16
1896.32 1333.19 16
1908.77 1332.54 15
1931.22 1338.80 16
1946.19 1343.45 16
1965.58 1347.60 16
1196.69 1099.96 16
1213.02 1102.01 17
1229.08 1107.19 16
1246.26 1109.12 15
1260.76 1110.13 16
1277.61 1116.05 16
1295.69 1115.66 16
1309.86 1117.87 16
1325.95 1122.33 14
1341.23 1125.04 16
1362.06 1130.05 17
1376.20 1134.66 16
1395.65 1138.53 16
1410.40 1142.41 15
1426.92 1147.02 16
1442.72 1148.99 16
1462.40 1155.87 16
1474.54 1160.96 16
1494.19 1166.96 16
1510.92 1173.35 16
1528.88 1181.47 16
1545.65 1185.98 15
1561.62 1190.56 16
1579.63 1197.85 17
1597.94 1207.43 15
1613.51 1213.26 16
1632.32 1219.33 15
1648.86 1223.39 15
1665.73 1231.56 15
1686.16 1239.12 16
1702.66 1244.60 17
1719.02 1249.64 15
1752.81 1260.61 17
1790.79 1274.09 16
1807.07 1278.11 16
1822.15 1280.85 15
1840.61 1286.09 16
1858.92 1290.42 17
1877.74 1296.51 15
1893.27 1298.25 16
1910.08 1301.49 16
1929.64 1304.26 15
1943.57 1306.23 16
1962.18 1311.46 17
1978.68 1313.36 16
1189.39 1058.85 16
1207.70 1063.90 16
1223.39 1067.21 15
1237.21 1066.52 15
1253.81 1070.69 17
1269.30 1075.03 16
1283.38 1074.98 16
1303.10 1079.05 15
1318.57 1083.74 16
1333.63 1087.70 15
1348.42 1090.99 16
1365.58 1096.05 15
1380.89 1098.14 15
1397.89 1102.02 15
1414.17 1105.55 14
1430.11 1111.05 15
1445.58 1116.92 16
1466.29 1123.53 16
1480.44 1127.68 15
1497.44 1133.86 16
1513.36 1140.25 15
1528.21 1144.43 16
1547.29 1152.92 15
1562.93 1156.66 15
1581.26 1164.40 15
1598.30 1170.52 17
1615.56 1178.57 15
1632.00 1183.03 16
1650.39 1190.76 16
1664.98 1194.71 15
1684.07 1204.16 15
1700.93 1210.85 15
1715.07 1215.46 16
1750.82 1227.05 15
1769.38 1232.59 16
1785.42 1237.10 15
1804.46 1242.40 15
1821.47 1245.43 15
1839.45 1250.22 16
1857.52 1254.62 16
1870.64 1257.00 16
1888.09 1259.35 15
1190.78 1020.17 15
1218.68 1028.12 15
1233.80 1029.95 16
1249.34 1035.96 15
1262.58 1034.29 15
1279.34 1038.91 15
1295.66 1042.92 15
1310.60 1045.65 15
1326.27 1048.48 16
1345.28 1053.00 15
1357.94 1054.81 16
1374.57 1060.66 16
1390.28 1064.22 15
1406.14 1066.11 16
1421.13 1071.73 15
1438.62 1074.85 16
1454.41 1083.35 15
1468.29 1086.52 15
1486.02 1093.87 15
1501.74 1097.89 16
1517.42 1101.69 16
1535.78 1113.38 14
1551.65 1117.04 16
1567.53 1122.10 14
1584.54 1131.09 15
1601.12 1138.64 15
1614.33 1141.46 15
1634.35 1149.44 16
1650.84 1156.19 16
1665.33 1160.30 15
1683.70 1167.56 15
1702.05 1176.77 15
1718.62 1180.49 15
1734.52 1185.05 15
1751.45 1190.82 16
1769.85 1197.96 15
1784.03 1198.91 15
1803.06 1206.42 15
1820.19 1213.34 17
1839.13 1217.17 15
1852.40 1218.65 15
1872.86 1223.74 15
1889.25 1227.06 16
1906.91 1228.87 16
1922.74 1232.81 15
1941.67 1237.11 16
1957.21 1236.38 16
1976.16 1241.50 16
1991.65 1243.79 15
1187.82 982.10 16
1200.35 984.63 15
1216.66 988.18 16
1230.89 991.04 16
1248.59 995.34 16
1263.31 997.35 15
1278.56 999.49 15
1294.86 1001.84 16
1308.21 1004.90 16
1324.51 1009.10 15
1339.22 1011.13 16
1354.51 1016.51 16
1371.38 1019.95 16
1387.54 1024.79 14
1400.32 1026.27 15
1417.10 1030.83 15
1432.37 1037.65 16
1447.85 1041.36 15
1463.36 1046.13 15
1478.57 1052.39 15
1490.80 1056.75 15
1511.74 1062.39 15
1525.67 1070.75 16
1541.72 1074.93 16
1558.15 1083.92 16
1572.86 1086.42 15
1590.39 1095.39 14
1606.08 1101.25 15
1621.05 1105.38 15
1638.92 1115.45 16
1654.21 1118.56 16
1672.13 1127.35 16
1686.33 1134.30 16
1702.91 1138.51 15
1720.97 1144.46 15
1736.57 1151.57 16
1752.48 1155.51 16
1769.44 1160.52 15
1787.42 1167.61 17
1803.12 1169.10 16
1820.11 1174.24 15
1836.61 1179.60 15
1854.67 1181.36 16
1873.69 1188.67 16
1185.31 941.94 16
1200.74 946.60 16
1218.60 950.29 16
1234.29 952.16 16
1245.39 953.91 16
1263.65 957.91 16
1279.62 961.84 16
1292.09 962.26 15
1309.84 965.35 17
1323.00 971.17 15
1338.63 971.94 16
1352.72 976.32 15
1369.63 979.65 15
1384.61 983.43 15
1400.82 989.59 16
1415.71 991.97 16
1429.39 995.71 15
1447.97 1001.62 15
1461.48 1005.78 16
1475.84 1010.61 15
1489.64 1015.74 15
1504.55 1023.91 16
1520.06 1028.68 16
1536.00 1033.72 16
1554.23 1042.73 16
1568.47 1045.58 15
1583.30 1055.14 15
1599.48 1061.80 15
1615.23 1069.48 15
1632.02 1075.11 16
1645.90 1080.04 14
1663.21 1087.95 15
1678.70 1091.95 15
1693.40 1097.78 16
1712.22 1105.12 15
1726.61 1111.80 15
1741.47 1114.43 15
1759.60 1120.12 15
1775.29 1126.24 16
1792.15 1131.63 16
1806.25 1133.89 15
1825.31 1140.22 15
1843.63 1145.36 15
1856.20 1148.01 16
1874.31 1150.89 15
1889.45 1153.43 16
1911.06 1159.56 16
1187.97 903.69 15
1202.30 907.94 16
1215.97 911.96 15
1231.36 913.81 16
1248.45 914.88 17
1261.41 917.23 15
1263.03 923.00 16
1293.11 925.46 16
1308.36 928.03 15
1323.72 933.09 15
1337.98 934.00 15
1354.49 936.67 15
1367.74 938.75 15
1384.35 945.43 15
1399.03 947.79 16
1414.48 950.33 14
1430.17 956.55 15
1443.60 959.39 16
1458.49 964.88 16
1472.63 970.18 15
1487.30 974.23 16
1504.44 981.05 16
1519.69 986.63 15
1533.91 992.33 15
1549.27 998.15 16
1563.27 1010.82 17
1581.66 1011.93 15
1594.81 1019.28 16
1611.00 1025.74 16
1627.39 1033.92 16
1641.82 1040.68 14
1656.94 1045.72 16
1672.97 1051.97 15
1690.03 1059.08 15
1705.67 1064.80 14
1719.23 1069.40 16
1736.24 1075.39 15
1751.32 1079.38 16
1766.30 1086.43 16
1782.79 1090.48 16
1797.90 1096.57 16
1816.47 1101.00 16
1832.55 1103.33 16
1846.87 1108.81 15
1861.79 1108.05 15
1881.00 1117.03 15
1896.48 1116.49 15
1917.14 1116.29 16
1928.07 1124.36 16
1944.79 1128.09 16
1182.97 863.49 15
1199.57 865.31 14
1214.22 870.30 15
1229.93 873.62 15
1245.69 874.65 15
1259.81 879.67 16
1274.53 881.13 16
1293.26 886.66 17
1306.68 888.09 16
1325.30 894.40 17
1340.19 894.63 16
1352.74 898.06 16
1370.93 901.27 15
1384.61 902.86 15
1398.18 907.77 15
1411.29 912.29 15
1429.84 917.21 15
1444.28 920.42 15
1459.82 923.83 16
1474.22 931.09 15
1488.41 935.72 15
1509.43 936.12 15
1520.45 946.77 15
1534.46 950.62 15
1549.53 959.33 15
1563.37 964.40 16
1580.21 973.28 16
1594.10 977.52 15
1624.77 991.26 15
1640.36 996.75 16
1658.23 1004.32 16
1670.77 1010.29 16
1685.83 1015.46 16
1702.28 1022.94 17
1715.17 1030.54 15
1733.74 1036.54 16
1748.71 1040.94 15
1763.76 1047.62 16
1774.70 1048.30 16
1793.96 1057.93 14
1808.14 1058.86 15
1826.49 1066.57 15
1274.42 605.26 15
1285.87 605.98 15
1302.40 610.37 15
1312.58 607.04 14
1325.29 609.82 15
1340.46 615.90 14
1355.09 612.44 14
1371.35 613.89 15
1382.30 611.00 14
1396.35 611.32 15
1407.92 615.73 14
1420.58 614.32 16
1438.10 618.23 16
1443.54 616.35 14
1458.35 623.72 15
1471.62 616.61 15
1487.03 619.02 14
1496.60 617.26 15
1513.02 621.75 14
1525.71 621.22 14
1539.34 619.30 15
1552.40 621.20 14
1566.95 625.18 15
1577.02 625.42 14
1591.21 621.13 14
1601.89 623.41 15
1614.57 628.50 15
1633.06 625.58 15
1641.08 626.67 15
1656.96 629.05 14
1669.89 625.19 15
1684.02 626.83 13
1691.69 628.24 16
1709.89 632.13 15
1721.18 632.50 16
1733.31 632.32 14
1747.06 631.44 14
1762.61 634.67 15
1775.13 632.84 15
1786.59 634.83 15
176.96 1497.85 17
200.57 1500.46 17
229.57 1504.87 17
256.44 1502.97 18
278.95 1502.16 18
305.29 1501.68 18
332.86 1500.08 17
354.17 1497.03 18
374.84 1501.82 18
402.18 1495.65 18
429.82 1500.15 17
451.27 1500.83 17
479.86 1499.88 18
501.36 1505.62 18
527.10 1504.81 18
550.49 1503.01 17
576.43 1498.85 18
601.38 1504.80 17
622.34 1502.17 18
649.75 1498.88 17
672.87 1500.91 18
699.46 1503.02 19
723.58 1499.59 17
752.40 1501.16 19
777.15 1501.52 18
800.98 1498.55 17
822.05 1500.28 17
849.32 1498.54 19
871.51 1502.70 18
898.95 1498.94 17
925.48 1501.45 17
951.10 1497.86 18
974.84 1498.44 17
1001.38 1498.31 18
1024.13 1500.20 18
1047.93 1501.21 17
1075.15 1501.62 18
1100.05 1497.09 17
1121.89 1500.48 17
1148.67 1499.20 18
1172.11 1501.93 17
1193.56 1500.30 16
179.28 1457.71 18
200.47 1456.31 17
228.73 1461.41 17
249.80 1455.27 17
276.18 1456.99 18
301.71 1458.11 18
330.04 1457.35 18
351.16 1456.17 18
374.88 1453.94 18
402.88 1456.35 18
426.49 1455.90 17
453.42 1461.33 17
474.47 1462.75 18
501.96 1457.77 18
531.76 1454.81 18
550.74 1459.38 17
576.49 1455.76 18
597.34 1456.69 18
623.96 1456.51 18
651.63 1456.83 17
674.82 1457.12 18
701.66 1455.15 17
726.14 1456.40 17
747.38 1459.98 17
777.07 1457.81 17
797.20 1458.14 17
823.08 1453.21 17
850.01 1459.85 17
877.61 1456.47 17
897.03 1460.37 18
924.42 1458.20 17
949.31 1456.68 18
975.17 1454.48 17
1001.29 1462.64 18
1022.69 1459.59 18
1050.53 1459.69 17
1076.06 1461.69 17
1101.99 1458.36 18
1123.97 1460.53 16
1148.17 1456.88 17
1171.70 1459.44 17
1194.48 1456.55 17
1221.80 1456.74 19
1247.52 1458.08 17
1271.91 1455.13 18
1298.33 1458.61 18
1551.83 135.08 14
1569.25 135.58 13
1583.99 138.41 16
1595.33 138.00 13
1610.34 138.53 15
1623.51 137.90 15
1641.30 142.66 15
1674.20 143.52 15
1688.16 148.54 14
1697.39 151.34 15
1713.40 149.49 14
1730.03 151.78 16
1742.51 153.68 17
1758.88 155.07 13
1774.20 164.29 12
1792.21 163.17 15
1803.93 164.46 16
1824.94 167.87 16
1835.14 171.88 15
1845.25 173.35 16
1867.11 183.32 16
1877.58 174.72 16
1892.07 182.24 15
1909.07 190.19 13
1920.21 191.40 14
1934.06 194.19 15
1952.36 200.00 14
1969.51 203.02 14
1981.83 205.39 16
1999.00 206.31 14
2012.97 208.32 15
2025.11 212.86 15
2042.77 215.44 14
2059.71 220.88 13
2070.82 219.00 13
2085.65 223.74 15
2100.38 226.73 14
2109.58 228.42 14
2129.36 231.97 13
2145.29 232.51 15
1549.75 110.14 14
1566.61 115.21 14
1580.46 113.24 14
1590.49 117.69 14
1612.90 116.04 15
1622.67 117.68 14
1636.64 118.86 13
1655.87 121.61 14
1670.18 121.81 16
1684.50 124.56 15
1700.82 129.67 15
1711.43 130.10 14
1727.65 132.54 14
1745.58 130.59 14
1755.91 132.88 13
1769.08 138.00 16
1787.32 142.36 15
1801.85 142.45 15
1818.53 145.27 15
1829.70 151.95 15
1842.22 153.00 14
1862.76 158.55 14
1873.75 157.84 14
1888.67 160.94 17
1900.44 166.95 16
1922.37 169.20 15
1936.19 171.39 16
1951.41 174.00 16
1966.78 178.34 13
1976.09 183.30 14
1993.47 181.91 14
2007.76 189.74 15
2021.94 189.71 14
2037.89 193.75 14
2054.55 196.77 14
2071.90 199.42 16
2081.97 200.96 13
2099.64 203.33 14
2115.31 205.51 13
2125.71 210.73 13
2141.78 210.26 15
