0.189267 0.272406 0.013274
0.199594 0.270542 0.013866
0.212354 0.270456 0.014048
0.225409 0.270102 0.013817
0.235968 0.271977 0.013802
0.249208 0.268918 0.013281
0.262809 0.270975 0.013940
0.273493 0.270433 0.013900
0.285016 0.271059 0.013503
0.298824 0.271955 0.014283
0.308678 0.270741 0.013490
0.321651 0.270979 0.013375
0.335345 0.269380 0.013342
0.345522 0.270718 0.013806
0.358801 0.270197 0.013885
0.370519 0.271576 0.013911
0.384423 0.271105 0.013714
0.393493 0.270908 0.013594
0.406503 0.271550 0.014012
0.418982 0.270471 0.013573
0.431878 0.270253 0.013494
0.444364 0.268643 0.014154
0.456185 0.271375 0.013844
0.469397 0.271466 0.013919
0.480772 0.271424 0.013958
0.490927 0.270892 0.013655
0.502797 0.272602 0.013665
0.516021 0.270737 0.013961
0.528020 0.273405 0.013644
0.540417 0.271263 0.013884
0.554177 0.270722 0.013777
0.564558 0.271194 0.013498
0.578529 0.271539 0.014044
0.590649 0.272025 0.013474
0.601553 0.273630 0.013858
0.613261 0.271813 0.013816
0.627309 0.272453 0.014119
0.633143 0.263830 0.013517
0.650766 0.272178 0.013662
0.662605 0.273753 0.013774
0.676013 0.271406 0.013845
0.687211 0.271107 0.014019
0.699055 0.270504 0.013878
0.712231 0.271524 0.013806
0.723015 0.269574 0.014059
0.735989 0.272523 0.014329
0.747770 0.271147 0.013457
0.759733 0.272559 0.013798
0.187721 0.255522 0.013991
0.201571 0.253898 0.013821
0.212398 0.257443 0.014162
0.226416 0.254395 0.013715
0.240470 0.254344 0.013543
0.249918 0.254792 0.014019
0.263168 0.255727 0.013099
0.275577 0.254149 0.013679
0.285285 0.256166 0.014397
0.299503 0.255450 0.013806
0.310610 0.255127 0.013890
0.322712 0.254257 0.013559
0.336104 0.255466 0.013794
0.346849 0.255091 0.013764
0.359174 0.253185 0.014269
0.372490 0.255730 0.013544
0.385243 0.254493 0.013102
0.396147 0.255105 0.013902
0.409000 0.254507 0.014191
0.418929 0.255107 0.013625
0.432464 0.255024 0.013339
0.445182 0.255117 0.013528
0.455997 0.255041 0.013909
0.469735 0.254836 0.013657
0.481397 0.256619 0.013810
0.493592 0.256021 0.013204
0.506690 0.256146 0.013668
0.529646 0.246713 0.013999
0.528588 0.255054 0.013733
0.541272 0.256084 0.013541
0.554756 0.255073 0.014065
0.566041 0.254760 0.014049
0.580435 0.257056 0.013682
0.591828 0.254815 0.013612
0.601711 0.258383 0.014122
0.613981 0.258214 0.013660
0.625936 0.253491 0.013758
0.639594 0.256772 0.014255
0.650847 0.254904 0.013847
0.662837 0.256406 0.013674
0.674449 0.256025 0.013300
0.689025 0.253182 0.013808
0.189410 0.240596 0.013642
0.200574 0.239508 0.014033
0.215045 0.241206 0.013473
0.227214 0.238549 0.013399
0.239705 0.241279 0.013600
0.252754 0.239312 0.013786
0.263714 0.238003 0.013413
0.275175 0.239930 0.013494
0.285947 0.241155 0.013578
0.299987 0.239602 0.013776
0.312397 0.239661 0.013605
0.324475 0.239562 0.014028
0.334566 0.237259 0.013221
0.349683 0.241636 0.013880
0.361194 0.241481 0.013627
0.372326 0.241107 0.013894
0.384669 0.240008 0.014275
0.395153 0.239661 0.013758
0.409694 0.239243 0.013825
0.421007 0.241280 0.013987
0.440183 0.247768 0.013440
0.447993 0.238401 0.013943
0.459651 0.239155 0.013982
0.470864 0.240036 0.013742
0.482312 0.239098 0.013941
0.493098 0.240439 0.013809
0.506447 0.241807 0.013584
0.519110 0.241790 0.013444
0.530766 0.240503 0.014024
0.543125 0.238808 0.014226
0.555377 0.240809 0.013578
0.566300 0.238516 0.013870
0.580452 0.239328 0.013470
0.592833 0.239136 0.013658
0.603467 0.239626 0.013652
0.615321 0.240217 0.013490
0.630357 0.241038 0.013759
0.641572 0.240258 0.014028
0.650204 0.238190 0.013920
0.664547 0.240606 0.013648
0.676266 0.230022 0.014138
0.687997 0.240878 0.013834
0.700484 0.239278 0.014234
0.713396 0.239854 0.013449
0.191452 0.222871 0.014542
0.202306 0.224293 0.013735
0.214905 0.221474 0.013481
0.225961 0.222923 0.013511
0.240007 0.224875 0.014016
0.252687 0.222941 0.014009
0.265340 0.224916 0.013986
0.277665 0.224353 0.013935
0.289085 0.221547 0.013496
0.300649 0.222600 0.013745
0.315179 0.225479 0.013197
0.324497 0.221770 0.013561
0.336094 0.222913 0.013951
0.362002 0.223887 0.014383
0.375293 0.225390 0.014103
0.385716 0.222621 0.013494
0.396559 0.223785 0.013967
0.411170 0.224482 0.013925
0.422162 0.223355 0.013749
0.433706 0.222738 0.013934
0.446014 0.223232 0.013718
0.459320 0.222456 0.013780
0.484892 0.224926 0.013908
0.495434 0.223239 0.013873
0.507731 0.224515 0.013878
0.521165 0.221655 0.014036
0.544185 0.225141 0.013495
0.556297 0.223689 0.013604
0.569018 0.224353 0.014165
0.583447 0.222295 0.014191
0.591761 0.222902 0.013938
0.604855 0.225174 0.013728
0.619433 0.223910 0.014005
0.628331 0.224654 0.013971
0.643141 0.224018 0.013408
0.653654 0.225244 0.013816
0.666912 0.223456 0.013445
0.678732 0.221636 0.013683
0.690545 0.223047 0.013807
0.701293 0.224674 0.014234
0.200824 0.218332 0.013265
0.205578 0.207169 0.013709
0.216506 0.208725 0.013972
0.228057 0.206834 0.013968
0.240367 0.206247 0.014014
0.254880 0.208425 0.013548
0.267370 0.206806 0.013767
0.277041 0.207798 0.013683
0.290055 0.205999 0.014131
0.303539 0.206018 0.013765
0.314645 0.206910 0.013804
0.326353 0.209973 0.013848
0.339207 0.208132 0.013469
0.349616 0.207363 0.013930
0.362255 0.207255 0.013520
0.381286 0.211124 0.013846
0.387449 0.207863 0.013616
0.399852 0.208513 0.014102
0.411516 0.209909 0.013809
0.422354 0.207416 0.014287
0.436130 0.210477 0.013235
0.449596 0.205732 0.014146
0.460746 0.208072 0.014017
0.473201 0.207077 0.013873
0.483468 0.208442 0.014357
0.496535 0.206509 0.013439
0.508437 0.207025 0.013853
0.518081 0.206307 0.014115
0.532621 0.206474 0.013953
0.545722 0.211246 0.013704
0.557996 0.209221 0.013963
0.570476 0.208860 0.013695
0.583668 0.208427 0.013713
0.594121 0.208558 0.013632
0.606650 0.207891 0.014066
0.618470 0.208331 0.013878
0.628705 0.207818 0.014435
0.641569 0.206969 0.014013
0.655272 0.207925 0.013425
0.666363 0.209693 0.014002
0.679024 0.208493 0.013524
0.689652 0.209889 0.013730
0.703649 0.209266 0.013835
0.715110 0.210570 0.013524
0.193982 0.191785 0.013672
0.206152 0.191744 0.013629
0.216446 0.191145 0.013835
0.231350 0.192895 0.013781
0.241151 0.191170 0.013773
0.254232 0.192348 0.014231
0.266405 0.189835 0.013937
0.280054 0.191183 0.013909
0.291094 0.193246 0.014077
0.304252 0.192284 0.014270
0.315525 0.193197 0.014153
0.327582 0.191213 0.013533
0.338892 0.191526 0.013933
0.351516 0.189974 0.013995
0.364091 0.191790 0.014043
0.376419 0.192689 0.013764
0.387713 0.191593 0.013818
0.401979 0.191953 0.013576
0.413077 0.190870 0.013706
0.423775 0.191003 0.013505
0.438611 0.191915 0.014121
0.447365 0.192732 0.013668
0.461768 0.191561 0.013564
0.472868 0.192705 0.013874
0.487224 0.193202 0.013826
0.498717 0.191493 0.013626
0.508831 0.190777 0.013895
0.523345 0.189679 0.013641
0.532140 0.192300 0.013928
0.547388 0.191288 0.013793
0.558564 0.192168 0.013854
0.569879 0.191387 0.013703
0.583975 0.191851 0.013630
0.595889 0.192534 0.013864
0.607484 0.191771 0.013402
0.619651 0.193270 0.014149
0.632059 0.191354 0.013684
0.643405 0.191500 0.014324
0.656529 0.191778 0.013969
0.666079 0.192683 0.013776
0.676792 0.191101 0.013647
0.692788 0.193490 0.013931
0.705088 0.190383 0.013916
0.716010 0.192115 0.013908
0.727686 0.192687 0.014012
0.404343 0.559243 0.010016
0.416063 0.553223 0.010658
0.426529 0.550506 0.011404
0.436973 0.544629 0.011007
0.447831 0.542867 0.010589
0.457923 0.539512 0.011056
0.468378 0.536892 0.011723
0.478094 0.535407 0.010660
0.489623 0.534763 0.011098
0.498190 0.534710 0.011181
0.510580 0.533894 0.010836
0.519714 0.533345 0.011048
0.530921 0.533032 0.011378
0.540195 0.532878 0.011845
0.551605 0.533657 0.011623
0.563022 0.534781 0.011629
0.571721 0.535423 0.011281
0.583732 0.535575 0.011237
0.593761 0.536498 0.011772
0.607181 0.535762 0.011354
0.615430 0.535235 0.010762
0.626747 0.535621 0.010525
0.635436 0.534090 0.011576
0.646354 0.532854 0.010388
0.657256 0.530448 0.010844
0.669333 0.526659 0.010515
0.681553 0.523704 0.011012
0.691086 0.520166 0.011033
0.702094 0.517146 0.010946
0.713222 0.510981 0.010936
0.723025 0.507228 0.010695
0.735593 0.502873 0.011648
0.745016 0.498082 0.011633
0.755732 0.494050 0.010671
0.767007 0.488048 0.011341
0.776811 0.484229 0.010990
0.790241 0.477632 0.010940
0.799054 0.475062 0.010343
0.809440 0.471124 0.010895
0.820103 0.469423 0.012022
0.832274 0.464581 0.010235
0.843397 0.461696 0.010452
0.853569 0.460080 0.011569
0.865171 0.458179 0.010833
0.875644 0.457528 0.011072
0.885266 0.457554 0.011542
0.898113 0.457859 0.010321
0.907874 0.458274 0.011700
0.920728 0.458544 0.011119
0.930926 0.459133 0.011096
0.409066 0.543992 0.010890
0.418806 0.540432 0.011222
0.427576 0.537494 0.010552
0.438708 0.532393 0.009600
0.450689 0.527749 0.011877
0.460333 0.526737 0.011372
0.472159 0.524994 0.010929
0.483167 0.522303 0.010859
0.492611 0.521780 0.012055
0.502204 0.521481 0.011201
0.513032 0.519389 0.010779
0.524293 0.520036 0.010977
0.533905 0.520947 0.010961
0.545609 0.521558 0.010935
0.557850 0.520820 0.011242
0.566452 0.523973 0.011830
0.575237 0.523477 0.012046
0.590748 0.522821 0.011709
0.598329 0.523667 0.011262
0.607870 0.523369 0.011134
0.619730 0.524151 0.010331
0.630985 0.522390 0.011150
0.640706 0.522706 0.011375
0.653353 0.519085 0.012024
0.664528 0.516692 0.010271
0.674249 0.514190 0.010114
0.685610 0.511102 0.010629
0.695304 0.507762 0.010702
0.707593 0.502885 0.011021
0.717757 0.497331 0.010477
0.729876 0.492672 0.011594
0.739706 0.489457 0.010920
0.750500 0.484458 0.010911
0.761955 0.479756 0.010490
0.772608 0.474326 0.011164
0.783073 0.470223 0.011199
0.793858 0.466994 0.011772
0.806592 0.460831 0.010647
0.816965 0.457061 0.011958
0.828700 0.454570 0.011576
0.836693 0.451207 0.010827
0.851452 0.448192 0.011079
0.861101 0.446653 0.010648
0.870873 0.446042 0.011841
0.881954 0.445304 0.010506
0.892761 0.445848 0.011411
0.903793 0.445962 0.011280
0.917268 0.445715 0.011239
0.411497 0.530566 0.011563
0.423437 0.526042 0.010842
0.432968 0.521663 0.011258
0.444097 0.518930 0.010735
0.455343 0.515526 0.011255
0.466075 0.512963 0.011129
0.477492 0.511667 0.011661
0.486521 0.509381 0.011429
0.499495 0.506913 0.011109
0.505962 0.508431 0.011043
0.517275 0.509135 0.010187
0.527546 0.509104 0.011275
0.538786 0.507918 0.010742
0.550404 0.508810 0.011190
0.561838 0.510258 0.011221
0.571856 0.509817 0.010623
0.581371 0.512173 0.011936
0.593202 0.511522 0.011277
0.604501 0.512270 0.011320
0.614280 0.512053 0.010233
0.624671 0.511476 0.010819
0.635443 0.508755 0.010973
0.647515 0.508415 0.010771
0.658844 0.505928 0.010514
0.670258 0.502693 0.011862
0.681667 0.499274 0.011256
0.691117 0.497784 0.010638
0.701746 0.492721 0.011088
0.714435 0.487707 0.010726
0.724447 0.483934 0.010986
0.735350 0.480443 0.011122
0.745753 0.474399 0.011120
0.757600 0.469549 0.011473
0.766942 0.465122 0.010797
0.778730 0.460828 0.011472
0.791117 0.454207 0.010977
0.803696 0.448109 0.010973
0.811760 0.448117 0.011735
0.822544 0.445435 0.011264
0.834300 0.440068 0.011475
0.844867 0.438227 0.011563
0.415358 0.515675 0.011126
0.427454 0.510670 0.010925
0.439171 0.506564 0.010955
0.448565 0.506059 0.010922
0.458885 0.500838 0.010723
0.469728 0.500135 0.011386
0.478640 0.500194 0.011692
0.489695 0.498040 0.012173
0.502164 0.496896 0.011087
0.511436 0.496213 0.010376
0.522808 0.496177 0.010851
0.533427 0.496283 0.010597
0.545420 0.495634 0.010491
0.556480 0.496601 0.011052
0.566629 0.497371 0.010912
0.588979 0.498527 0.011006
0.598629 0.499549 0.010586
0.608942 0.499856 0.011567
0.620775 0.499591 0.011010
0.632091 0.497505 0.012167
0.642142 0.497231 0.011380
0.654508 0.495243 0.011394
0.665314 0.492385 0.011826
0.676403 0.489201 0.010130
0.686323 0.487447 0.011233
0.699277 0.482525 0.010671
0.708167 0.480122 0.011323
0.718554 0.476561 0.011813
0.730243 0.471322 0.010397
0.742538 0.463642 0.011050
0.752445 0.460412 0.010663
0.763598 0.455068 0.011471
0.775464 0.448166 0.010869
0.785352 0.444728 0.011053
0.796948 0.441187 0.011421
0.807336 0.437516 0.011494
0.817422 0.433771 0.011163
0.830916 0.428703 0.011274
0.841550 0.426130 0.010466
0.418511 0.507690 0.006212
0.421691 0.506999 0.006663
0.427219 0.504300 0.006753
0.430618 0.504078 0.006084
0.435437 0.502393 0.006660
0.438390 0.500743 0.006046
0.442464 0.499409 0.006778
0.447268 0.498786 0.005951
0.450888 0.497617 0.006422
0.456549 0.496073 0.006447
0.459042 0.495298 0.006063
0.463082 0.494715 0.006304
0.467485 0.493836 0.006253
0.471532 0.492497 0.007103
0.476193 0.491882 0.006086
0.480403 0.491250 0.006595
0.485004 0.490064 0.006712
0.487678 0.490274 0.006756
0.491833 0.490636 0.006707
0.496313 0.488995 0.006067
0.499753 0.490022 0.007071
0.504428 0.489996 0.006731
0.508702 0.488723 0.006334
0.512565 0.488753 0.006686
0.516921 0.488851 0.006602
0.521830 0.488890 0.006264
0.525419 0.489041 0.006933
0.528834 0.489086 0.006721
0.533791 0.488852 0.006329
0.539045 0.489182 0.006403
0.542564 0.489131 0.006109
0.546408 0.489776 0.005821
0.550683 0.491025 0.006267
0.554025 0.490182 0.006391
0.558593 0.490914 0.005996
0.563337 0.490635 0.006755
0.566675 0.491480 0.005866
0.571880 0.491433 0.006329
0.575790 0.492357 0.006457
0.579410 0.491993 0.006503
0.584426 0.491808 0.006262
0.588479 0.492041 0.006169
0.422172 0.500242 0.012156
0.430203 0.498567 0.010554
0.440699 0.494381 0.010284
0.452370 0.491711 0.010516
0.465726 0.487184 0.010884
0.474479 0.485693 0.011121
0.485795 0.485436 0.011780
0.495698 0.484610 0.011789
0.508465 0.484309 0.010880
0.518476 0.482686 0.010344
0.527445 0.483177 0.011347
0.538817 0.484098 0.010334
0.552364 0.484293 0.010128
0.561719 0.484647 0.011054
0.572107 0.485748 0.010566
0.582718 0.485422 0.011167
0.595313 0.486532 0.010439
0.606562 0.486114 0.011020
0.617088 0.485953 0.011273
0.625538 0.486626 0.011396
0.639834 0.484719 0.010688
0.648996 0.484196 0.011362
0.660163 0.482357 0.011243
0.671476 0.479620 0.009996
0.683332 0.475869 0.010850
0.694599 0.472003 0.010784
0.703647 0.468748 0.010811
0.716347 0.463386 0.010989
0.725640 0.460499 0.011146
0.739236 0.453392 0.010741
0.747539 0.451297 0.011144
0.757690 0.445985 0.011073
0.771984 0.439884 0.011250
0.781509 0.434782 0.011337
0.792595 0.431737 0.010482
0.802713 0.426154 0.011357
0.811620 0.423773 0.011550
0.825008 0.419085 0.010978
0.835583 0.416502 0.010898
0.844408 0.413705 0.010792
0.856756 0.411207 0.010693
0.868330 0.410380 0.011325
0.877893 0.410347 0.011193
0.889820 0.407529 0.011672
0.900301 0.408118 0.010940
0.424866 0.488900 0.011181
0.436116 0.484643 0.010631
0.448451 0.480578 0.010457
0.458350 0.478088 0.011590
0.469265 0.476087 0.011770
0.479369 0.475023 0.010585
0.492772 0.472263 0.010637
0.502652 0.472031 0.010564
0.514447 0.470708 0.010531
0.523796 0.471243 0.011184
0.536358 0.470643 0.011161
0.545400 0.472445 0.011173
0.557493 0.472159 0.011196
0.567332 0.474093 0.010686
0.581162 0.474596 0.011015
0.589053 0.474137 0.011137
0.601672 0.474913 0.011104
0.612343 0.474678 0.011302
0.622729 0.473768 0.011303
0.633298 0.473771 0.011175
0.643908 0.472803 0.011048
0.656330 0.471170 0.010629
0.668557 0.467592 0.010237
0.677532 0.465268 0.010711
0.690913 0.462100 0.011678
0.699550 0.459112 0.011464
0.711360 0.455217 0.011264
0.719812 0.450876 0.012439
0.732492 0.444720 0.011169
0.742447 0.440844 0.010870
0.753843 0.436280 0.010834
0.766137 0.429708 0.010755
0.775280 0.426516 0.011107
0.786304 0.421218 0.011412
0.796912 0.417403 0.011306
0.809109 0.412525 0.010565
0.818776 0.409617 0.012123
0.829888 0.404781 0.011648
0.840123 0.403893 0.011719
0.850944 0.399354 0.010319
0.859630 0.400133 0.011344
0.872277 0.397220 0.011801
0.884087 0.397342 0.011043
0.894571 0.394965 0.011924
0.905968 0.395251 0.010824
0.914315 0.396261 0.011614
0.924828 0.396921 0.011647
0.935562 0.396632 0.010906
0.432703 0.473741 0.010123
0.443346 0.470233 0.011077
0.453821 0.466235 0.010845
0.464059 0.464160 0.010727
0.476798 0.461974 0.010599
0.486860 0.461057 0.011022
0.497849 0.459657 0.010355
0.507555 0.459051 0.010775
0.521297 0.458434 0.011083
0.529845 0.458319 0.011413
0.540849 0.459532 0.010478
0.553258 0.459527 0.011263
0.565349 0.460189 0.010777
0.574385 0.459963 0.010765
0.586306 0.462759 0.011958
0.596147 0.461819 0.011241
0.608148 0.463403 0.010983
0.617678 0.461659 0.011226
0.629986 0.461787 0.010641
0.640241 0.462113 0.012008
0.651834 0.458500 0.009915
0.661314 0.457492 0.010416
0.672798 0.454982 0.010465
0.682259 0.453592 0.011187
0.693697 0.449331 0.010728
0.705458 0.445155 0.010852
0.717095 0.440150 0.010776
0.725646 0.437320 0.010231
0.736554 0.432719 0.010397
0.749113 0.426308 0.011226
0.759749 0.421983 0.011323
0.770493 0.416501 0.010681
0.781903 0.410796 0.010752
0.792156 0.407182 0.010184
0.800679 0.404278 0.011692
0.813365 0.397556 0.010296
0.824423 0.394030 0.010252
0.833177 0.392850 0.010625
0.843525 0.390071 0.011110
0.856185 0.386072 0.009940
0.865945 0.385673 0.010824
0.875912 0.384822 0.011147
0.887410 0.384011 0.009873
0.897146 0.383360 0.010203
0.909145 0.383764 0.010917
0.917134 0.383441 0.010850
0.440212 0.459013 0.010865
0.451277 0.454309 0.011370
0.460768 0.452431 0.011242
0.471635 0.451153 0.011015
0.482891 0.448504 0.011042
0.495533 0.447506 0.011522
0.504078 0.447029 0.010050
0.514955 0.446270 0.010993
0.526343 0.446964 0.010629
0.535348 0.446790 0.011379
0.549331 0.448097 0.010232
0.559569 0.448357 0.010214
0.569796 0.448691 0.011788
0.581848 0.449699 0.010265
0.594758 0.447791 0.010666
0.603119 0.448937 0.012010
0.614091 0.448879 0.011170
0.626011 0.449194 0.010787
0.635290 0.450163 0.011676
0.645278 0.449319 0.011041
0.656222 0.447206 0.011000
0.667758 0.444923 0.010556
0.677657 0.442830 0.010712
0.690250 0.437935 0.011542
0.699840 0.435759 0.011935
0.709693 0.430349 0.011054
0.720823 0.426501 0.010759
0.730748 0.422613 0.010707
0.744192 0.416567 0.011208
0.754321 0.411006 0.011455
0.764630 0.406461 0.011021
0.774294 0.403703 0.011258
0.786407 0.396195 0.011143
0.794349 0.394221 0.011082
0.804811 0.389297 0.011008
0.816189 0.385055 0.011498
0.827615 0.380657 0.011816
0.837222 0.378212 0.011427
0.858110 0.374987 0.010831
0.870236 0.372887 0.011999
0.880014 0.371543 0.011834
0.889459 0.371401 0.011309
0.899320 0.370524 0.011149
0.910724 0.371186 0.010459
0.920894 0.372406 0.010707
0.932015 0.373034 0.011757
0.943601 0.374203 0.011834
0.954732 0.373431 0.010225
0.962851 0.374555 0.011305
0.445940 0.444121 0.010744
0.457560 0.442708 0.011475
0.466475 0.440902 0.010797
0.478794 0.436634 0.011120
0.487597 0.437442 0.012056
0.502501 0.435521 0.010534
0.510782 0.435336 0.010505
0.522268 0.433680 0.010868
0.532526 0.434963 0.011413
0.544300 0.435278 0.011355
0.554504 0.433616 0.011337
0.564164 0.435206 0.010697
0.576741 0.435227 0.012223
0.586010 0.438759 0.010924
0.595438 0.438155 0.010831
0.608954 0.437485 0.010118
0.619629 0.437567 0.010687
0.630534 0.436784 0.010741
0.641232 0.436612 0.010666
0.652114 0.433925 0.010685
0.662305 0.433003 0.011103
0.674477 0.429495 0.011222
0.682421 0.429212 0.011592
0.692166 0.424988 0.010910
0.702238 0.421748 0.010958
0.715177 0.416520 0.011821
0.726366 0.412197 0.011059
0.736896 0.405711 0.010958
0.747308 0.403549 0.010938
0.756742 0.398319 0.011197
0.767058 0.392539 0.011629
0.777576 0.388177 0.010485
0.788420 0.383998 0.010969
0.800694 0.378484 0.011179
0.809749 0.373836 0.010978
0.819445 0.372577 0.011452
0.832923 0.366941 0.010856
0.842528 0.364850 0.010310
0.853227 0.361771 0.011010
0.861196 0.361251 0.011566
0.872402 0.358988 0.011686
0.883570 0.359021 0.011708
0.893532 0.359534 0.011327
0.903042 0.359109 0.011255
0.915161 0.358212 0.011024
0.923434 0.359685 0.010749
0.120930 0.170630 0.010992
0.133154 0.171321 0.011268
0.142270 0.170587 0.011255
0.152760 0.170916 0.011101
0.162480 0.170392 0.010902
0.173285 0.169470 0.010934
0.182187 0.170719 0.010679
0.194608 0.170119 0.010728
0.202795 0.171333 0.011598
0.214453 0.170388 0.010759
0.224343 0.170043 0.011142
0.234887 0.170640 0.010913
0.244278 0.171399 0.011722
0.254589 0.170298 0.011277
0.264146 0.171004 0.010475
0.275548 0.170232 0.010247
0.284923 0.170993 0.010079
0.295806 0.171028 0.011355
0.305425 0.170044 0.011129
0.315795 0.170036 0.010146
0.326654 0.171058 0.011309
0.335994 0.170272 0.010934
0.348082 0.171391 0.011498
0.355559 0.170439 0.011368
0.366344 0.170421 0.011863
0.376812 0.170159 0.010389
0.388805 0.170698 0.010254
0.397365 0.169885 0.010491
0.408113 0.170521 0.011362
0.416794 0.169319 0.011114
0.426895 0.170467 0.011701
0.437525 0.169737 0.011492
0.448769 0.170007 0.010270
0.459432 0.170237 0.010646
0.468824 0.169719 0.010490
0.479036 0.169727 0.011107
0.489124 0.169889 0.010709
0.499584 0.170581 0.010402
0.510036 0.170332 0.011641
0.518670 0.169532 0.011020
0.529583 0.169933 0.011282
0.539629 0.170044 0.010605
0.550812 0.169788 0.010943
0.561278 0.171050 0.010902
0.570255 0.169276 0.010055
0.581996 0.169665 0.009997
0.591355 0.170493 0.011665
0.602244 0.169815 0.009963
0.611287 0.169680 0.011794
0.118913 0.156139 0.011914
0.129072 0.157465 0.011722
0.139555 0.156944 0.009953
0.150486 0.157679 0.009716
0.159862 0.157316 0.010761
0.170218 0.156717 0.011620
0.181282 0.156185 0.010826
0.191271 0.156038 0.010068
0.201000 0.156745 0.011826
0.210788 0.156269 0.011480
0.221573 0.156577 0.010364
0.232432 0.156779 0.010894
0.241277 0.156166 0.010748
0.251558 0.156894 0.011999
0.263037 0.156438 0.010319
0.272349 0.156270 0.010783
0.283828 0.155619 0.011376
0.302737 0.151707 0.011146
0.302391 0.156500 0.011233
0.331499 0.150629 0.010966
0.333829 0.155581 0.010162
0.344781 0.156292 0.010657
0.355000 0.156084 0.011435
0.364367 0.156649 0.009591
0.385323 0.156358 0.010910
0.395529 0.155655 0.009705
0.403258 0.156360 0.011462
0.414989 0.156469 0.010618
0.425317 0.156162 0.010172
0.436220 0.155923 0.010755
0.445440 0.155598 0.010724
0.455449 0.155452 0.010840
0.467369 0.156527 0.011510
0.477978 0.156460 0.010898
0.487211 0.156306 0.010008
0.497229 0.155637 0.010195
0.507120 0.155984 0.010297
0.517906 0.156059 0.011674
0.527936 0.156527 0.011839
0.537428 0.156067 0.010280
0.548244 0.156054 0.010560
0.559361 0.155714 0.010923
0.115937 0.141800 0.010933
0.127021 0.142475 0.011541
0.137186 0.142129 0.011432
0.147730 0.141899 0.011163
0.158350 0.142912 0.011147
0.168487 0.142377 0.011488
0.177499 0.142537 0.010598
0.180764 0.145005 0.011603
0.198390 0.141586 0.010613
0.219396 0.142454 0.010286
0.229488 0.142022 0.010654
0.238396 0.142035 0.011091
0.249010 0.141932 0.011941
0.259653 0.141757 0.011314
0.270791 0.142542 0.010259
0.280117 0.141986 0.011288
0.291542 0.142380 0.011324
0.299603 0.141756 0.011423
0.310625 0.141921 0.011244
0.321799 0.142379 0.011811
0.330569 0.142410 0.011884
0.340902 0.142091 0.010132
0.351748 0.141814 0.010995
0.361557 0.141260 0.010858
0.373142 0.142099 0.010992
0.380818 0.142327 0.010725
0.393386 0.142197 0.011046
0.403549 0.141931 0.011426
0.413435 0.141340 0.011902
0.423306 0.142468 0.010534
0.432932 0.141481 0.011803
0.443602 0.141922 0.011568
0.454116 0.142393 0.011608
0.462795 0.141651 0.010188
0.473892 0.143101 0.010817
0.484638 0.141600 0.010714
0.494538 0.141488 0.010334
0.505114 0.142165 0.011684
0.514871 0.142426 0.010771
0.113870 0.127665 0.011442
0.124226 0.128642 0.011587
0.134900 0.127859 0.011273
0.145549 0.128342 0.010409
0.153878 0.128114 0.011016
0.165056 0.128596 0.010714
0.175675 0.127944 0.011029
0.186239 0.128570 0.011406
0.195163 0.127468 0.010529
0.206471 0.128012 0.010711
0.215436 0.128023 0.011238
0.227977 0.128562 0.011849
0.236803 0.127011 0.010798
0.247077 0.128741 0.010676
0.257520 0.127506 0.010694
0.267347 0.127658 0.011220
0.279156 0.128142 0.011618
0.287729 0.128534 0.010566
0.298227 0.127158 0.011557
0.308129 0.127507 0.010995
0.318566 0.128069 0.011035
0.329820 0.127162 0.011454
0.338606 0.127953 0.011082
0.348511 0.127768 0.010537
0.359814 0.127592 0.010892
0.369931 0.127640 0.010507
0.379485 0.127703 0.011619
0.390504 0.127691 0.012174
0.400436 0.127996 0.010838
0.409868 0.126842 0.011086
0.420030 0.127343 0.012407
0.430392 0.127780 0.010451
0.441697 0.127683 0.010206
0.450699 0.128346 0.010896
0.461991 0.128468 0.011423
0.471262 0.127740 0.011226
0.481354 0.127359 0.010990
0.490734 0.128292 0.011466
0.501942 0.126895 0.010444
0.513046 0.127644 0.010881
0.522776 0.127215 0.011311
0.111959 0.114318 0.010590
0.122740 0.114372 0.011400
0.131668 0.113664 0.011630
0.142183 0.113671 0.009882
0.151424 0.114363 0.011027
0.161667 0.113923 0.011603
0.192853 0.122425 0.011546
0.184095 0.114462 0.010872
0.193017 0.113667 0.010366
0.203998 0.113103 0.011060
0.213300 0.113538 0.011169
0.224265 0.113705 0.011135
0.233056 0.112957 0.011241
0.245109 0.113282 0.010917
0.253936 0.114093 0.011217
0.265883 0.113958 0.010280
0.274652 0.113097 0.011004
0.285358 0.114459 0.010285
0.295037 0.114143 0.010672
0.309453 0.106197 0.012159
0.315018 0.113843 0.010870
0.326252 0.113359 0.010491
0.336368 0.113018 0.010329
0.345794 0.113591 0.011511
0.356124 0.113477 0.011078
0.366610 0.113863 0.011007
0.376597 0.112912 0.010645
0.387334 0.112555 0.010977
0.399254 0.114609 0.010459
0.407052 0.112741 0.011424
0.417284 0.113532 0.011427
0.427709 0.114010 0.010919
0.438049 0.113299 0.011613
0.448639 0.113549 0.010341
0.458918 0.113738 0.011417
0.468028 0.113200 0.011530
0.479239 0.113720 0.010605
0.489544 0.114093 0.010759
0.499566 0.113803 0.010734
0.509042 0.114487 0.011669
0.108524 0.099992 0.012019
0.119965 0.100397 0.010924
0.129670 0.099299 0.010352
0.140613 0.098017 0.011491
0.150246 0.098157 0.010478
0.159857 0.100232 0.010933
0.170234 0.100357 0.010287
0.180590 0.098889 0.010346
0.191653 0.100433 0.011070
0.200767 0.100352 0.010106
0.210752 0.099352 0.011626
0.221363 0.098936 0.010408
0.232022 0.096489 0.010963
0.241330 0.099316 0.010898
0.252235 0.098906 0.011799
0.262533 0.099187 0.011149
0.272703 0.106601 0.011260
0.282273 0.099137 0.011162
0.293524 0.100212 0.010699
0.302964 0.099338 0.010638
0.313523 0.099305 0.011740
0.323665 0.099353 0.011224
0.334740 0.099994 0.010568
0.343471 0.100399 0.010188
0.354459 0.098697 0.011240
0.363513 0.099525 0.011890
0.373659 0.099383 0.011767
0.384740 0.099711 0.011277
0.395246 0.099343 0.011522
0.405201 0.098909 0.011649
0.415017 0.099950 0.011348
0.425264 0.100193 0.010617
0.435273 0.098831 0.010906
0.446094 0.099285 0.011288
0.456762 0.099257 0.012424
0.465857 0.098603 0.010411
0.476207 0.099122 0.010332
0.487087 0.099842 0.011109
0.497052 0.098967 0.010877
0.507686 0.099204 0.011112
0.517030 0.098868 0.011169
0.528068 0.099573 0.010893
0.537777 0.098690 0.011202
0.547409 0.099432 0.010843
0.558768 0.099156 0.011115
0.568767 0.099260 0.012131
0.577629 0.098679 0.011595
0.589177 0.099013 0.011545
0.106498 0.084961 0.011525
0.116379 0.085844 0.010805
0.126612 0.085470 0.011176
0.137088 0.085453 0.011014
0.146860 0.085388 0.011387
0.156536 0.085369 0.010629
0.165783 0.084653 0.011553
0.177666 0.085461 0.011047
0.188241 0.085917 0.010786
0.196972 0.085053 0.011020
0.207744 0.084480 0.010958
0.219630 0.084475 0.011533
0.230211 0.084915 0.010626
0.239607 0.085308 0.011221
0.249981 0.086262 0.011993
0.245678 0.094782 0.011117
0.270299 0.084620 0.011804
0.280342 0.085993 0.011729
0.290153 0.085370 0.011003
0.299473 0.084963 0.011439
0.310700 0.085926 0.010754
0.321558 0.085238 0.010654
0.330015 0.085157 0.010871
0.341759 0.084828 0.010942
0.352604 0.085517 0.011406
0.361841 0.085716 0.011116
0.373123 0.085711 0.009036
0.381257 0.085671 0.010814
0.392510 0.085303 0.010391
0.403358 0.085419 0.011535
0.414630 0.084971 0.011891
0.423040 0.086069 0.011632
0.432463 0.085982 0.011125
0.443988 0.084500 0.010875
0.454269 0.085140 0.010415
0.464668 0.085457 0.011293
0.474424 0.085170 0.011347
0.482941 0.084892 0.010179
0.494493 0.085291 0.010774
0.503679 0.084346 0.010991
0.514720 0.084701 0.011742
0.525758 0.085566 0.010606
0.535216 0.085177 0.010894
0.545482 0.084937 0.010756
0.556245 0.085152 0.011088
0.565226 0.084987 0.010975
0.577357 0.085169 0.011619
0.587202 0.084974 0.010672
0.114602 0.071554 0.011934
0.125469 0.072093 0.010324
0.135453 0.071586 0.010638
0.145659 0.071174 0.010860
0.155056 0.071625 0.010644
0.165280 0.070873 0.010993
0.175676 0.071041 0.010893
0.185204 0.071647 0.010434
0.194938 0.071221 0.011756
0.206075 0.071836 0.012017
0.215654 0.070641 0.011832
0.226945 0.071742 0.011120
0.236201 0.070966 0.009978
0.246944 0.071508 0.010519
0.256207 0.071039 0.011258
0.267489 0.071201 0.011773
0.277711 0.070538 0.010125
0.288402 0.071750 0.011266
0.297470 0.070359 0.011327
0.308074 0.071148 0.010924
0.318477 0.071344 0.011164
0.328376 0.071310 0.010914
0.338963 0.072202 0.011267
0.347891 0.070825 0.010761
0.359028 0.071752 0.011086
0.369832 0.071293 0.009990
0.380870 0.071877 0.011112
0.389114 0.070767 0.011654
0.400254 0.070855 0.010923
0.409824 0.070933 0.010677
0.420483 0.070591 0.010201
0.429828 0.071018 0.011458
0.441716 0.069715 0.010813
0.450145 0.070624 0.011720
0.460755 0.070917 0.011111
0.472378 0.070708 0.011160
0.481587 0.070989 0.010614
0.491807 0.070474 0.011267
0.501473 0.071434 0.010682
0.513245 0.070456 0.011465
0.102035 0.056652 0.011661
0.111026 0.056872 0.010774
0.121451 0.056951 0.011480
0.133023 0.057240 0.010369
0.142170 0.057208 0.010461
0.152321 0.056724 0.011254
0.163062 0.057451 0.011001
0.173673 0.057149 0.011081
0.183440 0.057910 0.010775
0.193230 0.057125 0.009873
0.204057 0.057201 0.010336
0.214502 0.056876 0.010796
0.223933 0.057602 0.010895
0.234232 0.056748 0.011924
0.244645 0.057109 0.010366
0.255223 0.057309 0.011081
0.265235 0.056007 0.011342
0.274238 0.056702 0.011041
0.284862 0.056026 0.010424
0.296052 0.056991 0.011807
0.305673 0.056990 0.009973
0.315448 0.056265 0.010624
0.326521 0.056777 0.010728
0.335296 0.057426 0.010632
0.346689 0.057214 0.011526
0.357593 0.057339 0.010904
0.366255 0.056942 0.011139
0.376923 0.058067 0.010382
0.387470 0.056659 0.011086
0.395219 0.059287 0.011612
0.409072 0.057320 0.011071
0.416973 0.056777 0.011244
0.427844 0.056698 0.009902
0.438650 0.057758 0.010450
0.448482 0.056389 0.010715
0.457422 0.056229 0.011281
0.468093 0.056902 0.010565
0.479888 0.056827 0.010772
0.490554 0.055890 0.011061
0.499370 0.055979 0.010298
0.099309 0.043231 0.010730
0.108668 0.042981 0.009236
0.119421 0.042733 0.010287
0.129555 0.043123 0.011274
0.140514 0.042629 0.011138
0.148846 0.042390 0.011547
0.158990 0.043756 0.011803
0.182006 0.048237 0.010381
0.181099 0.042851 0.010958
0.190604 0.042577 0.010234
0.200494 0.042597 0.010811
0.210839 0.042680 0.010510
0.220683 0.042367 0.012117
0.231762 0.042732 0.010960
0.242935 0.041779 0.010789
0.252768 0.043744 0.012214
0.262886 0.042708 0.010979
0.272498 0.042580 0.011356
0.283010 0.041742 0.011240
0.292398 0.042718 0.011188
0.303407 0.042904 0.010955
0.313625 0.042365 0.011069
0.324102 0.043003 0.011200
0.343710 0.043760 0.011274
0.354298 0.042371 0.011469
0.365619 0.042540 0.011257
0.373562 0.043253 0.011472
0.383933 0.042402 0.010878
0.394856 0.041813 0.010685
0.405714 0.042676 0.010803
0.415724 0.041952 0.010781
0.425828 0.042008 0.011009
0.436655 0.042783 0.010095
0.445527 0.042184 0.011145
0.455225 0.042495 0.010671
0.466861 0.042010 0.010434
0.476724 0.042217 0.010900
0.487102 0.042469 0.010911
0.496729 0.043049 0.011434
0.507865 0.043463 0.011173
0.518321 0.042287 0.010641
0.526742 0.043400 0.011386
0.096223 0.028848 0.011230
0.107126 0.027948 0.011746
0.116337 0.028744 0.010867
0.127436 0.028490 0.011109
0.137467 0.028321 0.010658
0.147149 0.028096 0.010588
0.157901 0.028885 0.010865
0.167080 0.028888 0.011626
0.178639 0.028663 0.009721
0.188284 0.029457 0.011318
0.199457 0.028535 0.011807
0.208457 0.028850 0.010789
0.218260 0.028278 0.010164
0.228894 0.029304 0.011489
0.238725 0.028901 0.010669
0.249636 0.028452 0.010471
0.258304 0.037174 0.010614
0.270594 0.027788 0.010643
0.280037 0.028798 0.010519
0.290332 0.028879 0.009630
0.300867 0.030052 0.010420
0.309014 0.028143 0.011768
0.320431 0.028527 0.011019
0.330799 0.028705 0.011446
0.341734 0.028481 0.011151
0.350868 0.028886 0.011221
0.361415 0.028231 0.010341
0.372952 0.028108 0.010045
0.381744 0.028597 0.010829
0.393478 0.028958 0.012141
0.403605 0.028106 0.010710
0.414397 0.028164 0.010401
0.422992 0.028366 0.011609
0.434093 0.028985 0.010991
0.443828 0.028751 0.010676
0.454402 0.027655 0.011749
0.465179 0.029153 0.009913
0.475773 0.029039 0.011453
0.490378 0.036360 0.011152
0.495927 0.028161 0.010942
0.504328 0.027679 0.011211
0.515686 0.029237 0.010519
0.525043 0.027705 0.011887
0.536052 0.028503 0.011315
0.546009 0.029362 0.012864
0.554929 0.028101 0.010730
0.565442 0.027833 0.010824
0.575926 0.028355 0.011160
0.068503 0.377896 0.015726
0.078714 0.378965 0.014382
0.089071 0.375935 0.015579
0.100063 0.378369 0.015262
0.109555 0.374876 0.016311
0.119410 0.376885 0.015122
0.128983 0.376401 0.016182
0.150502 0.375470 0.014615
0.160029 0.374521 0.013330
0.170106 0.373359 0.015781
0.181559 0.374358 0.014623
0.190495 0.372785 0.016120
0.202365 0.372749 0.014399
0.211340 0.370720 0.015384
0.223159 0.370447 0.016076
0.232091 0.369370 0.014516
0.244672 0.370092 0.014402
0.252598 0.366503 0.018121
0.263798 0.366783 0.015427
0.273382 0.366696 0.015276
0.283184 0.364920 0.014831
0.293561 0.365467 0.015136
0.303621 0.364541 0.015612
0.314150 0.363186 0.015125
0.324574 0.362566 0.013491
0.334274 0.362309 0.017249
0.345353 0.361013 0.015340
0.354835 0.360023 0.016667
0.364823 0.361284 0.013207
0.376913 0.358783 0.014634
0.387127 0.358320 0.014746
0.396775 0.357544 0.014864
0.408491 0.359213 0.015669
0.416529 0.357715 0.016185
0.425775 0.356062 0.015613
0.436996 0.356754 0.014504
0.447083 0.355527 0.013598
0.458180 0.356265 0.014927
0.467819 0.356935 0.013549
0.478111 0.355881 0.014813
0.487821 0.356688 0.017665
0.497644 0.354781 0.015515
0.509515 0.354670 0.016399
0.518971 0.356642 0.014729
0.529370 0.355994 0.015530
0.109533 0.359638 0.017311
0.117992 0.355748 0.015921
0.127727 0.357949 0.014050
0.136877 0.357257 0.016208
0.148844 0.354991 0.016188
0.159170 0.355053 0.014652
0.169907 0.354237 0.015309
0.180447 0.354020 0.015739
0.189395 0.354193 0.015927
0.198772 0.353220 0.016517
0.210010 0.353004 0.015267
0.221011 0.351071 0.016078
0.228378 0.350790 0.014522
0.241665 0.350748 0.015375
0.252412 0.350814 0.014565
0.260971 0.349494 0.015507
0.270878 0.346598 0.015158
0.282394 0.348142 0.014307
0.293745 0.347011 0.015335
0.302871 0.345653 0.014155
0.312821 0.344570 0.017300
0.322789 0.343463 0.015851
0.333486 0.344391 0.017770
0.342744 0.342840 0.013175
0.353992 0.341476 0.013890
0.364734 0.341325 0.016156
0.373283 0.340986 0.015226
0.385165 0.340715 0.016302
0.393997 0.339554 0.014599
0.403695 0.339975 0.014696
0.414631 0.341228 0.015465
0.423999 0.339645 0.014611
0.435414 0.338583 0.013498
0.447052 0.338042 0.017350
0.456081 0.337838 0.017285
0.467453 0.336666 0.015605
0.476166 0.335815 0.015289
0.487398 0.338568 0.016232
0.496302 0.337397 0.016280
0.507934 0.337027 0.015958
0.518338 0.338307 0.016261
0.528029 0.336845 0.015783
0.109635 0.337884 0.015405
0.117452 0.337257 0.013971
0.130740 0.337385 0.015793
0.139559 0.335508 0.014805
0.149894 0.337114 0.016856
0.160211 0.334587 0.015239
0.170979 0.336089 0.014083
0.180394 0.336846 0.016385
0.191646 0.335757 0.013806
0.200507 0.335296 0.015787
0.212748 0.333467 0.013921
0.222889 0.333636 0.016920
0.233022 0.330737 0.017610
0.240978 0.332523 0.014951
0.252894 0.330324 0.014866
0.262943 0.330392 0.015957
0.273066 0.328982 0.016906
0.284349 0.327610 0.015358
0.293299 0.327762 0.016717
0.303192 0.327199 0.016009
0.314273 0.326081 0.013790
0.324545 0.324906 0.016694
0.334761 0.326346 0.015611
0.345332 0.324525 0.015848
0.354748 0.323981 0.016691
0.364990 0.322379 0.016199
0.374405 0.320285 0.016355
0.386209 0.320869 0.018098
0.396309 0.320160 0.016618
0.407312 0.320089 0.015900
0.417004 0.320346 0.016201
0.427060 0.320348 0.016557
0.437408 0.318997 0.013858
0.446127 0.318383 0.015176
0.456372 0.317476 0.016049
0.468448 0.319029 0.015254
0.478571 0.318581 0.014926
0.488662 0.318860 0.013170
0.499168 0.318057 0.015841
0.510486 0.318299 0.015173
0.518027 0.316939 0.017216
0.529386 0.318933 0.013603
0.084575 0.538551 0.009935
0.091567 0.535518 0.008870
0.097619 0.532840 0.009553
0.104790 0.528334 0.009234
0.110770 0.526314 0.009223
0.117721 0.522444 0.008583
0.124342 0.518798 0.008952
0.130310 0.515140 0.008838
0.137540 0.512731 0.008682
0.142595 0.508416 0.008541
0.150612 0.503693 0.009131
0.156961 0.501749 0.008851
0.162959 0.498076 0.008930
0.169141 0.495241 0.008828
0.175609 0.491370 0.008949
0.183281 0.490714 0.008693
0.189149 0.488491 0.009683
0.195847 0.485103 0.008950
0.202561 0.484253 0.009088
0.208682 0.482648 0.009219
0.215516 0.481483 0.008547
0.222184 0.481858 0.008721
0.227938 0.479701 0.009461
0.234737 0.480238 0.008698
0.240224 0.479342 0.008623
0.246381 0.480010 0.008899
0.252967 0.479725 0.009336
0.259315 0.479852 0.009757
0.265470 0.479382 0.008910
0.271730 0.479752 0.009087
0.278217 0.480073 0.009821
0.283699 0.479456 0.009685
0.289674 0.479400 0.009398
0.296664 0.478115 0.009108
0.302061 0.477402 0.009038
0.308379 0.477811 0.008391
0.314409 0.475195 0.008645
0.318975 0.476239 0.009164
0.326317 0.472552 0.009688
0.332778 0.471077 0.008541
0.338825 0.468650 0.009719
0.346177 0.466515 0.008603
0.350944 0.463219 0.009224
0.357330 0.460560 0.008662
0.084465 0.528323 0.008673
0.091349 0.526365 0.009692
0.096947 0.522859 0.009111
0.103997 0.519035 0.009379
0.109752 0.516756 0.008737
0.116131 0.512745 0.009447
0.123081 0.508524 0.009521
0.129286 0.507004 0.009226
0.137010 0.501820 0.009204
0.142862 0.498759 0.009128
0.150508 0.493971 0.008984
0.155654 0.491674 0.010024
0.162378 0.488152 0.009768
0.169109 0.485557 0.009776
0.175673 0.482661 0.008980
0.181496 0.479524 0.009077
0.187701 0.477250 0.009355
0.194249 0.475215 0.009076
0.199775 0.474052 0.009293
0.207064 0.472324 0.009382
0.213528 0.471328 0.008599
0.219829 0.470160 0.009332
0.226224 0.470074 0.009581
0.232274 0.468089 0.009463
0.237661 0.469874 0.009720
0.244767 0.469627 0.008639
0.250003 0.468655 0.009176
0.256335 0.469052 0.009820
0.262483 0.468933 0.009237
0.268686 0.469364 0.008955
0.274957 0.469177 0.008941
0.280866 0.469050 0.009361
0.287117 0.468058 0.008886
0.293217 0.468324 0.008837
0.298924 0.467518 0.008979
0.305795 0.466927 0.010291
0.310902 0.466186 0.009700
0.317796 0.464556 0.008907
0.324192 0.461635 0.008356
0.329997 0.460861 0.009032
0.336791 0.459310 0.008447
0.342195 0.455674 0.009293
0.348933 0.453691 0.008553
0.354432 0.450482 0.009326
0.363468 0.444633 0.009736
0.367871 0.444127 0.009211
0.083585 0.519335 0.008656
0.090561 0.516714 0.008805
0.097419 0.511610 0.009045
0.104099 0.509914 0.010194
0.108917 0.506720 0.009739
0.115949 0.503475 0.008968
0.122169 0.498980 0.009456
0.129343 0.495327 0.008412
0.135059 0.492102 0.008949
0.142474 0.488255 0.009144
0.148021 0.485736 0.009319
0.154233 0.481469 0.009117
0.160051 0.478473 0.009480
0.167130 0.475557 0.009338
0.173938 0.472263 0.008919
0.180602 0.469264 0.009192
0.186330 0.467241 0.009041
0.192707 0.465759 0.009807
0.198962 0.463609 0.009723
0.204601 0.462412 0.009608
0.211018 0.461996 0.009316
0.215977 0.459532 0.009188
0.223880 0.460438 0.009275
0.229848 0.459051 0.009328
0.234502 0.458991 0.009219
0.242410 0.457964 0.009379
0.247665 0.458681 0.009107
0.253732 0.458493 0.008722
0.259486 0.457631 0.008826
0.267033 0.458262 0.009790
0.271677 0.458713 0.009111
0.278466 0.458159 0.008650
0.284036 0.457252 0.008433
0.290459 0.457599 0.008699
0.296536 0.456846 0.009210
0.302903 0.456631 0.008317
0.309100 0.456273 0.008933
0.315508 0.453797 0.008407
0.322257 0.452069 0.009451
0.327771 0.450872 0.009371
0.335389 0.448211 0.009069
0.083758 0.508679 0.009165
0.090279 0.505652 0.009016
0.096211 0.503426 0.009468
0.102592 0.499366 0.008605
0.108959 0.497109 0.009450
0.114492 0.492857 0.009648
0.120972 0.489207 0.008937
0.127794 0.486096 0.008776
0.133901 0.482044 0.009903
0.140624 0.478622 0.008528
0.146686 0.473901 0.009046
0.152975 0.471835 0.008933
0.159138 0.468480 0.009747
0.163881 0.465300 0.009410
0.171232 0.462487 0.009251
0.177478 0.460421 0.010218
0.182701 0.456861 0.009517
0.189333 0.454948 0.009261
0.195371 0.453327 0.008448
0.201451 0.451841 0.009027
0.208381 0.451840 0.009649
0.213683 0.448649 0.008355
0.220412 0.448263 0.009089
0.226691 0.447484 0.009377
0.232058 0.447866 0.009528
0.238728 0.448245 0.008991
0.244625 0.447745 0.008728
0.252133 0.447003 0.009019
0.257772 0.447237 0.009154
0.262726 0.447348 0.008537
0.269109 0.447552 0.009229
0.275768 0.447197 0.009072
0.281954 0.447835 0.008523
0.288276 0.446764 0.009398
0.294701 0.446612 0.008880
0.308308 0.444784 0.008988
0.313682 0.443306 0.009033
0.320701 0.441722 0.009234
0.327270 0.440466 0.010039
0.332922 0.438837 0.008673
0.339181 0.436163 0.009944
0.346930 0.433265 0.009096
0.352639 0.430876 0.009305
0.358561 0.427642 0.009102
0.365311 0.423867 0.009976
0.372095 0.420555 0.009514
0.378738 0.417697 0.009212
0.082451 0.498358 0.009845
0.088820 0.496122 0.009421
0.094346 0.494158 0.009338
0.101221 0.489854 0.009409
0.106979 0.487785 0.009180
0.112680 0.482131 0.009332
0.119977 0.479832 0.009257
0.125718 0.475421 0.009730
0.131706 0.472432 0.008593
0.137532 0.468740 0.009187
0.144130 0.465164 0.009452
0.148840 0.461761 0.009012
0.158013 0.456437 0.009097
0.161535 0.455541 0.009517
0.168251 0.452024 0.008908
0.174153 0.449256 0.008891
0.180399 0.446539 0.009368
0.186136 0.445435 0.009157
0.194162 0.443486 0.009458
0.199910 0.440787 0.008590
0.204709 0.439325 0.009744
0.211537 0.438590 0.008988
0.217790 0.438359 0.008955
0.223983 0.437502 0.009679
0.229936 0.437058 0.009112
0.235892 0.436722 0.009117
0.242076 0.436193 0.009153
0.247631 0.436453 0.009546
0.254197 0.437481 0.008942
0.261443 0.437441 0.009568
0.267264 0.436654 0.009811
0.274304 0.437615 0.009162
0.280415 0.436124 0.009920
0.286724 0.437068 0.009144
0.293183 0.435871 0.009161
0.299997 0.435264 0.009137
0.306632 0.433760 0.009588
0.312646 0.432150 0.008812
0.319104 0.431504 0.009019
0.325918 0.429931 0.008376
0.333063 0.428153 0.008324
0.338797 0.425041 0.008962
0.345831 0.423862 0.009050
0.351603 0.421177 0.008962
0.357420 0.418138 0.009325
0.364887 0.415122 0.009570
0.372144 0.410878 0.009591
0.378183 0.408032 0.009045
0.384379 0.404064 0.008888
0.391343 0.401055 0.008576
0.078487 0.488271 0.009544
0.085845 0.486894 0.009253
0.091609 0.483765 0.009413
0.099183 0.481190 0.009576
0.104361 0.476449 0.008765
0.110859 0.473843 0.009076
0.116697 0.469987 0.008773
0.122521 0.466169 0.008748
0.128590 0.462169 0.009040
0.134526 0.459622 0.008248
0.140996 0.455811 0.009527
0.147169 0.451825 0.008615
0.153553 0.447800 0.009232
0.159702 0.445525 0.009284
0.166080 0.442923 0.009092
0.171263 0.438801 0.008819
0.177661 0.436862 0.009093
0.183753 0.435760 0.008667
0.190440 0.432727 0.008697
0.196214 0.431356 0.008794
0.202392 0.429666 0.008990
0.209734 0.428715 0.009218
0.215290 0.427404 0.009066
0.221668 0.426717 0.009105
0.227286 0.426300 0.009098
0.233771 0.426060 0.009558
0.240777 0.425455 0.009372
0.246824 0.425541 0.009973
0.254000 0.425630 0.008323
0.260210 0.425547 0.009581
0.266530 0.426175 0.009923
0.273961 0.425557 0.008988
0.279674 0.426020 0.008901
0.286039 0.425800 0.009168
0.292617 0.426094 0.008758
0.298723 0.424423 0.008966
0.305824 0.423225 0.008914
0.312145 0.422704 0.008886
0.318077 0.421274 0.008941
0.324352 0.420198 0.008951
0.331220 0.417828 0.009108
0.338019 0.416890 0.009203
0.345273 0.412939 0.009128
0.351632 0.411044 0.009426
0.358025 0.407640 0.009082
0.364530 0.405033 0.009143
0.370413 0.401687 0.009383
0.377489 0.397665 0.009877
0.383720 0.393812 0.009261
0.082875 0.477235 0.008838
0.088855 0.473540 0.008630
0.095411 0.471172 0.009488
0.101613 0.466512 0.009015
0.107514 0.463392 0.008445
0.113485 0.459500 0.009239
0.120225 0.455945 0.009201
0.126114 0.453095 0.008654
0.133141 0.448766 0.009676
0.138728 0.443458 0.009262
0.144375 0.442048 0.008999
0.150928 0.438164 0.009398
0.157155 0.434424 0.008379
0.162730 0.432830 0.009276
0.176088 0.426080 0.009441
0.182361 0.424567 0.009439
0.188345 0.422390 0.008582
0.194996 0.421212 0.009644
0.200772 0.419309 0.009341
0.208371 0.418047 0.009038
0.213419 0.416724 0.009217
0.220303 0.415848 0.009831
0.227390 0.416189 0.009244
0.233790 0.415590 0.009385
0.238830 0.415541 0.008942
0.246659 0.414825 0.009202
0.252477 0.415274 0.008439
0.260083 0.415561 0.008991
0.266323 0.415172 0.008763
0.273591 0.415596 0.008900
0.278306 0.415493 0.008964
0.286373 0.415316 0.008761
0.291378 0.414586 0.009505
0.298410 0.414154 0.008515
0.304958 0.413526 0.008186
0.310962 0.411308 0.009717
0.318859 0.411228 0.009188
0.325070 0.408562 0.009178
0.331260 0.408043 0.009143
0.338113 0.405217 0.008985
0.344715 0.402846 0.009779
0.350534 0.400530 0.009450
0.357889 0.398513 0.008885
0.363378 0.394299 0.009549
0.369570 0.390975 0.009760
0.375682 0.389036 0.008341
