320.98 357.40 16.27
333.90 356.99 16.27
347.37 359.61 16.27
360.26 358.74 16.27
372.85 359.54 16.27
385.41 361.86 16.27
397.82 361.79 16.27
430.05 364.01 16.27
444.74 365.00 16.27
457.11 364.43 16.27
470.49 364.80 16.27
482.99 365.89 16.27
528.09 368.15 16.27
540.66 369.05 16.27
554.11 370.83 16.27
586.57 370.67 16.27
600.18 372.85 16.27
613.33 374.34 16.27
625.38 375.52 16.27
638.85 375.64 16.27
651.49 377.64 16.27
664.10 376.78 16.27
676.61 378.39 16.27
690.18 378.24 16.27
703.19 379.47 16.27
715.68 378.35 16.27
747.14 382.02 16.27
763.40 383.51 16.27
774.59 384.02 16.27
788.80 384.55 16.27
803.15 385.07 16.27
814.76 386.82 16.27
826.41 386.56 16.27
840.77 387.89 16.27
319.22 378.87 16.27
331.72 380.56 16.27
345.13 380.54 16.27
371.03 381.66 16.27
382.39 381.60 16.27
396.45 383.53 16.27
409.33 384.69 16.27
440.83 385.12 16.27
454.69 388.09 16.27
467.66 387.29 16.27
481.25 388.81 16.27
493.42 391.14 16.27
527.36 392.36 16.27
540.91 392.56 16.27
552.72 391.12 16.27
564.34 393.51 16.27
577.65 395.30 16.27
590.56 395.01 16.27
604.11 397.23 16.27
617.03 397.40 16.27
630.63 398.59 16.27
644.22 398.66 16.27
655.15 399.16 16.27
702.12 402.06 16.27
714.57 402.66 16.27
727.29 403.59 16.27
741.92 403.39 16.27
754.07 406.48 16.27
766.76 405.70 16.27
780.68 406.18 16.27
792.90 406.87 16.27
804.32 408.29 16.27
317.61 402.12 16.27
328.70 402.61 16.27
344.09 404.54 16.27
355.14 403.38 16.27
368.57 404.65 16.27
382.36 406.22 16.27
413.71 406.15 16.27
426.64 409.81 16.27
438.50 409.01 16.27
452.80 410.13 16.27
465.21 409.49 16.27
477.59 412.49 16.27
506.59 412.57 16.27
517.97 414.73 16.27
531.73 413.61 16.27
314.53 424.37 16.27
326.87 423.88 16.27
337.75 426.78 16.27
371.59 428.83 16.27
385.38 428.64 16.27
399.14 429.73 16.27
410.81 431.33 16.27
424.91 432.04 16.27
433.81 431.96 16.27
450.17 432.57 16.27
463.45 433.61 16.27
476.54 433.98 16.27
490.08 435.65 16.27
522.00 436.39 16.27
535.89 438.01 16.27
546.76 438.25 16.27
559.81 439.01 16.27
573.16 439.46 16.27
586.51 441.20 16.27
598.68 440.27 16.27
612.49 442.89 16.27
625.82 443.72 16.27
639.44 444.91 16.27
653.09 447.45 16.27
683.41 447.24 16.27
696.41 448.47 16.27
709.05 447.40 16.27
722.87 449.50 16.27
734.80 450.99 16.27
750.26 450.32 16.27
763.08 449.67 16.27
775.57 451.67 16.27
788.48 452.37 16.27
813.18 456.15 16.27
310.96 447.29 16.27
323.35 448.06 16.27
336.63 448.95 16.27
348.43 449.76 16.27
363.37 450.43 16.27
376.05 450.85 16.27
389.25 451.80 16.27
400.50 453.10 16.27
413.15 453.43 16.27
448.03 455.48 16.27
460.31 457.22 16.27
474.01 457.37 16.27
485.82 456.45 16.27
498.95 459.30 16.27
512.54 456.43 16.27
543.64 461.38 16.27
558.26 463.03 16.27
571.08 461.41 16.27
582.20 463.61 16.27
596.31 463.92 16.27
610.80 465.30 16.27
622.59 466.73 16.27
635.01 468.79 16.27
647.52 466.95 16.27
680.99 468.97 16.27
693.67 469.28 16.27
706.97 471.68 16.27
720.37 472.41 16.27
732.35 473.86 16.27
746.18 474.57 16.27
759.78 474.16 16.27
771.80 475.63 16.27
783.74 474.80 16.27
308.20 469.42 16.27
320.02 469.92 16.27
333.46 469.12 16.27
345.81 473.26 16.27
360.09 472.52 16.27
373.25 472.03 16.27
385.84 475.43 16.27
398.78 473.73 16.27
411.25 476.98 16.27
456.34 478.31 16.27
470.53 480.59 16.27
482.89 479.47 16.27
530.35 483.32 16.27
541.51 484.06 16.27
553.92 485.23 16.27
567.91 485.11 16.27
599.92 487.02 16.27
612.92 488.49 16.27
626.30 489.25 16.27
638.76 490.57 16.27
651.13 492.53 16.27
665.61 490.48 16.27
697.23 492.75 16.27
710.07 492.90 16.27
723.79 494.27 16.27
735.84 495.95 16.27
749.15 495.90 16.27
760.62 497.47 16.27
775.37 497.64 16.27
787.40 498.81 16.27
304.90 491.17 16.27
316.95 491.75 16.27
332.43 493.19 16.27
344.89 495.53 16.27
357.54 495.28 16.27
370.63 495.98 16.27
384.33 498.68 16.27
397.78 496.21 16.27
409.09 498.66 16.27
441.23 499.19 16.27
456.02 501.83 16.27
467.64 501.79 16.27
482.00 503.57 16.27
494.81 503.39 16.27
506.84 504.92 16.27
519.37 505.28 16.27
532.29 506.47 16.27
544.67 507.36 16.27
577.99 508.38 16.27
591.62 510.23 16.27
623.23 511.14 16.27
637.27 512.84 16.27
647.63 513.03 16.27
662.76 513.80 16.27
675.87 513.40 16.27
686.37 514.71 16.27
714.02 515.62 16.27
303.19 514.20 16.27
317.25 516.21 16.27
329.42 517.96 16.27
343.70 517.02 16.27
355.42 518.06 16.27
368.67 520.07 16.27
382.77 519.94 16.27
395.47 521.35 16.27
407.97 521.77 16.27
421.38 522.65 16.27
452.30 523.94 16.27
466.21 525.13 16.27
478.53 524.63 16.27
492.82 525.35 16.27
505.14 527.08 16.27
518.19 528.35 16.27
563.49 530.21 16.27
577.39 531.39 16.27
589.03 532.88 16.27
601.98 532.96 16.27
615.80 533.55 16.27
628.21 536.08 16.27
641.50 535.34 16.27
685.89 539.44 16.27
699.64 540.49 16.27
712.40 539.85 16.27
727.09 540.57 16.27
739.21 542.46 16.27
751.62 541.30 16.27
763.80 543.54 16.27
302.69 537.46 16.27
314.97 538.53 16.27
329.57 538.80 16.27
343.85 541.04 16.27
353.84 539.56 16.27
367.44 543.11 16.27
381.94 544.03 16.27
394.23 543.29 16.27
406.19 544.47 16.27
420.04 544.83 16.27
434.49 545.80 16.27
447.26 545.39 16.27
478.05 547.98 16.27
491.64 549.28 16.27
505.71 550.81 16.27
517.51 551.44 16.27
528.90 551.14 16.27
543.76 553.46 16.27
576.25 555.12 16.27
588.74 554.84 16.27
601.90 556.74 16.27
614.56 555.98 16.27
628.87 558.05 16.27
641.73 559.12 16.27
655.66 560.26 16.27
666.30 560.38 16.27
699.80 561.98 16.27
711.47 561.50 16.27
727.03 563.95 16.27
303.38 561.98 16.27
316.16 560.58 16.27
329.52 562.23 16.27
342.07 563.53 16.27
355.73 564.00 16.27
368.11 566.40 16.27
382.12 566.25 16.27
394.22 565.49 16.27
408.02 567.27 16.27
419.62 567.66 16.27
432.30 569.49 16.27
446.61 569.64 16.27
459.01 569.69 16.27
470.29 569.78 16.27
503.76 573.86 16.27
515.79 574.79 16.27
530.86 574.01 16.27
542.77 576.88 16.27
557.57 576.14 16.27
569.52 576.44 16.27
582.50 577.21 16.27
595.32 580.01 16.27
608.28 578.47 16.27
620.24 580.15 16.27
633.71 581.07 16.27
646.00 582.18 16.27
659.44 582.47 16.27
692.49 584.31 16.27
706.67 586.40 16.27
718.24 585.40 16.27
730.98 587.46 16.27
743.95 588.23 16.27
758.12 587.99 16.27
785.00 590.32 16.27
794.96 591.97 16.27
810.41 591.26 16.27
302.84 583.14 16.27
315.95 583.81 16.27
348.82 586.03 16.27
362.84 587.63 16.27
375.57 588.51 16.27
388.60 590.11 16.27
401.95 591.53 16.27
414.81 589.87 16.27
427.51 591.77 16.27
441.35 591.24 16.27
471.12 594.48 16.27
485.41 594.83 16.27
499.81 595.27 16.27
511.49 596.37 16.27
543.41 596.92 16.27
556.04 597.98 16.27
568.18 599.44 16.27
582.58 601.57 16.27
615.96 604.09 16.27
628.33 602.91 16.27
640.92 603.82 16.27
653.75 605.47 16.27
667.26 606.58 16.27
680.30 605.85 16.27
692.58 606.84 16.27
724.83 610.59 16.27
737.14 610.32 16.27
750.71 610.82 16.27
764.96 612.53 16.27
777.35 613.07 16.27
304.12 606.78 16.27
315.86 607.92 16.27
330.17 609.29 16.27
344.05 609.24 16.27
354.60 611.05 16.27
367.76 610.68 16.27
381.36 610.88 16.27
395.17 612.27 16.27
407.95 612.19 16.27
420.38 612.98 16.27
433.34 614.30 16.27
464.55 616.56 16.27
479.93 617.35 16.27
491.20 617.10 16.27
504.17 619.94 16.27
517.84 618.16 16.27
531.20 620.46 16.27
543.50 620.26 16.27
555.99 622.73 16.27
570.04 623.09 16.27
602.94 623.67 16.27
615.73 626.30 16.27
628.25 626.04 16.27
639.98 627.51 16.27
654.40 627.08 16.27
666.96 628.72 16.27
679.75 629.37 16.27
691.77 631.20 16.27
706.18 630.08 16.27
717.16 632.48 16.27
732.59 632.75 16.27
745.83 634.09 16.27
758.27 633.94 16.27
770.76 635.25 16.27
303.64 628.85 16.27
316.09 629.70 16.27
328.71 629.86 16.27
342.05 631.79 16.27
369.35 632.15 16.27
381.00 634.64 16.27
394.64 634.19 16.27
426.47 637.72 16.27
439.97 638.43 16.27
453.21 637.96 16.27
464.44 638.38 16.27
478.21 639.36 16.27
492.51 641.63 16.27
506.52 641.07 16.27
535.26 643.50 16.27
549.60 643.44 16.27
563.51 643.98 16.27
576.77 646.36 16.27
588.79 646.64 16.27
601.12 648.06 16.27
615.23 648.52 16.27
647.11 649.03 16.27
659.46 650.74 16.27
674.71 651.32 16.27
686.02 652.10 16.27
699.05 653.39 16.27
711.40 655.03 16.27
737.45 657.03 16.27
516.89 810.54 14.58
527.68 810.34 14.58
538.44 809.54 14.58
549.82 810.17 14.58
561.27 808.74 14.58
571.17 807.45 14.58
582.04 807.41 14.58
591.51 808.40 14.58
619.69 807.82 14.58
640.12 806.68 14.58
650.63 806.42 14.58
663.91 805.80 14.58
672.45 805.25 14.58
682.50 806.13 14.58
694.48 803.90 14.58
518.99 832.51 14.58
528.79 833.21 14.58
540.71 833.08 14.58
548.72 831.44 14.58
561.09 830.89 14.58
572.82 832.05 14.58
581.62 830.44 14.58
592.41 830.05 14.58
619.01 828.41 14.58
629.86 828.11 14.58
640.89 828.12 14.58
652.53 827.44 14.58
662.52 827.43 14.58
674.12 827.32 14.58
685.02 826.22 14.58
694.98 826.30 14.58
721.76 824.86 14.58
731.55 824.91 14.58
743.03 824.80 14.58
770.89 824.42 14.58
781.04 824.63 14.58
791.46 823.01 14.58
803.51 824.39 14.58
812.70 822.66 14.58
824.71 822.28 14.58
835.14 822.55 14.58
845.04 821.95 14.58
856.14 820.38 14.58
883.34 820.55 14.58
894.09 820.33 14.58
903.48 819.09 14.58
914.55 820.10 14.58
927.16 817.29 14.58
937.90 818.57 14.58
948.25 818.52 14.58
973.56 817.01 14.58
985.20 815.47 14.58
995.23 815.11 14.58
1006.17 817.07 14.58
1016.48 816.36 14.58
1030.19 816.44 14.58
1038.94 815.71 14.58
1076.56 813.93 14.58
1087.07 813.40 14.58
1097.29 813.31 14.58
1125.63 812.92 14.58
1135.30 811.51 14.58
1147.52 811.29 14.58
1156.03 811.86 14.58
1167.88 811.82 14.58
1178.66 810.34 14.58
1190.30 808.84 14.58
1199.52 809.00 14.58
1209.14 809.96 14.58
1221.07 809.58 14.58
1232.50 808.98 14.58
519.10 855.91 14.58
528.61 853.26 14.58
540.00 854.67 14.58
551.28 854.54 14.58
559.66 854.29 14.58
572.43 851.82 14.58
583.50 852.69 14.58
594.01 852.94 14.58
620.86 850.98 14.58
631.81 851.71 14.58
642.83 849.74 14.58
653.84 851.26 14.58
664.67 849.71 14.58
684.23 849.17 14.58
696.42 849.70 14.58
733.55 847.74 14.58
744.88 846.34 14.58
755.83 846.75 14.58
765.22 846.03 14.58
775.58 844.80 14.58
787.63 847.10 14.58
796.63 844.66 14.58
809.13 844.90 14.58
819.93 844.49 14.58
829.64 844.07 14.58
839.05 843.09 14.58
868.66 842.75 14.58
877.46 842.59 14.58
889.20 843.36 14.58
900.07 841.87 14.58
910.71 841.79 14.58
921.82 840.59 14.58
931.39 841.79 14.58
518.89 878.60 14.58
529.81 876.18 14.58
540.39 877.39 14.58
566.97 875.39 14.58
579.60 874.90 14.58
588.00 873.87 14.58
599.61 873.84 14.58
610.69 873.95 14.58
635.95 873.28 14.58
648.86 873.48 14.58
658.39 872.27 14.58
669.84 871.78 14.58
680.49 871.38 14.58
691.32 871.53 14.58
702.76 870.05 14.58
712.50 869.97 14.58
739.84 869.24 14.58
788.15 868.15 14.58
798.37 866.90 14.58
808.89 866.77 14.58
819.84 866.28 14.58
830.59 867.15 14.58
858.02 864.65 14.58
868.14 863.39 14.58
880.01 864.48 14.58
890.40 864.60 14.58
901.05 863.89 14.58
911.65 862.83 14.58
921.28 863.14 14.58
520.04 899.75 14.58
530.95 898.89 14.58
540.52 899.56 14.58
551.60 896.34 14.58
562.65 895.63 14.58
584.15 895.65 14.58
595.20 895.66 14.58
606.55 895.28 14.58
631.98 895.75 14.58
643.36 894.59 14.58
655.12 893.72 14.58
665.48 893.45 14.58
676.19 893.29 14.58
686.37 893.83 14.58
697.81 892.72 14.58
707.70 893.67 14.58
719.17 891.83 14.58
729.04 892.53 14.58
740.32 891.28 14.58
768.01 891.39 14.58
778.26 891.12 14.58
805.46 889.87 14.58
815.95 890.27 14.58
841.56 888.10 14.58
852.02 888.08 14.58
863.19 886.42 14.58
874.66 886.35 14.58
884.86 886.64 14.58
912.56 886.64 14.58
922.09 885.02 14.58
934.53 886.27 14.58
959.93 884.15 14.58
972.32 882.60 14.58
983.04 882.77 14.58
1008.70 882.95 14.58
1018.53 881.25 14.58
1029.28 881.58 14.58
1039.92 880.76 14.58
1051.03 881.97 14.58
1061.79 879.59 14.58
522.04 921.15 14.58
531.62 919.80 14.58
541.01 919.32 14.58
574.60 920.15 14.58
586.65 919.24 14.58
595.84 918.90 14.58
607.63 916.50 14.58
633.82 916.84 14.58
644.82 917.48 14.58
666.49 916.61 14.58
678.50 916.46 14.58
687.18 914.61 14.58
697.81 914.67 14.58
709.11 914.02 14.58
734.97 912.74 14.58
745.87 912.73 14.58
757.09 912.45 14.58
784.88 910.59 14.58
794.54 911.89 14.58
805.40 910.59 14.58
815.26 911.53 14.58
826.34 909.28 14.58
838.31 910.49 14.58
848.31 909.15 14.58
859.11 910.34 14.58
885.68 909.02 14.58
897.57 908.36 14.58
907.92 908.00 14.58
934.50 905.85 14.58
945.14 905.91 14.58
955.06 905.75 14.58
965.80 906.29 14.58
994.49 904.64 14.58
1003.68 904.28 14.58
1014.50 903.51 14.58
1026.48 903.23 14.58
1036.37 902.40 14.58
1047.17 902.25 14.58
1057.05 902.68 14.58
1069.44 902.66 14.58
1079.77 901.89 14.58
1089.92 902.22 14.58
1100.50 901.89 14.58
520.81 942.47 14.58
533.22 942.90 14.58
543.69 941.24 14.58
570.38 941.93 14.58
581.62 940.05 14.58
592.46 941.92 14.58
601.76 939.02 14.58
611.79 939.56 14.58
640.27 938.76 14.58
649.59 937.98 14.58
660.18 938.92 14.58
671.64 938.56 14.58
682.73 937.28 14.58
692.54 937.38 14.58
703.99 937.43 14.58
714.37 936.87 14.58
726.82 936.20 14.58
753.13 934.74 14.58
762.65 935.07 14.58
773.72 933.52 14.58
786.10 933.42 14.58
794.72 933.53 14.58
807.05 931.71 14.58
817.76 932.26 14.58
827.85 932.09 14.58
839.88 932.27 14.58
848.64 931.66 14.58
859.98 931.63 14.58
886.30 931.10 14.58
897.53 930.07 14.58
909.08 928.57 14.58
918.54 930.41 14.58
945.45 927.74 14.58
955.39 927.96 14.58
967.15 927.95 14.58
978.50 927.62 14.58
1000.21 926.68 14.58
1010.00 926.28 14.58
1020.51 925.68 14.58
1031.39 925.49 14.58
1043.04 925.60 14.58
1054.45 925.80 14.58
1080.45 923.39 14.58
1091.75 924.58 14.58
1102.05 924.21 14.58
1112.44 924.58 14.58
1123.65 921.92 14.58
1133.91 922.12 14.58
1144.39 920.66 14.58
1155.60 920.48 14.58
522.95 964.66 14.58
532.42 965.04 14.58
542.62 963.51 14.58
553.99 964.25 14.58
565.39 964.29 14.58
575.26 962.49 14.58
587.06 962.22 14.58
612.88 961.23 14.58
624.08 961.86 14.58
636.35 960.09 14.58
645.41 960.18 14.58
655.61 960.55 14.58
667.23 958.77 14.58
678.00 958.85 14.58
704.99 958.43 14.58
715.68 958.86 14.58
741.62 958.62 14.58
753.83 958.47 14.58
765.51 955.83 14.58
773.70 954.40 14.58
786.14 956.55 14.58
796.23 954.83 14.58
806.88 955.50 14.58
818.26 955.18 14.58
828.90 954.53 14.58
840.04 954.70 14.58
867.19 952.13 14.58
877.66 952.62 14.58
888.31 952.70 14.58
897.34 951.94 14.58
524.39 986.30 14.58
532.90 986.57 14.58
543.91 986.34 14.58
555.33 986.12 14.58
565.85 985.08 14.58
577.16 985.13 14.58
587.12 985.95 14.58
614.75 982.93 14.58
624.13 981.81 14.58
635.67 982.67 14.58
645.88 983.13 14.58
656.93 981.47 14.58
669.87 982.05 14.58
677.96 981.31 14.58
689.37 981.28 14.58
701.20 980.95 14.58
712.33 980.32 14.58
722.07 981.05 14.58
733.38 980.88 14.58
760.57 978.72 14.58
769.55 978.36 14.58
780.02 978.80 14.58
791.79 978.39 14.58
802.01 977.56 14.58
811.48 977.56 14.58
839.76 976.32 14.58
862.04 975.35 14.58
872.08 975.49 14.58
883.07 975.33 14.58
893.87 974.83 14.58
904.11 973.37 14.58
914.04 972.59 14.58
927.09 971.75 14.58
952.47 972.46 14.58
963.64 971.18 14.58
974.49 971.46 14.58
985.15 970.98 14.58
994.54 970.77 14.58
1006.91 970.95 14.58
1017.23 970.97 14.58
1027.78 970.00 14.58
1038.34 970.30 14.58
1049.61 968.82 14.58
524.36 1008.66 14.58
535.17 1007.50 14.58
545.60 1007.88 14.58
573.25 1007.41 14.58
582.65 1007.30 14.58
592.02 1005.90 14.58
604.01 1005.85 14.58
613.90 1006.66 14.58
636.03 1005.35 14.58
647.65 1004.70 14.58
673.76 1002.69 14.58
683.90 1003.55 14.58
695.58 1004.30 14.58
707.31 1002.38 14.58
717.69 1002.18 14.58
728.37 1002.75 14.58
739.49 1001.43 14.58
765.98 1000.92 14.58
776.98 1000.66 14.58
786.27 1000.25 14.58
798.86 1000.14 14.58
808.40 1001.10 14.58
820.04 999.66 14.58
830.17 999.25 14.58
841.16 996.76 14.58
868.44 997.76 14.58
876.49 996.73 14.58
889.64 996.50 14.58
900.68 997.10 14.58
909.50 995.93 14.58
936.89 995.31 14.58
948.87 995.08 14.58
959.38 994.15 14.58
985.05 994.13 14.58
1005.99 991.77 14.58
1016.91 993.34 14.58
1028.98 992.05 14.58
1039.58 991.59 14.58
1049.35 991.68 14.58
1072.05 990.22 14.58
1082.55 990.09 14.58
524.87 1029.84 14.58
534.94 1030.16 14.58
547.75 1029.86 14.58
556.76 1030.14 14.58
584.02 1030.01 14.58
593.62 1029.73 14.58
605.06 1029.57 14.58
615.74 1026.55 14.58
627.14 1027.34 14.58
636.97 1026.27 14.58
664.42 1025.45 14.58
674.48 1025.75 14.58
685.71 1026.76 14.58
696.13 1024.82 14.58
709.10 1024.57 14.58
717.71 1024.34 14.58
728.40 1024.29 14.58
740.02 1024.14 14.58
750.90 1024.23 14.58
776.11 1023.33 14.58
789.33 1021.76 14.58
798.69 1022.02 14.58
809.96 1023.09 14.58
821.02 1020.93 14.58
831.06 1021.22 14.58
841.36 1019.61 14.58
867.01 1019.22 14.58
880.49 1019.31 14.58
888.93 1018.89 14.58
901.18 1016.53 14.58
911.36 1017.77 14.58
938.02 1016.38 14.58
948.59 1017.32 14.58
959.94 1016.05 14.58
968.41 1015.62 14.58
980.70 1015.04 14.58
991.53 1015.93 14.58
1002.56 1015.68 14.58
1012.20 1014.41 14.58
1022.62 1013.97 14.58
1034.06 1014.83 14.58
1045.86 1014.23 14.58
524.63 1053.95 14.58
536.00 1053.51 14.58
547.92 1052.79 14.58
557.79 1054.41 14.58
568.32 1050.93 14.58
578.77 1052.50 14.58
588.72 1050.48 14.58
616.01 1049.26 14.58
637.40 1048.90 14.58
647.89 1048.76 14.58
659.81 1050.17 14.58
670.41 1048.23 14.58
681.65 1048.40 14.58
691.38 1049.24 14.58
729.11 1046.82 14.58
740.33 1045.30 14.58
751.83 1046.05 14.58
761.51 1044.84 14.58
772.60 1045.29 14.58
781.91 1044.77 14.58
810.75 1042.99 14.58
821.21 1042.07 14.58
830.78 1042.93 14.58
842.68 1043.66 14.58
852.70 1041.47 14.58
862.95 1041.25 14.58
876.02 1041.86 14.58
885.93 1040.80 14.58
895.89 1041.15 14.58
906.24 1040.08 14.58
933.69 1039.57 14.58
944.06 1038.40 14.58
955.02 1038.27 14.58
965.76 1039.07 14.58
975.59 1039.53 14.58
1003.26 1036.49 14.58
1013.48 1036.32 14.58
1025.14 1036.75 14.58
1036.12 1035.89 14.58
1046.55 1035.42 14.58
1055.75 1035.07 14.58
1067.47 1034.07 14.58
1078.10 1034.57 14.58
1088.41 1033.60 14.58
527.89 1075.23 14.58
536.50 1075.00 14.58
546.79 1074.57 14.58
556.92 1073.79 14.58
585.17 1073.40 14.58
594.60 1072.45 14.58
607.31 1072.60 14.58
617.37 1072.30 14.58
643.93 1071.20 14.58
654.31 1071.09 14.58
665.77 1070.51 14.58
675.54 1070.36 14.58
686.71 1069.07 14.58
698.84 1070.96 14.58
710.04 1069.47 14.58
719.15 1068.64 14.58
730.38 1068.00 14.58
755.93 1066.76 14.58
766.54 1066.02 14.58
777.76 1067.61 14.58
788.95 1066.35 14.58
799.24 1066.44 14.58
822.68 1065.45 14.58
832.18 1065.16 14.58
859.19 1064.15 14.58
869.59 1063.45 14.58
880.56 1063.04 14.58
903.45 1062.27 14.58
913.13 1061.64 14.58
924.17 1062.29 14.58
934.50 1060.65 14.58
944.45 1062.30 14.58
971.84 1059.34 14.58
982.51 1058.94 14.58
993.80 1060.00 14.58
1004.04 1059.25 14.58
1016.07 1058.53 14.58
1024.86 1058.77 14.58
1046.57 1057.10 14.58
1074.09 1055.02 14.58
1083.22 1056.25 14.58
1095.55 1055.62 14.58
1107.24 1055.89 14.58
1116.71 1056.25 14.58
1128.75 1055.20 14.58
560.91 267.34 8.19
567.00 266.20 8.19
572.35 263.50 8.19
577.87 263.06 8.19
584.22 260.92 8.19
589.70 259.55 8.19
595.33 258.36 8.19
601.06 256.88 8.19
616.67 254.28 8.19
622.39 252.20 8.19
629.47 252.67 8.19
634.28 250.65 8.19
640.76 249.85 8.19
646.37 248.64 8.19
652.99 247.36 8.19
657.95 246.13 8.19
670.38 244.17 8.19
684.70 240.97 8.19
689.95 239.32 8.19
696.35 236.40 8.19
701.88 235.53 8.19
707.88 233.35 8.19
712.88 231.25 8.19
726.78 224.61 8.19
737.13 220.32 8.19
743.25 217.43 8.19
748.91 214.51 8.19
754.26 211.71 8.19
759.29 208.32 8.19
558.93 281.01 8.19
564.72 277.86 8.19
570.56 276.13 8.19
576.81 275.02 8.19
581.97 273.92 8.19
588.15 272.47 8.19
593.72 270.66 8.19
608.55 267.68 8.19
614.12 265.88 8.19
620.48 265.48 8.19
625.75 263.93 8.19
632.26 263.66 8.19
638.31 262.03 8.19
653.04 259.72 8.19
664.06 257.71 8.19
671.21 256.54 8.19
676.39 254.93 8.19
682.98 253.37 8.19
687.94 252.59 8.19
701.88 246.74 8.19
708.91 245.40 8.19
714.45 243.58 8.19
719.61 240.94 8.19
725.31 239.28 8.19
738.13 233.33 8.19
743.59 230.65 8.19
749.53 226.82 8.19
754.87 224.24 8.19
760.09 221.86 8.19
765.82 218.15 8.19
770.56 216.08 8.19
775.24 213.12 8.19
781.41 209.19 8.19
786.94 206.60 8.19
563.14 291.73 8.19
569.16 289.75 8.19
574.35 287.42 8.19
580.42 285.95 8.19
585.70 285.43 8.19
600.21 280.63 8.19
605.45 279.40 8.19
612.09 278.69 8.19
618.51 277.58 8.19
624.54 276.55 8.19
630.09 275.36 8.19
636.52 273.90 8.19
642.22 273.51 8.19
657.06 271.26 8.19
662.76 270.02 8.19
668.95 268.87 8.19
674.98 267.62 8.19
680.89 266.74 8.19
686.98 265.66 8.19
692.40 263.50 8.19
697.89 262.08 8.19
711.82 256.72 8.19
718.40 254.55 8.19
722.96 252.98 8.19
728.57 250.44 8.19
741.97 244.12 8.19
747.46 241.71 8.19
753.61 238.82 8.19
758.72 235.09 8.19
763.58 232.72 8.19
769.31 230.03 8.19
774.41 227.62 8.19
780.23 223.41 8.19
785.67 220.19 8.19
-295.27 398.09 10.73
-287.15 395.29 10.73
-280.79 391.41 10.73
-270.84 389.84 10.73
-263.41 387.57 10.73
-254.25 385.01 10.73
-235.78 377.75 10.73
-227.55 374.99 10.73
-218.58 371.90 10.73
-203.01 367.58 10.73
-195.45 364.60 10.73
-187.16 362.13 10.73
-178.77 360.82 10.73
-158.33 354.01 10.73
-151.43 349.51 10.73
-143.31 348.43 10.73
-134.64 345.39 10.73
-126.83 343.39 10.73
-118.87 340.45 10.73
-110.58 337.38 10.73
-103.09 334.92 10.73
-93.39 332.64 10.73
-86.09 329.20 10.73
-78.98 327.95 10.73
-57.79 320.10 10.73
-49.38 317.67 10.73
-42.41 315.49 10.73
-34.18 313.43 10.73
-25.49 310.59 10.73
-18.06 307.31 10.73
-10.11 304.74 10.73
9.77 298.35 10.73
17.80 295.19 10.73
26.22 292.77 10.73
33.82 290.33 10.73
41.84 287.66 10.73
50.42 285.26 10.73
58.78 283.96 10.73
78.49 275.90 10.73
86.29 273.72 10.73
93.82 272.10 10.73
103.76 268.13 10.73
111.20 266.23 10.73
131.83 258.64 10.73
139.54 256.78 10.73
147.13 254.09 10.73
154.17 250.22 10.73
163.45 248.39 10.73
171.69 246.19 10.73
-289.92 415.30 10.73
-282.12 412.19 10.73
-274.51 409.82 10.73
-266.35 407.32 10.73
-258.54 405.21 10.73
-237.11 398.15 10.73
-221.55 392.68 10.73
-214.18 390.16 10.73
-205.88 387.40 10.73
-197.92 385.38 10.73
-177.05 378.46 10.73
-169.86 375.60 10.73
-161.08 373.44 10.73
-153.61 370.13 10.73
-144.40 368.37 10.73
-137.96 366.45 10.73
-129.20 362.96 10.73
-120.22 360.87 10.73
-112.47 357.56 10.73
-106.02 354.18 10.73
-83.74 347.29 10.73
-76.71 345.23 10.73
-68.82 343.34 10.73
-60.33 340.36 10.73
-52.91 337.94 10.73
-45.07 335.91 10.73
-36.36 332.97 10.73
-28.60 330.10 10.73
-8.98 323.72 10.73
-0.43 322.04 10.73
7.94 317.92 10.73
15.07 315.60 10.73
23.46 313.22 10.73
32.23 309.92 10.73
40.88 307.13 10.73
47.48 306.47 10.73
56.61 302.45 10.73
64.27 300.30 10.73
71.92 296.86 10.73
92.07 289.63 10.73
102.02 288.46 10.73
108.05 285.46 10.73
116.91 283.27 10.73
124.49 280.79 10.73
140.89 275.40 10.73
160.37 268.92 10.73
168.74 266.49 10.73
176.89 263.45 10.73
184.04 260.96 10.73
192.40 258.33 10.73
201.24 255.86 10.73
209.22 252.82 10.73
217.79 250.63 10.73
225.11 248.22 10.73
