0.280588 0.357401 0.016266
0.291883 0.356986 0.016266
0.303665 0.359614 0.016266
0.314932 0.358738 0.016266
0.325938 0.359544 0.016266
0.336918 0.361863 0.016266
0.347765 0.361794 0.016266
0.375934 0.364010 0.016266
0.388779 0.364997 0.016266
0.399589 0.364427 0.016266
0.411292 0.364800 0.016266
0.422220 0.365887 0.016266
0.461638 0.368147 0.016266
0.472631 0.369051 0.016266
0.484385 0.370830 0.016266
0.512762 0.370675 0.016266
0.524663 0.372849 0.016266
0.536158 0.374345 0.016266
0.546688 0.375518 0.016266
0.558465 0.375637 0.016266
0.569511 0.377643 0.016266
0.580533 0.376775 0.016266
0.591470 0.378391 0.016266
0.603333 0.378240 0.016266
0.614709 0.379465 0.016266
0.625627 0.378346 0.016266
0.653130 0.382021 0.016266
0.667346 0.383510 0.016266
0.677127 0.384022 0.016266
0.689549 0.384548 0.016266
0.702091 0.385069 0.016266
0.712238 0.386817 0.016266
0.722428 0.386558 0.016266
0.734975 0.387895 0.016266
0.279057 0.378865 0.016266
0.289984 0.380556 0.016266
0.301702 0.380537 0.016266
0.324347 0.381658 0.016266
0.334278 0.381600 0.016266
0.346568 0.383534 0.016266
0.357826 0.384691 0.016266
0.385360 0.385118 0.016266
0.397479 0.388087 0.016266
0.408819 0.387286 0.016266
0.420694 0.388807 0.016266
0.431336 0.391135 0.016266
0.461000 0.392357 0.016266
0.472846 0.392565 0.016266
0.483177 0.391117 0.016266
0.493330 0.393506 0.016266
0.504965 0.395300 0.016266
0.516252 0.395013 0.016266
0.528095 0.397226 0.016266
0.539390 0.397399 0.016266
0.551282 0.398593 0.016266
0.563157 0.398655 0.016266
0.572713 0.399158 0.016266
0.613770 0.402060 0.016266
0.624655 0.402662 0.016266
0.635777 0.403586 0.016266
0.648565 0.403388 0.016266
0.659187 0.406484 0.016266
0.670284 0.405701 0.016266
0.682449 0.406175 0.016266
0.693131 0.406873 0.016266
0.703115 0.408290 0.016266
0.277644 0.402120 0.016266
0.287339 0.402611 0.016266
0.300793 0.404544 0.016266
0.310454 0.403384 0.016266
0.322194 0.404646 0.016266
0.334249 0.406222 0.016266
0.361657 0.406154 0.016266
0.372954 0.409813 0.016266
0.383324 0.409012 0.016266
0.395823 0.410135 0.016266
0.406673 0.409494 0.016266
0.417498 0.412492 0.016266
0.442844 0.412572 0.016266
0.452793 0.414728 0.016266
0.464822 0.413613 0.016266
0.274954 0.424373 0.016266
0.285744 0.423877 0.016266
0.295249 0.426780 0.016266
0.324831 0.428828 0.016266
0.336892 0.428642 0.016266
0.348917 0.429728 0.016266
0.359123 0.431325 0.016266
0.371445 0.432037 0.016266
0.379221 0.431957 0.016266
0.393526 0.432565 0.016266
0.405131 0.433613 0.016266
0.416579 0.433978 0.016266
0.428414 0.435654 0.016266
0.456318 0.436392 0.016266
0.468462 0.438010 0.016266
0.477963 0.438247 0.016266
0.489373 0.439009 0.016266
0.501039 0.439457 0.016266
0.512707 0.441199 0.016266
0.523351 0.440269 0.016266
0.535424 0.442893 0.016266
0.547070 0.443719 0.016266
0.558976 0.444910 0.016266
0.570914 0.447454 0.016266
0.597422 0.447236 0.016266
0.608785 0.448471 0.016266
0.619836 0.447403 0.016266
0.631910 0.449498 0.016266
0.642342 0.450989 0.016266
0.655858 0.450323 0.016266
0.667062 0.449672 0.016266
0.677978 0.451673 0.016266
0.689267 0.452374 0.016266
0.710861 0.456150 0.016266
0.271834 0.447288 0.016266
0.282663 0.448062 0.016266
0.294271 0.448950 0.016266
0.304591 0.449763 0.016266
0.317644 0.450432 0.016266
0.328733 0.450852 0.016266
0.340273 0.451797 0.016266
0.350106 0.453096 0.016266
0.361162 0.453426 0.016266
0.391654 0.455483 0.016266
0.402391 0.457217 0.016266
0.414365 0.457368 0.016266
0.424693 0.456449 0.016266
0.436171 0.459303 0.016266
0.448049 0.456431 0.016266
0.475238 0.461376 0.016266
0.488017 0.463033 0.016266
0.499225 0.461414 0.016266
0.508940 0.463607 0.016266
0.521276 0.463923 0.016266
0.533947 0.465296 0.016266
0.544248 0.466731 0.016266
0.555105 0.468793 0.016266
0.566045 0.466948 0.016266
0.595303 0.468968 0.016266
0.606390 0.469282 0.016266
0.618013 0.471676 0.016266
0.629724 0.472413 0.016266
0.640199 0.473863 0.016266
0.652289 0.474570 0.016266
0.664176 0.474163 0.016266
0.674689 0.475627 0.016266
0.685125 0.474804 0.016266
0.269417 0.469420 0.016266
0.279751 0.469924 0.016266
0.291503 0.469119 0.016266
0.302299 0.473261 0.016266
0.314785 0.472517 0.016266
0.326284 0.472032 0.016266
0.337292 0.475430 0.016266
0.348602 0.473732 0.016266
0.359499 0.476976 0.016266
0.398923 0.478306 0.016266
0.411320 0.480588 0.016266
0.422130 0.479465 0.016266
0.463616 0.483319 0.016266
0.473374 0.484060 0.016266
0.484222 0.485229 0.016266
0.496447 0.485113 0.016266
0.524437 0.487017 0.016266
0.535799 0.488488 0.016266
0.547497 0.489251 0.016266
0.558384 0.490574 0.016266
0.569203 0.492535 0.016266
0.581861 0.490476 0.016266
0.609503 0.492750 0.016266
0.620723 0.492898 0.016266
0.632715 0.494274 0.016266
0.643249 0.495946 0.016266
0.654882 0.495898 0.016266
0.664916 0.497469 0.016266
0.677806 0.497644 0.016266
0.688321 0.498808 0.016266
0.266536 0.491171 0.016266
0.277072 0.491753 0.016266
0.290604 0.493192 0.016266
0.301494 0.495532 0.016266
0.312551 0.495278 0.016266
0.323991 0.495978 0.016266
0.335967 0.498679 0.016266
0.347731 0.496215 0.016266
0.357613 0.498658 0.016266
0.385709 0.499187 0.016266
0.398637 0.501832 0.016266
0.408794 0.501789 0.016266
0.421355 0.503569 0.016266
0.432550 0.503390 0.016266
0.443064 0.504924 0.016266
0.454017 0.505280 0.016266
0.465315 0.506469 0.016266
0.476131 0.507362 0.016266
0.505260 0.508375 0.016266
0.517181 0.510228 0.016266
0.544811 0.511139 0.016266
0.557082 0.512840 0.016266
0.566139 0.513026 0.016266
0.579366 0.513797 0.016266
0.590830 0.513397 0.016266
0.600007 0.514714 0.016266
0.624176 0.515623 0.016266
0.265041 0.514201 0.016266
0.277333 0.516205 0.016266
0.287971 0.517962 0.016266
0.300453 0.517024 0.016266
0.310700 0.518060 0.016266
0.322277 0.520074 0.016266
0.334603 0.519936 0.016266
0.345709 0.521351 0.016266
0.356634 0.521768 0.016266
0.368362 0.522653 0.016266
0.395391 0.523938 0.016266
0.407546 0.525128 0.016266
0.418314 0.524625 0.016266
0.430807 0.525347 0.016266
0.441581 0.527081 0.016266
0.452989 0.528346 0.016266
0.492586 0.530211 0.016266
0.504736 0.531393 0.016266
0.514913 0.532883 0.016266
0.526238 0.532965 0.016266
0.538312 0.533549 0.016266
0.549163 0.536078 0.016266
0.560782 0.535342 0.016266
0.599583 0.539444 0.016266
0.611605 0.540490 0.016266
0.622761 0.539853 0.016266
0.635603 0.540574 0.016266
0.646199 0.542464 0.016266
0.657043 0.541300 0.016266
0.667689 0.543544 0.016266
0.264606 0.537463 0.016266
0.275340 0.538531 0.016266
0.288098 0.538797 0.016266
0.300584 0.541041 0.016266
0.309317 0.539559 0.016266
0.321202 0.543111 0.016266
0.333883 0.544034 0.016266
0.344629 0.543287 0.016266
0.355080 0.544470 0.016266
0.367183 0.544835 0.016266
0.379820 0.545802 0.016266
0.390985 0.545387 0.016266
0.417899 0.547981 0.016266
0.429781 0.549285 0.016266
0.442078 0.550806 0.016266
0.452391 0.551445 0.016266
0.462354 0.551142 0.016266
0.475341 0.553455 0.016266
0.503741 0.555121 0.016266
0.514660 0.554842 0.016266
0.526163 0.556742 0.016266
0.537235 0.555979 0.016266
0.549739 0.558045 0.016266
0.560984 0.559120 0.016266
0.573163 0.560257 0.016266
0.582459 0.560378 0.016266
0.611742 0.561977 0.016266
0.621944 0.561499 0.016266
0.635551 0.563951 0.016266
0.265210 0.561985 0.016266
0.276381 0.560576 0.016266
0.288056 0.562232 0.016266
0.299024 0.563527 0.016266
0.310970 0.563999 0.016266
0.321795 0.566404 0.016266
0.334035 0.566253 0.016266
0.344620 0.565491 0.016266
0.356682 0.567266 0.016266
0.366821 0.567656 0.016266
0.377900 0.569486 0.016266
0.390418 0.569643 0.016266
0.401250 0.569693 0.016266
0.411117 0.569783 0.016266
0.440375 0.573861 0.016266
0.450893 0.574794 0.016266
0.464062 0.574006 0.016266
0.474478 0.576884 0.016266
0.487412 0.576142 0.016266
0.497855 0.576439 0.016266
0.509205 0.577205 0.016266
0.520415 0.580009 0.016266
0.531741 0.578467 0.016266
0.542194 0.580152 0.016266
0.553975 0.581068 0.016266
0.564718 0.582177 0.016266
0.576463 0.582469 0.016266
0.605358 0.584311 0.016266
0.617755 0.586399 0.016266
0.627869 0.585399 0.016266
0.639004 0.587456 0.016266
0.650337 0.588234 0.016266
0.662729 0.587985 0.016266
0.686223 0.590323 0.016266
0.694930 0.591965 0.016266
0.708434 0.591258 0.016266
0.264735 0.583136 0.016266
0.276191 0.583814 0.016266
0.304926 0.586030 0.016266
0.317181 0.587625 0.016266
0.328313 0.588509 0.016266
0.339706 0.590112 0.016266
0.351373 0.591527 0.016266
0.362617 0.589869 0.016266
0.373717 0.591765 0.016266
0.385815 0.591239 0.016266
0.411842 0.594484 0.016266
0.424334 0.594830 0.016266
0.436918 0.595269 0.016266
0.447132 0.596373 0.016266
0.475032 0.596923 0.016266
0.486078 0.597983 0.016266
0.496684 0.599441 0.016266
0.509276 0.601574 0.016266
0.538455 0.604092 0.016266
0.549266 0.602908 0.016266
0.560274 0.603816 0.016266
0.571493 0.605466 0.016266
0.583300 0.606577 0.016266
0.594700 0.605848 0.016266
0.605434 0.606840 0.016266
0.633624 0.610587 0.016266
0.644385 0.610320 0.016266
0.656251 0.610824 0.016266
0.668703 0.612530 0.016266
0.679536 0.613071 0.016266
0.265857 0.606784 0.016266
0.276118 0.607919 0.016266
0.288623 0.609286 0.016266
0.300755 0.609235 0.016266
0.309984 0.611052 0.016266
0.321482 0.610682 0.016266
0.333371 0.610883 0.016266
0.345447 0.612273 0.016266
0.356618 0.612186 0.016266
0.367481 0.612979 0.016266
0.378815 0.614297 0.016266
0.406100 0.616558 0.016266
0.419539 0.617353 0.016266
0.429392 0.617103 0.016266
0.440735 0.619939 0.016266
0.452680 0.618162 0.016266
0.464357 0.620457 0.016266
0.475115 0.620258 0.016266
0.486032 0.622734 0.016266
0.498312 0.623093 0.016266
0.527069 0.623672 0.016266
0.538254 0.626299 0.016266
0.549198 0.626040 0.016266
0.559449 0.627511 0.016266
0.572060 0.627079 0.016266
0.583034 0.628719 0.016266
0.594219 0.629373 0.016266
0.604725 0.631201 0.016266
0.617325 0.630082 0.016266
0.626922 0.632484 0.016266
0.640413 0.632755 0.016266
0.651981 0.634089 0.016266
0.662855 0.633937 0.016266
0.673773 0.635246 0.016266
0.265432 0.628848 0.016266
0.276315 0.629699 0.016266
0.287345 0.629860 0.016266
0.299010 0.631792 0.016266
0.322877 0.632153 0.016266
0.333058 0.634644 0.016266
0.344984 0.634192 0.016266
0.372805 0.637725 0.016266
0.384612 0.638431 0.016266
0.396180 0.637955 0.016266
0.405999 0.638381 0.016266
0.418041 0.639364 0.016266
0.430536 0.641634 0.016266
0.442788 0.641072 0.016266
0.467907 0.643499 0.016266
0.480446 0.643437 0.016266
0.492605 0.643976 0.016266
0.504198 0.646359 0.016266
0.514701 0.646643 0.016266
0.525478 0.648056 0.016266
0.537814 0.648516 0.016266
0.565683 0.649027 0.016266
0.576482 0.650737 0.016266
0.589811 0.651324 0.016266
0.599699 0.652103 0.016266
0.611086 0.653388 0.016266
0.621888 0.655032 0.016266
0.644656 0.657027 0.016266
0.451853 0.810542 0.014578
0.461281 0.810337 0.014578
0.470693 0.809542 0.014578
0.480638 0.810169 0.014578
0.490648 0.808737 0.014578
0.499300 0.807450 0.014578
0.508805 0.807412 0.014578
0.517080 0.808397 0.014578
0.541719 0.807819 0.014578
0.559578 0.806682 0.014578
0.568764 0.806424 0.014578
0.580373 0.805797 0.014578
0.587839 0.805246 0.014578
0.596624 0.806132 0.014578
0.607097 0.803905 0.014578
0.453688 0.832507 0.014578
0.462254 0.833213 0.014578
0.472672 0.833080 0.014578
0.479673 0.831444 0.014578
0.490485 0.830895 0.014578
0.500739 0.832047 0.014578
0.508437 0.830442 0.014578
0.517870 0.830053 0.014578
0.541117 0.828412 0.014578
0.550607 0.828114 0.014578
0.560248 0.828119 0.014578
0.570423 0.827439 0.014578
0.579158 0.827425 0.014578
0.589301 0.827317 0.014578
0.598825 0.826221 0.014578
0.607529 0.826304 0.014578
0.630942 0.824861 0.014578
0.639497 0.824913 0.014578
0.649540 0.824802 0.014578
0.673888 0.824422 0.014578
0.682765 0.824632 0.014578
0.691874 0.823009 0.014578
0.702403 0.824394 0.014578
0.710437 0.822658 0.014578
0.720936 0.822277 0.014578
0.730060 0.822550 0.014578
0.738707 0.821952 0.014578
0.748417 0.820383 0.014578
0.772195 0.820552 0.014578
0.781588 0.820333 0.014578
0.789798 0.819092 0.014578
0.799470 0.820102 0.014578
0.810500 0.817285 0.014578
0.819883 0.818567 0.014578
0.828932 0.818523 0.014578
0.851056 0.817011 0.014578
0.861235 0.815474 0.014578
0.869999 0.815108 0.014578
0.879563 0.817067 0.014578
0.888582 0.816357 0.014578
0.900559 0.816441 0.014578
0.908209 0.815711 0.014578
0.941103 0.813927 0.014578
0.950283 0.813403 0.014578
0.959221 0.813314 0.014578
0.983996 0.812918 0.014578
0.992449 0.811513 0.014578
1.003128 0.811290 0.014578
1.010573 0.811857 0.014578
1.020929 0.811820 0.014578
1.030351 0.810342 0.014578
1.040527 0.808841 0.014578
1.048588 0.809003 0.014578
1.056993 0.809962 0.014578
1.067428 0.809582 0.014578
1.077416 0.808977 0.014578
0.453779 0.855910 0.014578
0.462098 0.853258 0.014578
0.472055 0.854666 0.014578
0.481910 0.854542 0.014578
0.489241 0.854288 0.014578
0.500401 0.851816 0.014578
0.510077 0.852692 0.014578
0.519268 0.852941 0.014578
0.542736 0.850981 0.014578
0.552313 0.851710 0.014578
0.561944 0.849745 0.014578
0.571572 0.851257 0.014578
0.581035 0.849706 0.014578
0.598132 0.849168 0.014578
0.608793 0.849700 0.014578
0.641252 0.847741 0.014578
0.651154 0.846344 0.014578
0.660723 0.846753 0.014578
0.668937 0.846027 0.014578
0.677987 0.844798 0.014578
0.688528 0.847105 0.014578
0.696395 0.844662 0.014578
0.707315 0.844899 0.014578
0.716758 0.844493 0.014578
0.725246 0.844074 0.014578
0.733470 0.843086 0.014578
0.759354 0.842746 0.014578
0.767050 0.842591 0.014578
0.777318 0.843365 0.014578
0.786812 0.841868 0.014578
0.796113 0.841787 0.014578
0.805833 0.840591 0.014578
0.814197 0.841795 0.014578
0.453596 0.878601 0.014578
0.463145 0.876183 0.014578
0.472391 0.877394 0.014578
0.495632 0.875388 0.014578
0.506674 0.874895 0.014578
0.514016 0.873869 0.014578
0.524163 0.873837 0.014578
0.533847 0.873947 0.014578
0.555926 0.873275 0.014578
0.567214 0.873478 0.014578
0.575546 0.872270 0.014578
0.585557 0.871780 0.014578
0.594863 0.871384 0.014578
0.604332 0.871531 0.014578
0.614334 0.870052 0.014578
0.622846 0.869966 0.014578
0.646745 0.869236 0.014578
0.688980 0.868154 0.014578
0.697913 0.866896 0.014578
0.707106 0.866772 0.014578
0.716678 0.866284 0.014578
0.726079 0.867146 0.014578
0.750053 0.864648 0.014578
0.758903 0.863392 0.014578
0.769278 0.864477 0.014578
0.778364 0.864601 0.014578
0.787668 0.863888 0.014578
0.796937 0.862834 0.014578
0.805354 0.863135 0.014578
0.454604 0.899750 0.014578
0.464144 0.898893 0.014578
0.472508 0.899564 0.014578
0.482195 0.896335 0.014578
0.491857 0.895631 0.014578
0.510644 0.895647 0.014578
0.520305 0.895660 0.014578
0.530231 0.895282 0.014578
0.552457 0.895747 0.014578
0.562407 0.894587 0.014578
0.572691 0.893720 0.014578
0.581742 0.893449 0.014578
0.591104 0.893289 0.014578
0.600001 0.893828 0.014578
0.610002 0.892722 0.014578
0.618655 0.893674 0.014578
0.628679 0.891834 0.014578
0.637310 0.892533 0.014578
0.647166 0.891284 0.014578
0.671368 0.891385 0.014578
0.680335 0.891122 0.014578
0.704114 0.889867 0.014578
0.713281 0.890272 0.014578
0.735667 0.888102 0.014578
0.744816 0.888076 0.014578
0.754575 0.886417 0.014578
0.764600 0.886347 0.014578
0.773521 0.886638 0.014578
0.797737 0.886642 0.014578
0.806065 0.885021 0.014578
0.816937 0.886271 0.014578
0.839146 0.884150 0.014578
0.849975 0.882598 0.014578
0.859350 0.882771 0.014578
0.881775 0.882950 0.014578
0.890369 0.881250 0.014578
0.899772 0.881584 0.014578
0.909073 0.880760 0.014578
0.918780 0.881968 0.014578
0.928187 0.879587 0.014578
0.456353 0.921154 0.014578
0.464728 0.919795 0.014578
0.472932 0.919324 0.014578
0.502303 0.920154 0.014578
0.512832 0.919237 0.014578
0.520865 0.918902 0.014578
0.531170 0.916501 0.014578
0.554067 0.916843 0.014578
0.563687 0.917477 0.014578
0.582623 0.916609 0.014578
0.593129 0.916455 0.014578
0.600713 0.914608 0.014578
0.610008 0.914671 0.014578
0.619883 0.914020 0.014578
0.642488 0.912738 0.014578
0.652022 0.912732 0.014578
0.661828 0.912455 0.014578
0.686118 0.910590 0.014578
0.694564 0.911888 0.014578
0.704061 0.910588 0.014578
0.712679 0.911527 0.014578
0.722361 0.909284 0.014578
0.732828 0.910494 0.014578
0.741571 0.909153 0.014578
0.751010 0.910342 0.014578
0.774233 0.909025 0.014578
0.784626 0.908357 0.014578
0.793681 0.908002 0.014578
0.816914 0.905847 0.014578
0.826217 0.905905 0.014578
0.834887 0.905752 0.014578
0.844272 0.906287 0.014578
0.869353 0.904639 0.014578
0.877386 0.904280 0.014578
0.886852 0.903506 0.014578
0.897317 0.903227 0.014578
0.905968 0.902404 0.014578
0.915405 0.902248 0.014578
0.924048 0.902677 0.014578
0.934876 0.902659 0.014578
0.943906 0.901893 0.014578
0.952780 0.902221 0.014578
0.962028 0.901895 0.014578
0.455277 0.942473 0.014578
0.466125 0.942901 0.014578
0.475281 0.941241 0.014578
0.498609 0.941934 0.014578
0.508435 0.940048 0.014578
0.517914 0.941922 0.014578
0.526039 0.939018 0.014578
0.534809 0.939559 0.014578
0.559703 0.938755 0.014578
0.567857 0.937979 0.014578
0.577110 0.938922 0.014578
0.587130 0.938565 0.014578
0.596826 0.937281 0.014578
0.605399 0.937383 0.014578
0.615409 0.937434 0.014578
0.624479 0.936874 0.014578
0.635363 0.936202 0.014578
0.658365 0.934737 0.014578
0.666688 0.935066 0.014578
0.676362 0.933518 0.014578
0.687184 0.933420 0.014578
0.694720 0.933529 0.014578
0.705501 0.931708 0.014578
0.714867 0.932261 0.014578
0.723687 0.932091 0.014578
0.734196 0.932268 0.014578
0.741859 0.931661 0.014578
0.751769 0.931627 0.014578
0.774775 0.931097 0.014578
0.784595 0.930067 0.014578
0.794694 0.928568 0.014578
0.802959 0.930414 0.014578
0.826483 0.927738 0.014578
0.835172 0.927959 0.014578
0.845459 0.927947 0.014578
0.855374 0.927624 0.014578
0.874356 0.926677 0.014578
0.882911 0.926284 0.014578
0.892105 0.925677 0.014578
0.901610 0.925487 0.014578
0.911793 0.925599 0.014578
0.921769 0.925800 0.014578
0.944498 0.923394 0.014578
0.954374 0.924575 0.014578
0.963384 0.924214 0.014578
0.972465 0.924583 0.014578
0.982260 0.921918 0.014578
0.991236 0.922116 0.014578
1.000392 0.920664 0.014578
1.010195 0.920482 0.014578
0.457148 0.964655 0.014578
0.465423 0.965040 0.014578
0.474340 0.963514 0.014578
0.484283 0.964251 0.014578
0.494252 0.964290 0.014578
0.502873 0.962492 0.014578
0.513190 0.962221 0.014578
0.535762 0.961232 0.014578
0.545551 0.961857 0.014578
0.556282 0.960092 0.014578
0.564199 0.960176 0.014578
0.573113 0.960554 0.014578
0.583272 0.958768 0.014578
0.592688 0.958847 0.014578
0.616283 0.958427 0.014578
0.625628 0.958862 0.014578
0.648306 0.958623 0.014578
0.658973 0.958472 0.014578
0.669188 0.955826 0.014578
0.676348 0.954400 0.014578
0.687218 0.956546 0.014578
0.696046 0.954831 0.014578
0.705349 0.955500 0.014578
0.715298 0.955179 0.014578
0.724605 0.954529 0.014578
0.734343 0.954704 0.014578
0.758077 0.952133 0.014578
0.767228 0.952622 0.014578
0.776540 0.952697 0.014578
0.784429 0.951942 0.014578
0.458411 0.986299 0.014578
0.465843 0.986572 0.014578
0.475469 0.986340 0.014578
0.485454 0.986120 0.014578
0.494648 0.985081 0.014578
0.504541 0.985128 0.014578
0.513242 0.985952 0.014578
0.537398 0.982933 0.014578
0.545598 0.981815 0.014578
0.555686 0.982667 0.014578
0.564611 0.983129 0.014578
0.574269 0.981465 0.014578
0.585583 0.982046 0.014578
0.592650 0.981311 0.014578
0.602632 0.981285 0.014578
0.612965 0.980955 0.014578
0.622701 0.980320 0.014578
0.631215 0.981052 0.014578
0.641102 0.980880 0.014578
0.664866 0.978724 0.014578
0.672717 0.978358 0.014578
0.681874 0.978799 0.014578
0.692164 0.978392 0.014578
0.701093 0.977559 0.014578
0.709371 0.977555 0.014578
0.734094 0.976319 0.014578
0.753569 0.975347 0.014578
0.762350 0.975493 0.014578
0.771954 0.975328 0.014578
0.781399 0.974835 0.014578
0.790349 0.973367 0.014578
0.799026 0.972592 0.014578
0.810437 0.971755 0.014578
0.832618 0.972457 0.014578
0.842386 0.971181 0.014578
0.851875 0.971458 0.014578
0.861191 0.970982 0.014578
0.869397 0.970774 0.014578
0.880216 0.970955 0.014578
0.889231 0.970973 0.014578
0.898455 0.970002 0.014578
0.907690 0.970301 0.014578
0.917540 0.968816 0.014578
0.458381 1.008659 0.014578
0.467835 1.007499 0.014578
0.476946 1.007880 0.014578
0.501117 1.007407 0.014578
0.509333 1.007295 0.014578
0.517527 1.005904 0.014578
0.528011 1.005853 0.014578
0.536656 1.006664 0.014578
0.556000 1.005347 0.014578
0.566154 1.004703 0.014578
0.588986 1.002694 0.014578
0.597842 1.003547 0.014578
0.608056 1.004304 0.014578
0.618308 1.002376 0.014578
0.627388 1.002178 0.014578
0.636721 1.002752 0.014578
0.646441 1.001429 0.014578
0.669595 1.000917 0.014578
0.679212 1.000659 0.014578
0.687331 1.000246 0.014578
0.698345 1.000142 0.014578
0.706681 1.001101 0.014578
0.716854 0.999658 0.014578
0.725708 0.999252 0.014578
0.735320 0.996756 0.014578
0.759164 0.997762 0.014578
0.766203 0.996732 0.014578
0.777699 0.996503 0.014578
0.787351 0.997099 0.014578
0.795060 0.995930 0.014578
0.819004 0.995315 0.014578
0.829474 0.995077 0.014578
0.838662 0.994153 0.014578
0.861099 0.994129 0.014578
0.879411 0.991773 0.014578
0.888957 0.993340 0.014578
0.899503 0.992050 0.014578
0.908772 0.991592 0.014578
0.917316 0.991677 0.014578
0.937159 0.990224 0.014578
0.946336 0.990088 0.014578
0.458829 1.029837 0.014578
0.467629 1.030164 0.014578
0.478825 1.029862 0.014578
0.486704 1.030135 0.014578
0.510535 1.030009 0.014578
0.518925 1.029730 0.014578
0.528923 1.029570 0.014578
0.538267 1.026554 0.014578
0.548232 1.027338 0.014578
0.556821 1.026269 0.014578
0.580816 1.025452 0.014578
0.589611 1.025753 0.014578
0.599429 1.026758 0.014578
0.608540 1.024823 0.014578
0.619877 1.024572 0.014578
0.627400 1.024335 0.014578
0.636747 1.024291 0.014578
0.646908 1.024136 0.014578
0.656413 1.024235 0.014578
0.678452 1.023331 0.014578
0.690009 1.021759 0.014578
0.698193 1.022017 0.014578
0.708043 1.023093 0.014578
0.717714 1.020926 0.014578
0.726492 1.021219 0.014578
0.735497 1.019613 0.014578
0.757918 1.019218 0.014578
0.769696 1.019306 0.014578
0.777079 1.018888 0.014578
0.787783 1.016531 0.014578
0.796684 1.017772 0.014578
0.819992 1.016383 0.014578
0.829228 1.017321 0.014578
0.839153 1.016051 0.014578
0.846556 1.015621 0.014578
0.857298 1.015035 0.014578
0.866771 1.015926 0.014578
0.876406 1.015679 0.014578
0.884833 1.014409 0.014578
0.893948 1.013967 0.014578
0.903945 1.014826 0.014578
0.914258 1.014232 0.014578
0.458617 1.053954 0.014578
0.468558 1.053509 0.014578
0.478975 1.052793 0.014578
0.487604 1.054413 0.014578
0.496807 1.050928 0.014578
0.505945 1.052501 0.014578
0.514641 1.050484 0.014578
0.538495 1.049264 0.014578
0.557198 1.048902 0.014578
0.566370 1.048762 0.014578
0.576788 1.050170 0.014578
0.586057 1.048229 0.014578
0.595875 1.048396 0.014578
0.604384 1.049238 0.014578
0.637366 1.046816 0.014578
0.647175 1.045304 0.014578
0.657229 1.046047 0.014578
0.665691 1.044844 0.014578
0.675386 1.045292 0.014578
0.683525 1.044769 0.014578
0.708739 1.042990 0.014578
0.717882 1.042069 0.014578
0.726243 1.042933 0.014578
0.736644 1.043663 0.014578
0.745406 1.041468 0.014578
0.754370 1.041251 0.014578
0.765791 1.041862 0.014578
0.774456 1.040801 0.014578
0.783158 1.041148 0.014578
0.792207 1.040075 0.014578
0.816203 1.039567 0.014578
0.825274 1.038404 0.014578
0.834854 1.038269 0.014578
0.844243 1.039074 0.014578
0.852830 1.039526 0.014578
0.877020 1.036486 0.014578
0.885952 1.036323 0.014578
0.896151 1.036747 0.014578
0.905743 1.035892 0.014578
0.914868 1.035417 0.014578
0.922905 1.035071 0.014578
0.933149 1.034074 0.014578
0.942444 1.034571 0.014578
0.951457 1.033605 0.014578
0.461463 1.075233 0.014578
0.468995 1.075000 0.014578
0.477986 1.074572 0.014578
0.486848 1.073794 0.014578
0.511538 1.073399 0.014578
0.519786 1.072453 0.014578
0.530894 1.072599 0.014578
0.539687 1.072300 0.014578
0.562907 1.071195 0.014578
0.571976 1.071086 0.014578
0.582002 1.070511 0.014578
0.590534 1.070359 0.014578
0.600300 1.069069 0.014578
0.610904 1.070960 0.014578
0.620693 1.069473 0.014578
0.628663 1.068639 0.014578
0.638475 1.068004 0.014578
0.660813 1.066756 0.014578
0.670086 1.066017 0.014578
0.679895 1.067606 0.014578
0.689682 1.066351 0.014578
0.698676 1.066442 0.014578
0.719161 1.065453 0.014578
0.727466 1.065157 0.014578
0.751080 1.064149 0.014578
0.760167 1.063450 0.014578
0.769761 1.063044 0.014578
0.789774 1.062270 0.014578
0.798232 1.061638 0.014578
0.807885 1.062287 0.014578
0.816912 1.060654 0.014578
0.825616 1.062296 0.014578
0.849558 1.059340 0.014578
0.858887 1.058944 0.014578
0.868749 1.059999 0.014578
0.877703 1.059248 0.014578
0.888217 1.058528 0.014578
0.895907 1.058767 0.014578
0.914883 1.057098 0.014578
0.938943 1.055016 0.014578
0.946922 1.056252 0.014578
0.957701 1.055624 0.014578
0.967921 1.055894 0.014578
0.976196 1.056248 0.014578
0.986724 1.055203 0.014578
0.490333 0.267341 0.008193
0.495659 0.266200 0.008193
0.500335 0.263503 0.008193
0.505156 0.263061 0.008193
0.510710 0.260923 0.008193
0.515498 0.259551 0.008193
0.520422 0.258363 0.008193
0.525430 0.256881 0.008193
0.539080 0.254282 0.008193
0.544076 0.252204 0.008193
0.550267 0.252673 0.008193
0.554473 0.250647 0.008193
0.560136 0.249852 0.008193
0.565039 0.248636 0.008193
0.570823 0.247364 0.008193
0.575159 0.246126 0.008193
0.586027 0.244170 0.008193
0.598547 0.240968 0.008193
0.603135 0.239319 0.008193
0.608730 0.236402 0.008193
0.613568 0.235526 0.008193
0.618805 0.233346 0.008193
0.623183 0.231251 0.008193
0.635333 0.224612 0.008193
0.644378 0.220321 0.008193
0.649727 0.217427 0.008193
0.654674 0.214512 0.008193
0.659355 0.211706 0.008193
0.663751 0.208318 0.008193
0.488598 0.281011 0.008193
0.493660 0.277862 0.008193
0.498769 0.276130 0.008193
0.504233 0.275017 0.008193
0.508740 0.273918 0.008193
0.514140 0.272474 0.008193
0.519015 0.270658 0.008193
0.531980 0.267676 0.008193
0.536843 0.265878 0.008193
0.542408 0.265483 0.008193
0.547012 0.263925 0.008193
0.552702 0.263665 0.008193
0.557990 0.262035 0.008193
0.570865 0.259718 0.008193
0.580505 0.257709 0.008193
0.586749 0.256542 0.008193
0.591277 0.254929 0.008193
0.597039 0.253375 0.008193
0.601378 0.252586 0.008193
0.613560 0.246738 0.008193
0.619707 0.245396 0.008193
0.624551 0.243584 0.008193
0.629064 0.240943 0.008193
0.634048 0.239279 0.008193
0.645254 0.233333 0.008193
0.650030 0.230646 0.008193
0.655222 0.226820 0.008193
0.659884 0.224240 0.008193
0.664448 0.221863 0.008193
0.669457 0.218150 0.008193
0.673604 0.216078 0.008193
0.677697 0.213117 0.008193
0.683083 0.209187 0.008193
0.687918 0.206602 0.008193
0.492284 0.291730 0.008193
0.497539 0.289749 0.008193
0.502084 0.287421 0.008193
0.507383 0.285953 0.008193
0.511999 0.285430 0.008193
0.524687 0.280630 0.008193
0.529264 0.279398 0.008193
0.535072 0.278687 0.008193
0.540681 0.277584 0.008193
0.545958 0.276555 0.008193
0.550810 0.275360 0.008193
0.556430 0.273901 0.008193
0.561414 0.273509 0.008193
0.574382 0.271259 0.008193
0.579369 0.270025 0.008193
0.584774 0.268873 0.008193
0.590051 0.267618 0.008193
0.595218 0.266744 0.008193
0.600541 0.265660 0.008193
0.605274 0.263499 0.008193
0.610079 0.262082 0.008193
0.622252 0.256717 0.008193
0.628006 0.254545 0.008193
0.631988 0.252984 0.008193
0.636896 0.250436 0.008193
0.648608 0.244118 0.008193
0.653409 0.241712 0.008193
0.658789 0.238816 0.008193
0.663250 0.235093 0.008193
0.667503 0.232717 0.008193
0.672508 0.230028 0.008193
0.676966 0.227616 0.008193
0.682056 0.223406 0.008193
0.686810 0.220192 0.008193
-0.258118 0.398087 0.010730
-0.251015 0.395287 0.010730
-0.245459 0.391413 0.010730
-0.236763 0.389839 0.010730
-0.230270 0.387573 0.010730
-0.222261 0.385006 0.010730
-0.206110 0.377748 0.010730
-0.198919 0.374992 0.010730
-0.191075 0.371898 0.010730
-0.177469 0.367580 0.010730
-0.170860 0.364602 0.010730
-0.163609 0.362130 0.010730
-0.156274 0.360818 0.010730
-0.138407 0.354007 0.010730
-0.132372 0.349512 0.010730
-0.125278 0.348432 0.010730
-0.117702 0.345390 0.010730
-0.110872 0.343391 0.010730
-0.103916 0.340453 0.010730
-0.096668 0.337381 0.010730
-0.090122 0.334918 0.010730
-0.081636 0.332636 0.010730
-0.075257 0.329197 0.010730
-0.069046 0.327954 0.010730
-0.050516 0.320095 0.010730
-0.043164 0.317667 0.010730
-0.037073 0.315493 0.010730
-0.029882 0.313433 0.010730
-0.022286 0.310592 0.010730
-0.015787 0.307308 0.010730
-0.008835 0.304745 0.010730
0.008544 0.298354 0.010730
0.015559 0.295188 0.010730
0.022917 0.292769 0.010730
0.029565 0.290334 0.010730
0.036573 0.287657 0.010730
0.044079 0.285256 0.010730
0.051388 0.283958 0.010730
0.068618 0.275904 0.010730
0.075429 0.273716 0.010730
0.082018 0.272104 0.010730
0.090705 0.268132 0.010730
0.097204 0.266233 0.010730
0.115243 0.258639 0.010730
0.121983 0.256780 0.010730
0.128620 0.254091 0.010730
0.134770 0.250221 0.010730
0.142885 0.248392 0.010730
0.150083 0.246194 0.010730
-0.253437 0.415302 0.010730
-0.246618 0.412188 0.010730
-0.239966 0.409822 0.010730
-0.232838 0.407319 0.010730
-0.226005 0.405214 0.010730
-0.207275 0.398153 0.010730
-0.193675 0.392675 0.010730
-0.187234 0.390158 0.010730
-0.179971 0.387396 0.010730
-0.173020 0.385377 0.010730
-0.154771 0.378455 0.010730
-0.148484 0.375605 0.010730
-0.140814 0.373437 0.010730
-0.134281 0.370132 0.010730
-0.126234 0.368370 0.010730
-0.120601 0.366448 0.010730
-0.112939 0.362956 0.010730
-0.105092 0.360868 0.010730
-0.098322 0.357559 0.010730
-0.092676 0.354184 0.010730
-0.073205 0.347290 0.010730
-0.067056 0.345225 0.010730
-0.060162 0.343342 0.010730
-0.052740 0.340355 0.010730
-0.046248 0.337936 0.010730
-0.039400 0.335908 0.010730
-0.031786 0.332970 0.010730
-0.024999 0.330097 0.010730
-0.007850 0.323725 0.010730
-0.000375 0.322038 0.010730
0.006944 0.317916 0.010730
0.013171 0.315598 0.010730
0.020512 0.313218 0.010730
0.028177 0.309922 0.010730
0.035739 0.307128 0.010730
0.041505 0.306472 0.010730
0.049487 0.302454 0.010730
0.056187 0.300299 0.010730
0.062866 0.296859 0.010730
0.080482 0.289626 0.010730
0.089187 0.288459 0.010730
0.094457 0.285459 0.010730
0.102196 0.283271 0.010730
0.108826 0.280789 0.010730
0.123161 0.275402 0.010730
0.140194 0.268919 0.010730
0.147507 0.266485 0.010730
0.154635 0.263448 0.010730
0.160882 0.260958 0.010730
0.168194 0.258332 0.010730
0.175914 0.255855 0.010730
0.182894 0.252820 0.010730
0.190387 0.250634 0.010730
0.196789 0.248219 0.010730
