0.285354 0.416235 0.017785
0.307569 0.415444 0.017785
0.317644 0.415786 0.017785
0.327846 0.413841 0.017785
0.338207 0.414214 0.017785
0.349929 0.415071 0.017785
0.375899 0.412311 0.017785
0.386511 0.413463 0.017785
0.396575 0.411301 0.017785
0.419078 0.411490 0.017785
0.429199 0.410410 0.017785
0.440492 0.411294 0.017785
0.466050 0.408589 0.017785
0.477405 0.408682 0.017785
0.486795 0.409127 0.017785
0.498091 0.409329 0.017785
0.508033 0.407347 0.017785
0.530012 0.408187 0.017785
0.541042 0.405458 0.017785
0.550256 0.404255 0.017785
0.561843 0.404751 0.017785
0.588870 0.404104 0.017785
0.600616 0.403720 0.017785
0.610390 0.402668 0.017785
0.619773 0.402411 0.017785
0.632977 0.402979 0.017785
0.642217 0.401171 0.017785
0.653303 0.400380 0.017785
0.662196 0.400728 0.017785
0.675403 0.402375 0.017785
0.684270 0.399726 0.017785
0.694081 0.399995 0.017785
0.706022 0.400142 0.017785
0.286109 0.440237 0.017785
0.295651 0.441023 0.017785
0.305899 0.442493 0.017785
0.318574 0.439814 0.017785
0.328037 0.440909 0.017785
0.338628 0.438656 0.017785
0.349542 0.439219 0.017785
0.361196 0.439704 0.017785
0.386392 0.436912 0.017785
0.398509 0.436940 0.017785
0.408110 0.437368 0.017785
0.419930 0.436232 0.017785
0.429315 0.436107 0.017785
0.440359 0.435202 0.017785
0.450828 0.435813 0.017785
0.462014 0.435455 0.017785
0.473415 0.434478 0.017785
0.482756 0.434614 0.017785
0.494126 0.435542 0.017785
0.504612 0.433419 0.017785
0.531185 0.431303 0.017785
0.541353 0.430124 0.017785
0.553428 0.430327 0.017785
0.563593 0.430640 0.017785
0.573752 0.429876 0.017785
0.600443 0.428933 0.017785
0.609952 0.428340 0.017785
0.621828 0.427577 0.017785
0.631826 0.427459 0.017785
0.644164 0.425479 0.017785
0.653695 0.426497 0.017785
0.679327 0.424282 0.017785
0.689146 0.425340 0.017785
0.701411 0.423727 0.017785
0.712615 0.424457 0.017785
0.723477 0.424208 0.017785
0.732399 0.423923 0.017785
0.744253 0.422545 0.017785
0.753404 0.422748 0.017785
0.764383 0.423209 0.017785
0.775460 0.423295 0.017785
0.287294 0.467050 0.017785
0.298095 0.466075 0.017785
0.307543 0.466798 0.017785
0.318431 0.465702 0.017785
0.328345 0.464625 0.017785
0.340805 0.463987 0.017785
0.351269 0.462124 0.017785
0.360981 0.463650 0.017785
0.373239 0.462263 0.017785
0.409698 0.462504 0.017785
0.419547 0.462781 0.017785
0.431501 0.461531 0.017785
0.451598 0.460163 0.017785
0.461221 0.460157 0.017785
0.474041 0.459708 0.017785
0.483251 0.458113 0.017785
0.510268 0.457493 0.017785
0.519788 0.458522 0.017785
0.531416 0.457307 0.017785
0.542729 0.455288 0.017785
0.552293 0.457382 0.017785
0.563749 0.455022 0.017785
0.574132 0.456082 0.017785
0.585468 0.453349 0.017785
0.596664 0.455057 0.017785
0.605982 0.452758 0.017785
0.626355 0.452781 0.017785
0.287113 0.492021 0.017785
0.296950 0.489498 0.017785
0.325807 0.490862 0.017785
0.336826 0.490385 0.017785
0.346302 0.489765 0.017785
0.372109 0.488098 0.017785
0.384659 0.488971 0.017785
0.393464 0.487212 0.017785
0.403711 0.487839 0.017785
0.432621 0.486040 0.017785
0.442347 0.485157 0.017785
0.452945 0.483910 0.017785
0.462770 0.483730 0.017785
0.473366 0.485486 0.017785
0.483989 0.484579 0.017785
0.496130 0.483421 0.017785
0.506411 0.483499 0.017785
0.532408 0.481502 0.017785
0.543663 0.481814 0.017785
0.553994 0.481229 0.017785
0.564598 0.481063 0.017785
0.574202 0.480596 0.017785
0.586086 0.480807 0.017785
0.596409 0.478500 0.017785
0.606188 0.478573 0.017785
0.617549 0.478389 0.017785
0.627230 0.477098 0.017785
0.637130 0.474924 0.017785
0.649299 0.479268 0.017785
0.675940 0.475145 0.017785
0.685588 0.474391 0.017785
0.697676 0.474931 0.017785
0.706527 0.474815 0.017785
0.717651 0.475895 0.017785
0.728747 0.474572 0.017785
0.740537 0.472636 0.017785
0.761156 0.472966 0.017785
0.770771 0.472746 0.017785
0.298945 0.518289 0.017785
0.308607 0.515899 0.017785
0.319452 0.514876 0.017785
0.331582 0.515326 0.017785
0.341011 0.514457 0.017785
0.351647 0.514063 0.017785
0.361793 0.513841 0.017785
0.373067 0.512937 0.017785
0.384097 0.513376 0.017785
0.394222 0.512621 0.017785
0.406849 0.514121 0.017785
0.415131 0.511084 0.017785
0.425813 0.512403 0.017785
0.453880 0.509562 0.017785
0.464726 0.509354 0.017785
0.474060 0.508527 0.017785
0.484398 0.508695 0.017785
0.493970 0.508477 0.017785
0.506005 0.508897 0.017785
0.532411 0.506114 0.017785
0.542542 0.506978 0.017785
0.554405 0.507363 0.017785
0.565669 0.507895 0.017785
0.575453 0.505132 0.017785
0.602369 0.504450 0.017785
0.612837 0.503232 0.017785
0.624290 0.505198 0.017785
0.633261 0.503649 0.017785
0.642641 0.503221 0.017785
0.669946 0.501193 0.017785
0.681589 0.502445 0.017785
0.692839 0.499533 0.017785
0.702900 0.501555 0.017785
0.288905 0.543166 0.017785
0.299082 0.541547 0.017785
0.310145 0.540638 0.017785
0.320671 0.541688 0.017785
0.347232 0.538029 0.017785
0.357780 0.539716 0.017785
0.369935 0.539395 0.017785
0.380093 0.537400 0.017785
0.389897 0.539163 0.017785
0.417019 0.537274 0.017785
0.426908 0.536602 0.017785
0.437969 0.536473 0.017785
0.448988 0.534972 0.017785
0.458080 0.535373 0.017785
0.468511 0.534585 0.017785
0.496207 0.534054 0.017785
0.517675 0.532815 0.017785
0.526909 0.532559 0.017785
0.554922 0.531396 0.017785
0.574292 0.530397 0.017785
0.585877 0.531537 0.017785
0.598601 0.530329 0.017785
0.289380 0.566466 0.017785
0.299501 0.568547 0.017785
0.312148 0.566394 0.017785
0.321631 0.565137 0.017785
0.332592 0.567129 0.017785
0.341656 0.565606 0.017785
0.353771 0.565169 0.017785
0.380110 0.562842 0.017785
0.390276 0.562807 0.017785
0.400665 0.563068 0.017785
0.412219 0.563189 0.017785
0.421914 0.561409 0.017785
0.434283 0.561272 0.017785
0.443838 0.560874 0.017785
0.471813 0.560651 0.017785
0.480770 0.560791 0.017785
0.491354 0.560348 0.017785
0.503375 0.557783 0.017785
0.528947 0.557754 0.017785
0.540383 0.557337 0.017785
0.549214 0.556235 0.017785
0.561011 0.557254 0.017785
0.582259 0.556068 0.017785
0.591763 0.555384 0.017785
0.602662 0.554501 0.017785
0.616236 0.554274 0.017785
0.624105 0.554046 0.017785
0.634961 0.552386 0.017785
0.647515 0.553678 0.017785
0.656870 0.551999 0.017785
0.667088 0.553304 0.017785
0.291048 0.592000 0.017785
0.300529 0.591689 0.017785
0.311387 0.590178 0.017785
0.332938 0.591730 0.017785
0.344738 0.591565 0.017785
0.370620 0.589136 0.017785
0.380020 0.588018 0.017785
0.390796 0.588571 0.017785
0.402253 0.586617 0.017785
0.412203 0.587686 0.017785
0.422566 0.587433 0.017785
0.433602 0.585954 0.017785
0.444525 0.586501 0.017785
0.454509 0.585530 0.017785
0.483249 0.584937 0.017785
0.492095 0.584074 0.017785
0.503347 0.585264 0.017785
0.513246 0.582678 0.017785
0.523303 0.583034 0.017785
0.533911 0.582097 0.017785
0.555852 0.581969 0.017785
0.565705 0.581331 0.017785
0.594241 0.578687 0.017785
0.603882 0.578459 0.017785
0.614913 0.579258 0.017785
0.625175 0.579762 0.017785
0.635613 0.578656 0.017785
0.647200 0.576573 0.017785
0.419181 0.442416 0.007204
0.424718 0.442668 0.007204
0.430270 0.443790 0.007204
0.436317 0.441971 0.007204
0.441531 0.442565 0.007204
0.446796 0.442127 0.007204
0.452487 0.441345 0.007204
0.457653 0.441682 0.007204
0.471823 0.440915 0.007204
0.477462 0.440531 0.007204
0.483369 0.439963 0.007204
0.488853 0.440381 0.007204
0.494058 0.440618 0.007204
0.499655 0.439645 0.007204
0.505134 0.440358 0.007204
0.510236 0.440241 0.007204
0.524107 0.438795 0.007204
0.529926 0.438701 0.007204
0.535150 0.438507 0.007204
0.540855 0.437819 0.007204
0.546331 0.438215 0.007204
0.552101 0.437688 0.007204
0.557652 0.437192 0.007204
0.562719 0.437248 0.007204
0.568957 0.437143 0.007204
0.416724 0.569843 0.006678
0.421537 0.569605 0.006678
0.425438 0.569580 0.006678
0.429806 0.568863 0.006678
0.433815 0.569163 0.006678
0.443897 0.569160 0.006678
0.448322 0.568609 0.006678
0.452339 0.568198 0.006678
0.456881 0.568980 0.006678
0.460642 0.569001 0.006678
0.464529 0.567560 0.006678
0.468677 0.567735 0.006678
0.473632 0.567513 0.006678
0.476925 0.567172 0.006678
0.771784 0.972227 0.013014
0.779209 0.971200 0.013014
0.787670 0.971211 0.013014
0.794630 0.970268 0.013014
0.814643 0.964848 0.013014
0.821311 0.959993 0.013014
0.840563 0.954634 0.013014
0.847966 0.953206 0.013014
0.863416 0.949881 0.013014
0.871185 0.950513 0.013014
0.878922 0.949486 0.013014
0.886120 0.947309 0.013014
0.894429 0.946056 0.013014
0.901198 0.943944 0.013014
0.775121 0.993878 0.013014
0.782685 0.992687 0.013014
0.790913 0.992345 0.013014
0.798378 0.990768 0.013014
0.816898 0.984212 0.013014
0.825523 0.982001 0.013014
0.840293 0.975613 0.013014
0.847045 0.974117 0.013014
0.854445 0.972917 0.013014
0.862263 0.972927 0.013014
0.881666 0.969598 0.013014
0.890538 0.969333 0.013014
0.898184 0.966908 0.013014
0.903513 0.963947 0.013014
0.912609 0.960978 0.013014
0.919479 0.957779 0.013014
0.927890 0.955915 0.013014
0.935147 0.953252 0.013014
0.942591 0.951418 0.013014
0.493076 0.842040 0.014011
0.502359 0.842206 0.014011
0.511713 0.841080 0.014011
0.520531 0.842711 0.014011
0.529806 0.843587 0.014011
0.553185 0.848490 0.014011
0.562135 0.850029 0.014011
0.571143 0.851456 0.014011
0.580432 0.852288 0.014011
0.589029 0.851728 0.014011
0.598411 0.850032 0.014011
0.608775 0.848759 0.014011
0.616167 0.847098 0.014011
0.627159 0.845130 0.014011
0.650234 0.844677 0.014011
0.658972 0.845151 0.014011
0.667735 0.847267 0.014011
0.677374 0.850266 0.014011
0.686695 0.852081 0.014011
0.695096 0.854214 0.014011
0.704229 0.855995 0.014011
0.713966 0.855307 0.014011
0.493031 0.868330 0.014011
0.502813 0.866913 0.014011
0.511301 0.868025 0.014011
0.519860 0.868760 0.014011
0.529259 0.870213 0.014011
0.537706 0.871795 0.014011
0.547679 0.874807 0.014011
0.557068 0.877021 0.014011
0.566582 0.877679 0.014011
0.575932 0.879111 0.014011
0.599046 0.877247 0.014011
0.607405 0.873789 0.014011
0.616693 0.874784 0.014011
0.625791 0.871220 0.014011
0.650102 0.871377 0.014011
0.658009 0.871136 0.014011
0.668347 0.874089 0.014011
0.492900 0.895209 0.014011
0.502048 0.894121 0.014011
0.510891 0.893300 0.014011
0.520439 0.895071 0.014011
0.529152 0.895664 0.014011
0.539262 0.897977 0.014011
0.547591 0.900378 0.014011
0.556690 0.901536 0.014011
0.566141 0.903703 0.014011
0.576157 0.905097 0.014011
0.598230 0.902181 0.014011
0.607747 0.901304 0.014011
0.617390 0.899094 0.014011
0.625662 0.898263 0.014011
0.634672 0.897514 0.014011
0.644940 0.897504 0.014011
0.666852 0.900837 0.014011
0.677525 0.903071 0.014011
0.686423 0.905325 0.014011
0.695193 0.906395 0.014011
0.704378 0.907765 0.014011
0.712869 0.907997 0.014011
0.723337 0.906615 0.014011
0.731566 0.905877 0.014011
0.740633 0.902897 0.014011
0.750876 0.901487 0.014011
0.491981 0.920907 0.014011
0.500686 0.920209 0.014011
0.509478 0.920834 0.014011
0.520064 0.920771 0.014011
0.527854 0.920982 0.014011
0.538740 0.926843 0.014011
0.547844 0.926888 0.014011
0.556672 0.927560 0.014011
0.579917 0.930505 0.014011
0.588647 0.930021 0.014011
0.597194 0.928413 0.014011
0.621157 0.924404 0.014011
0.630761 0.923224 0.014011
0.639128 0.922573 0.014011
0.648626 0.922784 0.014011
0.657025 0.924769 0.014011
0.667572 0.925276 0.014011
0.675980 0.927883 0.014011
0.684700 0.928825 0.014011
0.694145 0.931773 0.014011
0.717348 0.932379 0.014011
0.727060 0.931896 0.014011
0.735653 0.930168 0.014011
0.745386 0.928788 0.014011
0.754588 0.927190 0.014011
0.763677 0.925154 0.014011
0.772520 0.925153 0.014011
0.783306 0.925040 0.014011
0.791094 0.927174 0.014011
0.800336 0.929777 0.014011
0.809528 0.931089 0.014011
0.819319 0.934829 0.014011
0.828860 0.935213 0.014011
0.837241 0.936227 0.014011
0.846572 0.935731 0.014011
0.856230 0.935677 0.014011
0.491985 0.946824 0.014011
0.500963 0.945651 0.014011
0.509703 0.946721 0.014011
0.518635 0.946651 0.014011
0.528761 0.946646 0.014011
0.551025 0.954316 0.014011
0.559520 0.954942 0.014011
0.569117 0.955809 0.014011
0.578653 0.955834 0.014011
0.588268 0.954208 0.014011
0.597277 0.954715 0.014011
0.605911 0.954231 0.014011
0.615599 0.951078 0.014011
0.624834 0.949610 0.014011
0.648655 0.948954 0.014011
0.657624 0.948750 0.014011
0.666776 0.950798 0.014011
0.674867 0.953964 0.014011
0.684338 0.956104 0.014011
0.694225 0.958196 0.014011
0.716618 0.958786 0.014011
0.725609 0.958215 0.014011
0.735996 0.955983 0.014011
0.744822 0.954614 0.014011
0.754709 0.952529 0.014011
0.763024 0.951283 0.014011
0.771915 0.951772 0.014011
0.781690 0.951869 0.014011
0.791663 0.954180 0.014011
0.491486 0.972803 0.014011
0.499867 0.971394 0.014011
0.509518 0.971734 0.014011
0.518894 0.972360 0.014011
0.527223 0.973968 0.014011
0.537246 0.977478 0.014011
0.559575 0.981094 0.014011
0.569162 0.981969 0.014011
0.577821 0.983438 0.014011
0.587710 0.981144 0.014011
0.597796 0.980247 0.014011
0.606504 0.979540 0.014011
0.628650 0.974904 0.014011
0.638713 0.975216 0.014011
0.647371 0.975765 0.014011
0.657577 0.975753 0.014011
0.665623 0.976661 0.014011
0.675571 0.979546 0.014011
0.685272 0.981895 0.014011
0.707925 0.985244 0.014011
0.717383 0.984934 0.014011
0.726170 0.983931 0.014011
0.735528 0.982259 0.014011
0.745411 0.981959 0.014011
0.754218 0.980024 0.014011
0.762120 0.976904 0.014011
0.772011 0.977399 0.014011
0.781304 0.976648 0.014011
0.791218 0.980714 0.014011
0.800487 0.981934 0.014011
0.490702 0.997595 0.014011
0.499969 0.997607 0.014011
0.508426 0.997468 0.014011
0.527852 0.999731 0.014011
0.536672 1.001546 0.014011
0.559709 1.006556 0.014011
0.568506 1.008528 0.014011
0.577886 1.008069 0.014011
0.587194 1.007290 0.014011
0.595737 1.006529 0.014011
0.606447 1.004999 0.014011
0.616068 1.003482 0.014011
0.624708 1.002839 0.014011
0.633604 1.000657 0.014011
0.655839 1.001910 0.014011
0.665574 1.005730 0.014011
0.675137 1.005599 0.014011
0.683442 1.008932 0.014011
0.693226 1.009411 0.014011
0.702795 1.011580 0.014011
0.712178 1.011365 0.014011
0.721132 1.010889 0.014011
0.730463 1.009661 0.014011
0.490356 1.025031 0.014011
0.499019 1.023027 0.014011
0.508784 1.023400 0.014011
0.517517 1.024635 0.014011
0.527119 1.025267 0.014011
0.549528 1.030922 0.014011
0.559084 1.031759 0.014011
0.569238 1.033672 0.014011
0.578544 1.034447 0.014011
0.587288 1.033757 0.014011
0.594868 1.032110 0.014011
0.605515 1.031200 0.014011
0.627999 1.026667 0.014011
0.638400 1.026928 0.014011
0.647377 1.027224 0.014011
0.655123 1.028826 0.014011
0.665368 1.030601 0.014011
0.673536 1.031865 0.014011
0.683538 1.034493 0.014011
0.693221 1.036254 0.014011
0.701651 1.036995 0.014011
0.711349 1.037680 0.014011
0.721232 1.036750 0.014011
0.489832 1.050413 0.014011
0.500579 1.049158 0.014011
0.518036 1.050704 0.014011
0.528243 1.052818 0.014011
0.536280 1.053003 0.014011
0.546261 1.055817 0.014011
0.568737 1.059802 0.014011
0.576835 1.059286 0.014011
0.586869 1.059931 0.014011
0.595676 1.058357 0.014011
0.619092 1.054612 0.014011
0.627644 1.053013 0.014011
0.638289 1.053825 0.014011
0.656197 1.053581 0.014011
0.665293 1.055221 0.014011
0.673353 1.057459 0.014011
0.683893 1.060426 0.014011
0.692903 1.062128 0.014011
0.077175 0.042995 0.020503
0.088889 0.043091 0.020503
0.101573 0.044399 0.020503
0.112498 0.047365 0.020503
0.126135 0.046738 0.020503
0.137749 0.049150 0.020503
0.149924 0.048834 0.020503
0.162819 0.047745 0.020503
0.174699 0.046613 0.020503
0.205577 0.042095 0.020503
0.218883 0.041205 0.020503
0.229998 0.042481 0.020503
0.254421 0.042348 0.020503
0.267737 0.044527 0.020503
0.280798 0.044722 0.020503
0.077385 0.076862 0.020503
0.107334 0.077193 0.020503
0.119825 0.077944 0.020503
0.132434 0.079554 0.020503
0.144685 0.079148 0.020503
0.157528 0.081263 0.020503
0.169857 0.078748 0.020503
0.181942 0.075926 0.020503
0.194246 0.075943 0.020503
0.224731 0.073812 0.020503
0.237563 0.072723 0.020503
0.250199 0.072429 0.020503
0.263213 0.074099 0.020503
0.273715 0.074983 0.020503
0.287761 0.076257 0.020503
0.076897 0.107660 0.020503
0.090032 0.106863 0.020503
0.103365 0.106352 0.020503
0.115650 0.108659 0.020503
0.127110 0.110136 0.020503
0.138522 0.112933 0.020503
0.153112 0.111667 0.020503
0.183023 0.110769 0.020503
0.194655 0.108070 0.020503
0.205551 0.105736 0.020503
0.220018 0.104999 0.020503
0.231887 0.104439 0.020503
0.245700 0.103967 0.020503
0.257548 0.105296 0.020503
0.269938 0.105125 0.020503
0.281035 0.107190 0.020503
0.078131 0.138048 0.020503
0.089943 0.140008 0.020503
0.101963 0.138242 0.020503
0.115551 0.139670 0.020503
0.125664 0.143113 0.020503
0.139702 0.143725 0.020503
0.151511 0.142100 0.020503
0.163225 0.142860 0.020503
0.175468 0.142403 0.020503
0.188435 0.140653 0.020503
0.201245 0.139082 0.020503
0.078831 0.170719 0.020503
0.090359 0.170087 0.020503
0.102348 0.171458 0.020503
0.114771 0.172171 0.020503
0.128045 0.175199 0.020503
0.140211 0.176697 0.020503
0.151590 0.173244 0.020503
0.195348 0.172422 0.020503
0.208105 0.167778 0.020503
0.220371 0.168288 0.020503
0.232102 0.167505 0.020503
0.244662 0.166856 0.020503
0.079510 0.201229 0.020503
0.090136 0.201690 0.020503
0.103870 0.201761 0.020503
0.115979 0.203628 0.020503
0.128033 0.204987 0.020503
0.139714 0.207987 0.020503
0.151333 0.207235 0.020503
0.184880 0.203280 0.020503
0.194749 0.201721 0.020503
0.208386 0.201011 0.020503
0.219431 0.199513 0.020503
0.231834 0.199457 0.020503
0.247012 0.199814 0.020503
0.257042 0.199187 0.020503
0.268356 0.201690 0.020503
0.282339 0.201983 0.020503
0.295112 0.203670 0.020503
0.077838 0.232822 0.020503
0.091904 0.232284 0.020503
0.102596 0.234397 0.020503
0.135042 0.237784 0.020503
0.147528 0.238901 0.020503
0.158889 0.237571 0.020503
0.170841 0.235952 0.020503
0.183341 0.236234 0.020503
0.197274 0.234723 0.020503
0.207440 0.231339 0.020503
0.220308 0.232277 0.020503
0.232605 0.231303 0.020503
0.079281 0.265184 0.020503
0.091427 0.265554 0.020503
0.104489 0.266211 0.020503
0.128185 0.267897 0.020503
0.139837 0.269273 0.020503
0.152615 0.269197 0.020503
0.164844 0.270089 0.020503
0.179381 0.269056 0.020503
0.207917 0.263965 0.020503
0.221481 0.264099 0.020503
0.233124 0.261124 0.020503
0.245141 0.260900 0.020503
0.257787 0.263358 0.020503
