355.98 416.24 17.78
383.69 415.44 17.78
396.26 415.79 17.78
408.99 413.84 17.78
421.91 414.21 17.78
436.54 415.07 17.78
468.93 412.31 17.78
482.17 413.46 17.78
494.73 411.30 17.78
522.80 411.49 17.78
535.43 410.41 17.78
549.51 411.29 17.78
581.40 408.59 17.78
595.56 408.68 17.78
607.28 409.13 17.78
621.37 409.33 17.78
633.77 407.35 17.78
661.19 408.19 17.78
674.95 405.46 17.78
686.44 404.26 17.78
700.90 404.75 17.78
734.61 404.10 17.78
749.27 403.72 17.78
761.46 402.67 17.78
773.17 402.41 17.78
789.64 402.98 17.78
801.17 401.17 17.78
814.99 400.38 17.78
826.09 400.73 17.78
842.56 402.38 17.78
853.63 399.73 17.78
865.87 400.00 17.78
880.76 400.14 17.78
356.92 440.24 17.78
368.82 441.02 17.78
381.61 442.49 17.78
397.42 439.81 17.78
409.23 440.91 17.78
422.44 438.66 17.78
436.05 439.22 17.78
450.59 439.70 17.78
482.02 436.91 17.78
497.14 436.94 17.78
509.12 437.37 17.78
523.86 436.23 17.78
535.57 436.11 17.78
549.35 435.20 17.78
562.41 435.81 17.78
576.36 435.46 17.78
590.59 434.48 17.78
602.24 434.61 17.78
616.42 435.54 17.78
629.50 433.42 17.78
662.65 431.30 17.78
675.34 430.12 17.78
690.40 430.33 17.78
703.08 430.64 17.78
715.76 429.88 17.78
749.05 428.93 17.78
760.91 428.34 17.78
775.73 427.58 17.78
788.20 427.46 17.78
803.59 425.48 17.78
815.48 426.50 17.78
847.46 424.28 17.78
859.71 425.34 17.78
875.01 423.73 17.78
888.99 424.46 17.78
902.54 424.21 17.78
913.67 423.92 17.78
928.45 422.54 17.78
939.87 422.75 17.78
953.57 423.21 17.78
967.39 423.29 17.78
358.40 467.05 17.78
371.87 466.07 17.78
383.66 466.80 17.78
397.24 465.70 17.78
409.61 464.63 17.78
425.15 463.99 17.78
438.21 462.12 17.78
450.32 463.65 17.78
465.62 462.26 17.78
511.10 462.50 17.78
523.38 462.78 17.78
538.30 461.53 17.78
563.37 460.16 17.78
575.37 460.16 17.78
591.37 459.71 17.78
602.86 458.11 17.78
636.56 457.49 17.78
648.44 458.52 17.78
662.94 457.31 17.78
677.05 455.29 17.78
688.99 457.38 17.78
703.28 455.02 17.78
716.23 456.08 17.78
730.37 453.35 17.78
744.34 455.06 17.78
755.96 452.76 17.78
781.38 452.78 17.78
358.17 492.02 17.78
370.44 489.50 17.78
406.44 490.86 17.78
420.19 490.38 17.78
432.01 489.77 17.78
464.21 488.10 17.78
479.86 488.97 17.78
490.85 487.21 17.78
503.63 487.84 17.78
539.69 486.04 17.78
551.83 485.16 17.78
565.05 483.91 17.78
577.31 483.73 17.78
590.52 485.49 17.78
603.78 484.58 17.78
618.92 483.42 17.78
631.75 483.50 17.78
664.18 481.50 17.78
678.22 481.81 17.78
691.11 481.23 17.78
704.34 481.06 17.78
716.32 480.60 17.78
731.14 480.81 17.78
744.02 478.50 17.78
756.22 478.57 17.78
770.39 478.39 17.78
782.47 477.10 17.78
794.82 474.92 17.78
810.00 479.27 17.78
843.24 475.14 17.78
855.27 474.39 17.78
870.35 474.93 17.78
881.39 474.82 17.78
895.27 475.90 17.78
909.11 474.57 17.78
923.82 472.64 17.78
949.54 472.97 17.78
961.54 472.75 17.78
372.93 518.29 17.78
384.99 515.90 17.78
398.52 514.88 17.78
413.65 515.33 17.78
425.41 514.46 17.78
438.68 514.06 17.78
451.34 513.84 17.78
465.40 512.94 17.78
479.16 513.38 17.78
491.79 512.62 17.78
507.54 514.12 17.78
517.88 511.08 17.78
531.20 512.40 17.78
566.21 509.56 17.78
579.75 509.35 17.78
591.39 508.53 17.78
604.29 508.69 17.78
616.23 508.48 17.78
631.24 508.90 17.78
664.18 506.11 17.78
676.82 506.98 17.78
691.62 507.36 17.78
705.67 507.90 17.78
717.88 505.13 17.78
751.45 504.45 17.78
764.51 503.23 17.78
778.80 505.20 17.78
789.99 503.65 17.78
801.69 503.22 17.78
835.76 501.19 17.78
850.28 502.45 17.78
864.32 499.53 17.78
876.87 501.55 17.78
360.41 543.17 17.78
373.10 541.55 17.78
386.91 540.64 17.78
400.04 541.69 17.78
433.17 538.03 17.78
446.33 539.72 17.78
461.49 539.40 17.78
474.17 537.40 17.78
486.40 539.16 17.78
520.23 537.27 17.78
532.57 536.60 17.78
546.37 536.47 17.78
560.11 534.97 17.78
571.45 535.37 17.78
584.47 534.58 17.78
619.02 534.05 17.78
645.80 532.81 17.78
657.32 532.56 17.78
692.26 531.40 17.78
716.43 530.40 17.78
730.88 531.54 17.78
746.75 530.33 17.78
361.00 566.47 17.78
373.63 568.55 17.78
389.40 566.39 17.78
401.23 565.14 17.78
414.91 567.13 17.78
426.22 565.61 17.78
441.33 565.17 17.78
474.19 562.84 17.78
486.87 562.81 17.78
499.83 563.07 17.78
514.24 563.19 17.78
526.34 561.41 17.78
541.77 561.27 17.78
553.69 560.87 17.78
588.59 560.65 17.78
599.76 560.79 17.78
612.96 560.35 17.78
627.96 557.78 17.78
659.86 557.75 17.78
674.13 557.34 17.78
685.14 556.23 17.78
699.86 557.25 17.78
726.37 556.07 17.78
738.22 555.38 17.78
751.82 554.50 17.78
768.75 554.27 17.78
778.57 554.05 17.78
792.11 552.39 17.78
807.77 553.68 17.78
819.44 552.00 17.78
832.19 553.30 17.78
363.08 592.00 17.78
374.91 591.69 17.78
388.46 590.18 17.78
415.34 591.73 17.78
430.06 591.56 17.78
462.35 589.14 17.78
474.08 588.02 17.78
487.52 588.57 17.78
501.81 586.62 17.78
514.22 587.69 17.78
527.15 587.43 17.78
540.92 585.95 17.78
554.54 586.50 17.78
567.00 585.53 17.78
602.85 584.94 17.78
613.89 584.07 17.78
627.92 585.26 17.78
640.27 582.68 17.78
652.82 583.03 17.78
666.05 582.10 17.78
693.42 581.97 17.78
705.72 581.33 17.78
741.32 578.69 17.78
753.34 578.46 17.78
767.10 579.26 17.78
779.91 579.76 17.78
792.93 578.66 17.78
807.38 576.57 17.78
522.93 442.42 7.20
529.84 442.67 7.20
536.76 443.79 7.20
544.30 441.97 7.20
550.81 442.57 7.20
557.38 442.13 7.20
564.48 441.35 7.20
570.92 441.68 7.20
588.60 440.92 7.20
595.63 440.53 7.20
603.00 439.96 7.20
609.84 440.38 7.20
616.34 440.62 7.20
623.32 439.65 7.20
630.15 440.36 7.20
636.52 440.24 7.20
653.82 438.79 7.20
661.08 438.70 7.20
667.60 438.51 7.20
674.72 437.82 7.20
681.55 438.22 7.20
688.74 437.69 7.20
695.67 437.19 7.20
701.99 437.25 7.20
709.77 437.14 7.20
519.86 569.84 6.68
525.87 569.60 6.68
530.73 569.58 6.68
536.18 568.86 6.68
541.18 569.16 6.68
553.76 569.16 6.68
559.28 568.61 6.68
564.29 568.20 6.68
569.96 568.98 6.68
574.65 569.00 6.68
579.50 567.56 6.68
584.67 567.74 6.68
590.86 567.51 6.68
594.96 567.17 6.68
962.80 972.23 13.01
972.06 971.20 13.01
982.62 971.21 13.01
991.30 970.27 13.01
1016.27 964.85 13.01
1024.58 959.99 13.01
1048.60 954.63 13.01
1057.84 953.21 13.01
1077.11 949.88 13.01
1086.80 950.51 13.01
1096.45 949.49 13.01
1105.43 947.31 13.01
1115.80 946.06 13.01
1124.24 943.94 13.01
966.96 993.88 13.01
976.40 992.69 13.01
986.66 992.34 13.01
995.98 990.77 13.01
1019.08 984.21 13.01
1029.84 982.00 13.01
1048.27 975.61 13.01
1056.69 974.12 13.01
1065.92 972.92 13.01
1075.67 972.93 13.01
1099.88 969.60 13.01
1110.95 969.33 13.01
1120.48 966.91 13.01
1127.13 963.95 13.01
1138.48 960.98 13.01
1147.05 957.78 13.01
1157.54 955.91 13.01
1166.59 953.25 13.01
1175.88 951.42 13.01
615.11 842.04 14.01
626.69 842.21 14.01
638.36 841.08 14.01
649.36 842.71 14.01
660.93 843.59 14.01
690.10 848.49 14.01
701.26 850.03 14.01
712.50 851.46 14.01
724.09 852.29 14.01
734.81 851.73 14.01
746.52 850.03 14.01
759.45 848.76 14.01
768.67 847.10 14.01
782.38 845.13 14.01
811.17 844.68 14.01
822.07 845.15 14.01
833.00 847.27 14.01
845.02 850.27 14.01
856.65 852.08 14.01
867.13 854.21 14.01
878.53 855.99 14.01
890.67 855.31 14.01
615.06 868.33 14.01
627.26 866.91 14.01
637.85 868.03 14.01
648.52 868.76 14.01
660.25 870.21 14.01
670.79 871.80 14.01
683.23 874.81 14.01
694.94 877.02 14.01
706.81 877.68 14.01
718.48 879.11 14.01
747.31 877.25 14.01
757.74 873.79 14.01
769.32 874.78 14.01
780.67 871.22 14.01
811.00 871.38 14.01
820.87 871.14 14.01
833.76 874.09 14.01
614.89 895.21 14.01
626.31 894.12 14.01
637.34 893.30 14.01
649.25 895.07 14.01
660.12 895.66 14.01
672.73 897.98 14.01
683.12 900.38 14.01
694.47 901.54 14.01
706.26 903.70 14.01
718.76 905.10 14.01
746.29 902.18 14.01
758.16 901.30 14.01
770.19 899.09 14.01
780.51 898.26 14.01
791.75 897.51 14.01
804.56 897.50 14.01
831.90 900.84 14.01
845.21 903.07 14.01
856.31 905.32 14.01
867.25 906.39 14.01
878.71 907.76 14.01
889.30 908.00 14.01
902.36 906.61 14.01
912.63 905.88 14.01
923.94 902.90 14.01
936.72 901.49 14.01
613.75 920.91 14.01
624.61 920.21 14.01
635.57 920.83 14.01
648.78 920.77 14.01
658.50 920.98 14.01
672.08 926.84 14.01
683.44 926.89 14.01
694.45 927.56 14.01
723.45 930.50 14.01
734.34 930.02 14.01
745.00 928.41 14.01
774.89 924.40 14.01
786.87 923.22 14.01
797.31 922.57 14.01
809.16 922.78 14.01
819.64 924.77 14.01
832.80 925.28 14.01
843.29 927.88 14.01
854.16 928.83 14.01
865.95 931.77 14.01
894.89 932.38 14.01
907.01 931.90 14.01
917.73 930.17 14.01
929.87 928.79 14.01
941.35 927.19 14.01
952.69 925.15 14.01
963.72 925.15 14.01
977.17 925.04 14.01
986.89 927.17 14.01
998.42 929.78 14.01
1009.89 931.09 14.01
1022.10 934.83 14.01
1034.00 935.21 14.01
1044.46 936.23 14.01
1056.10 935.73 14.01
1068.15 935.68 14.01
613.75 946.82 14.01
624.95 945.65 14.01
635.85 946.72 14.01
647.00 946.65 14.01
659.63 946.65 14.01
687.40 954.32 14.01
698.00 954.94 14.01
709.97 955.81 14.01
721.87 955.83 14.01
733.86 954.21 14.01
745.10 954.72 14.01
755.87 954.23 14.01
767.96 951.08 14.01
779.48 949.61 14.01
809.20 948.95 14.01
820.38 948.75 14.01
831.80 950.80 14.01
841.90 953.96 14.01
853.71 956.10 14.01
866.05 958.20 14.01
893.98 958.79 14.01
905.20 958.22 14.01
918.15 955.98 14.01
929.17 954.61 14.01
941.50 952.53 14.01
951.87 951.28 14.01
962.96 951.77 14.01
975.16 951.87 14.01
987.60 954.18 14.01
613.13 972.80 14.01
623.58 971.39 14.01
635.62 971.73 14.01
647.32 972.36 14.01
657.71 973.97 14.01
670.21 977.48 14.01
698.07 981.09 14.01
710.03 981.97 14.01
720.83 983.44 14.01
733.17 981.14 14.01
745.75 980.25 14.01
756.61 979.54 14.01
784.24 974.90 14.01
796.79 975.22 14.01
807.59 975.77 14.01
820.33 975.75 14.01
830.36 976.66 14.01
842.77 979.55 14.01
854.88 981.89 14.01
883.14 985.24 14.01
894.93 984.93 14.01
905.90 983.93 14.01
917.57 982.26 14.01
929.90 981.96 14.01
940.89 980.02 14.01
950.74 976.90 14.01
963.08 977.40 14.01
974.68 976.65 14.01
987.04 980.71 14.01
998.61 981.93 14.01
612.15 997.59 14.01
623.71 997.61 14.01
634.26 997.47 14.01
658.49 999.73 14.01
669.50 1001.55 14.01
698.24 1006.56 14.01
709.21 1008.53 14.01
720.91 1008.07 14.01
732.52 1007.29 14.01
743.18 1006.53 14.01
756.54 1005.00 14.01
768.54 1003.48 14.01
779.32 1002.84 14.01
790.42 1000.66 14.01
818.16 1001.91 14.01
830.30 1005.73 14.01
842.23 1005.60 14.01
852.59 1008.93 14.01
864.80 1009.41 14.01
876.74 1011.58 14.01
888.44 1011.37 14.01
899.61 1010.89 14.01
911.25 1009.66 14.01
611.72 1025.03 14.01
622.53 1023.03 14.01
634.71 1023.40 14.01
645.60 1024.63 14.01
657.58 1025.27 14.01
685.54 1030.92 14.01
697.46 1031.76 14.01
710.12 1033.67 14.01
721.73 1034.45 14.01
732.64 1033.76 14.01
742.10 1032.11 14.01
755.38 1031.20 14.01
783.43 1026.67 14.01
796.40 1026.93 14.01
807.60 1027.22 14.01
817.27 1028.83 14.01
830.05 1030.60 14.01
840.24 1031.86 14.01
852.71 1034.49 14.01
864.79 1036.25 14.01
875.31 1036.99 14.01
887.41 1037.68 14.01
899.74 1036.75 14.01
611.06 1050.41 14.01
624.47 1049.16 14.01
646.25 1050.70 14.01
658.98 1052.82 14.01
669.01 1053.00 14.01
681.46 1055.82 14.01
709.50 1059.80 14.01
719.60 1059.29 14.01
732.12 1059.93 14.01
743.11 1058.36 14.01
772.32 1054.61 14.01
782.99 1053.01 14.01
796.26 1053.82 14.01
818.60 1053.58 14.01
829.95 1055.22 14.01
840.01 1057.46 14.01
853.16 1060.43 14.01
864.40 1062.13 14.01
96.28 42.99 20.50
110.89 43.09 20.50
126.71 44.40 20.50
140.34 47.37 20.50
157.35 46.74 20.50
171.84 49.15 20.50
187.03 48.83 20.50
203.12 47.75 20.50
217.94 46.61 20.50
256.46 42.10 20.50
273.06 41.20 20.50
286.92 42.48 20.50
317.39 42.35 20.50
334.00 44.53 20.50
350.30 44.72 20.50
96.54 76.86 20.50
133.90 77.19 20.50
149.48 77.94 20.50
165.21 79.55 20.50
180.49 79.15 20.50
196.52 81.26 20.50
211.90 78.75 20.50
226.97 75.93 20.50
242.32 75.94 20.50
280.35 73.81 20.50
296.36 72.72 20.50
312.12 72.43 20.50
328.36 74.10 20.50
341.46 74.98 20.50
358.98 76.26 20.50
95.93 107.66 20.50
112.32 106.86 20.50
128.95 106.35 20.50
144.27 108.66 20.50
158.57 110.14 20.50
172.81 112.93 20.50
191.01 111.67 20.50
228.32 110.77 20.50
242.83 108.07 20.50
256.42 105.74 20.50
274.47 105.00 20.50
289.28 104.44 20.50
306.51 103.97 20.50
321.29 105.30 20.50
336.75 105.13 20.50
350.59 107.19 20.50
97.47 138.05 20.50
112.20 140.01 20.50
127.20 138.24 20.50
144.15 139.67 20.50
156.77 143.11 20.50
174.28 143.72 20.50
189.01 142.10 20.50
203.62 142.86 20.50
218.90 142.40 20.50
235.07 140.65 20.50
251.05 139.08 20.50
98.34 170.72 20.50
112.72 170.09 20.50
127.68 171.46 20.50
143.18 172.17 20.50
159.74 175.20 20.50
174.91 176.70 20.50
189.11 173.24 20.50
243.70 172.42 20.50
259.61 167.78 20.50
274.91 168.29 20.50
289.55 167.51 20.50
305.22 166.86 20.50
99.19 201.23 20.50
112.44 201.69 20.50
129.58 201.76 20.50
144.68 203.63 20.50
159.72 204.99 20.50
174.29 207.99 20.50
188.79 207.23 20.50
230.64 203.28 20.50
242.95 201.72 20.50
259.96 201.01 20.50
273.74 199.51 20.50
289.21 199.46 20.50
308.15 199.81 20.50
320.66 199.19 20.50
334.77 201.69 20.50
352.22 201.98 20.50
368.15 203.67 20.50
97.10 232.82 20.50
114.65 232.28 20.50
127.99 234.40 20.50
168.47 237.78 20.50
184.04 238.90 20.50
198.21 237.57 20.50
213.12 235.95 20.50
228.72 236.23 20.50
246.10 234.72 20.50
258.78 231.34 20.50
274.83 232.28 20.50
290.17 231.30 20.50
98.90 265.18 20.50
114.06 265.55 20.50
130.35 266.21 20.50
159.91 267.90 20.50
174.45 269.27 20.50
190.39 269.20 20.50
205.64 270.09 20.50
223.78 269.06 20.50
259.38 263.97 20.50
276.30 264.10 20.50
290.82 261.12 20.50
305.81 260.90 20.50
321.59 263.36 20.50
