353.41 656.24 17
382.74 664.85 14
414.79 672.40 15
446.13 680.60 16
477.53 688.04 18
505.25 693.15 16
536.66 698.62 16
566.09 710.71 16
594.89 715.98 16
626.22 723.11 14
658.46 728.87 13
720.61 743.96 17
751.01 749.40 13
779.15 757.35 13
812.80 763.04 16
346.40 685.93 14
371.05 697.40 15
405.49 706.01 13
434.40 710.65 15
466.48 717.75 13
496.21 722.84 15
530.55 735.95 16
556.82 738.90 18
590.13 743.36 15
621.24 751.78 15
650.50 760.28 15
679.27 763.04 14
713.97 769.32 13
744.77 782.02 14
773.06 786.31 17
805.25 791.97 14
338.82 717.66 14
369.74 724.63 13
402.93 734.14 17
428.20 740.38 15
462.38 750.03 14
488.90 754.53 15
521.36 759.71 14
550.69 769.19 16
584.91 779.88 17
614.16 782.94 16
645.82 788.76 16
675.84 794.72 17
705.86 805.58 14
769.97 819.97 15
798.96 826.74 16
332.75 750.85 15
362.35 757.83 15
393.73 762.04 14
422.83 769.53 18
452.52 777.30 15
486.96 782.85 14
517.33 790.57 18
547.65 798.38 15
577.24 806.01 18
603.29 810.82 13
640.13 820.32 14
665.98 828.12 15
697.88 835.26 17
726.30 836.59 15
760.96 846.58 16
788.75 851.74 15
324.60 781.00 14
358.61 787.02 14
385.30 794.35 15
417.38 803.69 14
446.02 810.91 15
480.84 816.06 14
505.84 820.81 15
533.84 830.03 17
568.62 838.76 14
599.08 845.58 16
628.92 851.10 15
662.42 859.05 15
694.61 868.88 14
721.58 871.79 18
754.81 878.86 14
783.80 885.85 15
317.96 809.55 15
347.83 817.00 13
378.41 826.87 15
440.40 839.39 17
474.59 845.41 18
500.46 855.45 16
529.62 859.53 17
560.64 867.26 18
594.43 869.33 17
652.15 889.42 17
685.65 898.02 18
716.32 902.26 16
745.80 911.43 15
776.55 920.55 12
309.01 841.99 15
339.99 849.65 13
373.23 856.57 16
400.71 863.18 17
434.56 867.87 15
462.24 875.36 18
498.22 885.49 17
521.82 889.67 15
557.25 899.95 15
586.21 906.20 16
615.79 912.89 14
645.65 920.13 16
674.80 925.84 20
709.94 928.56 13
737.71 937.57 14
767.03 945.13 15
304.87 872.55 16
333.12 878.46 14
362.98 884.05 13
393.63 893.47 18
428.29 898.42 14
453.75 903.02 17
487.54 915.10 16
518.93 922.31 17
548.73 926.90 15
579.37 932.19 14
607.42 942.19 14
638.94 948.69 14
668.03 955.56 16
700.97 962.49 14
729.22 968.95 15
763.76 976.98 15
297.65 901.20 16
325.82 908.31 15
358.74 917.66 15
385.44 926.87 13
416.75 934.43 16
446.77 939.03 14
481.29 947.75 17
510.76 951.21 13
540.39 958.18 15
570.92 966.92 17
601.15 974.73 14
632.20 978.43 17
664.12 989.68 15
694.48 993.52 16
723.25 999.21 15
756.12 1005.42 14
289.72 932.83 15
319.16 940.74 16
351.10 946.16 13
381.77 959.79 16
413.15 964.89 16
440.95 970.31 12
472.53 979.39 15
503.75 979.89 16
533.47 989.88 15
567.70 995.44 16
596.77 1003.75 16
625.92 1010.83 17
656.49 1016.24 15
685.38 1023.85 16
715.85 1033.51 17
747.83 1037.68 16
281.63 962.89 14
313.95 975.49 16
346.66 978.27 14
378.97 985.45 14
433.07 998.56 13
495.82 1012.72 14
527.71 1019.55 14
558.75 1026.75 17
588.13 1033.36 15
618.19 1040.46 18
648.98 1046.63 16
676.50 1056.87 16
712.24 1060.88 14
740.76 1067.70 14
272.83 994.27 18
304.70 998.68 15
334.47 1010.89 17
366.20 1012.96 17
394.12 1023.14 14
427.88 1032.26 15
462.10 1037.12 14
491.01 1040.59 13
518.44 1048.94 14
579.04 1066.02 13
613.14 1073.84 16
644.43 1082.00 16
674.60 1085.93 14
703.06 1090.21 15
733.16 1100.56 16
270.56 1025.42 14
298.10 1034.33 16
331.36 1039.49 17
357.04 1043.20 14
389.40 1053.00 15
422.81 1061.36 15
452.83 1067.22 16
483.63 1075.09 18
512.52 1085.27 18
544.06 1086.63 14
573.77 1096.01 13
608.88 1101.66 14
630.53 1109.25 16
667.65 1118.15 16
693.50 1125.06 19
724.70 1131.32 19
263.23 1058.18 16
293.32 1061.87 16
322.35 1070.39 14
352.27 1076.90 16
384.64 1084.37 15
415.57 1092.86 14
444.11 1099.31 15
474.65 1106.73 14
505.25 1111.84 13
539.03 1116.67 16
565.28 1123.90 15
595.68 1131.25 18
628.66 1141.31 15
658.59 1147.26 14
686.91 1151.48 15
722.81 1161.09 16
254.85 1088.03 14
285.07 1096.24 16
313.51 1102.42 16
345.43 1105.15 17
377.48 1114.49 15
407.30 1123.23 15
437.11 1126.57 15
471.83 1133.81 16
496.04 1143.67 17
528.90 1148.99 16
559.43 1156.16 15
588.12 1162.07 15
622.71 1173.43 16
654.45 1178.38 17
682.27 1181.25 15
711.08 1187.27 17
249.13 1120.64 15
278.84 1123.24 17
310.92 1130.04 14
337.10 1140.18 14
369.75 1147.55 13
397.46 1151.76 13
429.97 1162.64 13
461.54 1163.46 17
491.82 1172.35 15
522.31 1178.72 16
552.52 1183.19 15
584.39 1195.22 15
617.30 1202.97 16
647.83 1210.43 14
674.00 1215.32 16
704.71 1218.37 14
243.78 1145.89 16
272.27 1154.94 17
302.29 1161.48 14
329.53 1170.61 14
363.37 1177.50 15
393.09 1183.59 16
424.73 1190.43 17
452.25 1196.64 17
489.11 1207.00 17
517.75 1211.53 14
542.62 1217.66 14
578.59 1227.06 13
604.38 1230.15 16
636.98 1238.03 15
667.76 1247.60 15
700.05 1253.02 15
235.02 1177.55 13
265.21 1183.77 15
295.06 1192.96 16
322.09 1199.70 17
356.80 1205.04 16
389.25 1213.63 17
414.77 1220.56 18
448.90 1231.76 15
475.93 1231.47 16
505.58 1242.15 16
544.19 1247.13 15
567.86 1254.56 16
601.32 1263.14 17
629.17 1269.88 16
661.02 1275.70 17
693.80 1285.65 12
226.39 1209.75 14
252.24 1217.22 14
287.64 1222.87 13
319.30 1230.01 15
346.92 1235.41 16
381.64 1242.67 16
412.15 1251.11 13
439.01 1257.33 16
471.71 1265.88 13
499.23 1272.48 14
530.44 1278.55 17
564.49 1285.71 14
590.62 1296.17 16
626.17 1300.69 16
655.74 1307.74 15
685.80 1316.39 17
217.69 1241.17 17
252.22 1247.89 16
281.54 1253.95 13
309.83 1261.91 17
345.84 1267.91 13
372.56 1272.40 13
405.34 1280.86 12
433.14 1285.54 15
464.93 1293.96 15
494.38 1300.71 17
524.32 1311.12 14
558.53 1316.07 15
589.91 1324.50 16
614.14 1329.42 18
645.85 1336.76 15
211.83 1267.79 14
241.99 1276.79 16
275.81 1284.01 14
304.09 1288.81 15
332.49 1299.44 14
364.99 1306.26 16
395.78 1314.06 17
427.08 1319.73 16
457.65 1327.97 16
488.14 1336.74 16
515.36 1342.33 18
549.99 1346.64 15
581.01 1351.71 13
610.32 1359.10 18
639.09 1363.98 16
670.91 1375.80 14
206.60 1301.52 16
235.55 1302.68 16
265.86 1315.87 16
297.54 1321.81 16
328.83 1329.17 15
358.59 1337.37 17
387.23 1345.26 17
418.62 1349.45 16
450.53 1358.85 14
481.62 1361.26 17
506.43 1369.91 12
541.00 1376.06 16
574.19 1383.51 13
602.70 1392.91 17
632.88 1399.24 13
663.09 1406.86 15
198.60 1330.92 14
230.25 1337.34 16
259.66 1343.97 17
288.65 1351.21 17
320.66 1362.78 15
353.69 1366.91 15
382.83 1372.86 14
414.59 1379.94 14
443.02 1385.22 13
477.91 1393.98 16
504.16 1398.21 12
535.09 1408.63 14
565.54 1414.90 15
594.09 1425.08 17
629.24 1429.31 13
656.62 1438.44 17
192.39 1358.87 16
217.41 1368.33 16
252.12 1376.65 14
282.30 1384.09 16
312.80 1388.96 15
344.32 1395.55 15
374.99 1402.07 16
406.14 1410.33 16
437.88 1416.35 14
466.20 1424.66 14
500.42 1436.44 13
528.36 1441.20 13
557.49 1444.56 15
585.15 1452.35 13
620.00 1458.36 15
650.31 1467.21 14
188.53 1392.29 14
214.01 1398.57 14
245.11 1406.27 13
274.36 1409.67 17
308.08 1418.81 14
340.39 1425.99 15
371.13 1432.50 14
400.21 1443.47 14
460.96 1452.67 14
487.44 1463.89 14
519.59 1472.62 14
550.72 1477.76 15
582.26 1485.97 16
611.84 1490.96 17
642.09 1498.81 14
178.35 1424.77 14
209.45 1430.23 16
237.18 1438.78 12
265.71 1446.08 17
299.49 1451.72 13
330.09 1463.49 17
363.06 1467.90 13
391.41 1476.85 17
420.02 1479.23 15
450.24 1487.42 17
485.39 1490.21 15
512.39 1497.21 13
546.18 1505.75 14
574.74 1514.25 14
607.80 1521.52 16
636.91 1530.41 14
172.30 1451.21 14
202.59 1462.79 16
229.73 1466.36 17
261.75 1473.87 15
293.10 1483.11 14
319.49 1487.57 16
353.93 1496.02 17
384.08 1503.43 16
414.22 1508.75 15
444.03 1516.45 16
478.24 1524.35 14
508.28 1526.63 15
538.28 1537.53 16
599.27 1550.37 15
628.90 1560.30 13
162.89 1484.19 13
194.30 1495.01 16
221.04 1500.26 14
285.77 1514.12 19
317.28 1518.71 14
376.65 1534.65 15
408.51 1540.98 15
438.70 1548.17 14
470.54 1554.43 14
500.99 1564.79 15
529.03 1568.56 15
559.39 1573.37 14
592.48 1581.75 17
621.84 1589.60 14
158.81 1513.91 14
191.54 1520.29 13
219.05 1527.40 16
250.13 1536.39 15
281.29 1543.43 13
310.99 1552.37 15
340.86 1553.44 14
371.10 1567.83 16
399.27 1572.33 15
433.20 1577.20 15
464.30 1587.20 13
490.61 1589.58 12
523.27 1598.76 17
551.69 1604.66 15
584.32 1610.74 17
615.83 1619.48 13
