0.467238 0.277715 0.010910
0.486328 0.273626 0.010979
0.503913 0.269351 0.010875
0.522714 0.264642 0.010874
0.541876 0.262313 0.010880
0.559825 0.257928 0.010876
0.578848 0.253752 0.010813
0.597955 0.249011 0.010771
0.635964 0.240998 0.010964
0.654444 0.236426 0.010763
0.672581 0.232984 0.010774
0.692123 0.228013 0.010899
0.710282 0.223170 0.010809
0.727844 0.221360 0.010858
0.748070 0.217188 0.010747
0.469771 0.297018 0.010866
0.489025 0.292723 0.010740
0.507242 0.288142 0.010856
0.528102 0.285404 0.010885
0.544908 0.280666 0.010982
0.564162 0.275352 0.010858
0.583306 0.271615 0.010836
0.601881 0.268182 0.010838
0.619445 0.263009 0.010820
0.639405 0.258064 0.010738
0.659091 0.255727 0.010796
0.676731 0.251105 0.010963
0.695808 0.246338 0.010819
0.714377 0.242388 0.010781
0.733245 0.238224 0.010755
0.753210 0.234524 0.010939
0.474001 0.315396 0.010867
0.494297 0.311593 0.010790
0.511412 0.307305 0.010837
0.530502 0.302346 0.010820
0.549246 0.299210 0.010901
0.569710 0.295728 0.010955
0.587470 0.290580 0.010888
0.606404 0.285943 0.010898
0.624839 0.281592 0.010938
0.644005 0.278788 0.010811
0.661344 0.273291 0.010786
0.682527 0.270263 0.010847
0.700762 0.266324 0.010879
0.719162 0.261839 0.010869
0.737617 0.257874 0.010828
0.756222 0.252770 0.010784
0.497008 0.329742 0.010832
0.516780 0.324607 0.010813
0.535585 0.320761 0.010974
0.554392 0.316952 0.010853
0.572943 0.313192 0.010972
0.589955 0.309071 0.010772
0.611068 0.304823 0.010812
0.628461 0.301675 0.010869
0.647665 0.297418 0.010932
0.664910 0.291843 0.010862
0.685408 0.288080 0.010915
0.703021 0.283809 0.010850
0.722840 0.280644 0.010777
0.742544 0.275718 0.010798
0.760131 0.272298 0.010868
0.483533 0.353140 0.010809
0.501721 0.349391 0.010834
0.521552 0.344074 0.010782
0.538225 0.340087 0.010860
0.556506 0.337070 0.010919
0.576857 0.332885 0.010809
0.595559 0.328743 0.010885
0.613874 0.324281 0.010851
0.633705 0.320042 0.010843
0.653400 0.316590 0.010800
0.670419 0.311732 0.010981
0.690034 0.307256 0.010804
0.708299 0.303385 0.010844
0.726754 0.298717 0.010861
0.745366 0.294858 0.010757
0.764560 0.291663 0.010832
0.487465 0.372670 0.010960
0.505949 0.367290 0.010936
0.525708 0.362342 0.010983
0.543443 0.359894 0.010873
0.561328 0.355081 0.010945
0.580342 0.351142 0.010972
0.619040 0.342739 0.010796
0.636746 0.339229 0.010926
0.656673 0.335194 0.010987
0.675057 0.330208 0.010889
0.693801 0.326950 0.010850
0.712938 0.323487 0.010713
0.730522 0.318363 0.010847
0.749513 0.314406 0.010739
0.769107 0.309880 0.010909
0.490651 0.390542 0.010935
0.510106 0.385223 0.010832
0.528033 0.381704 0.010998
0.548968 0.377786 0.010939
0.565115 0.373828 0.010867
0.585899 0.370037 0.010827
0.604044 0.365938 0.010887
0.622451 0.361886 0.010810
0.641028 0.357962 0.010905
0.659151 0.353664 0.011072
0.678723 0.347530 0.010776
0.696900 0.344480 0.010801
0.715356 0.340737 0.010825
0.735524 0.336696 0.010875
0.753396 0.332594 0.010791
0.771724 0.328152 0.010750
0.494687 0.409231 0.011003
0.514437 0.403875 0.010810
0.531233 0.399772 0.010957
0.551770 0.396794 0.010871
0.570821 0.392636 0.010929
0.588986 0.387884 0.010825
0.607518 0.383234 0.010803
0.625934 0.380452 0.010780
0.644924 0.376048 0.010803
0.663201 0.372126 0.010885
0.682701 0.367647 0.010818
0.700655 0.363719 0.010835
0.720824 0.359353 0.010825
0.739275 0.354889 0.010913
0.757296 0.351176 0.010841
0.777152 0.347467 0.010867
0.498837 0.429066 0.010772
0.517917 0.425028 0.010917
0.536150 0.420250 0.010786
0.556417 0.416103 0.010954
0.574308 0.411048 0.010768
0.592770 0.407073 0.010852
0.611782 0.403524 0.010944
0.630560 0.399729 0.010803
0.648984 0.394514 0.010964
0.668806 0.391549 0.010838
0.687034 0.386483 0.010892
0.705036 0.382231 0.010826
0.724411 0.377539 0.010796
0.743242 0.374126 0.010850
0.761785 0.370476 0.010906
0.780744 0.365672 0.010737
0.504338 0.448076 0.010872
0.523075 0.443253 0.010885
0.540732 0.439062 0.010721
0.560123 0.435467 0.010852
0.578127 0.429218 0.010897
0.597067 0.426183 0.010842
0.616773 0.421079 0.010876
0.635257 0.417615 0.010916
0.653589 0.413749 0.010956
0.672115 0.409145 0.010825
0.690440 0.405482 0.010888
0.709567 0.402234 0.010949
0.728356 0.397029 0.010898
0.746926 0.392892 0.010791
0.767073 0.390296 0.010872
0.785884 0.384540 0.010806
0.509036 0.464667 0.010809
0.525132 0.462258 0.010906
0.544211 0.457228 0.010753
0.562862 0.453097 0.010848
0.582272 0.448833 0.010813
0.601427 0.444479 0.010815
0.638700 0.436320 0.010855
0.657319 0.432326 0.010977
0.676030 0.427927 0.010908
0.694314 0.425298 0.010913
0.714264 0.419483 0.010814
0.732355 0.415631 0.010783
0.750578 0.412180 0.010967
0.769369 0.407064 0.010840
0.788655 0.404723 0.010941
0.510866 0.483323 0.010953
0.529267 0.480619 0.010788
0.549352 0.476711 0.010857
0.568950 0.471388 0.010816
0.586666 0.466417 0.010774
0.604639 0.463208 0.010817
0.624013 0.460167 0.010938
0.642455 0.456054 0.010745
0.662457 0.451684 0.010896
0.681619 0.447841 0.010877
0.717496 0.438182 0.010869
0.736609 0.435204 0.010880
0.756260 0.430421 0.010804
0.774355 0.427373 0.010909
0.793692 0.422288 0.010944
0.514237 0.502304 0.010796
0.533981 0.498819 0.010855
0.553844 0.494725 0.010864
0.572268 0.490342 0.010911
0.591232 0.486481 0.010984
0.609939 0.483628 0.010994
0.628172 0.477601 0.010818
0.647019 0.474378 0.010770
0.667015 0.469174 0.010794
0.683051 0.466585 0.010912
0.704166 0.462107 0.010903
0.721427 0.458678 0.011027
0.740281 0.454245 0.011021
0.760584 0.449928 0.010911
0.778707 0.444849 0.010882
0.797211 0.441458 0.010822
0.519509 0.521726 0.010915
0.538911 0.517505 0.010869
0.558010 0.513815 0.010818
0.576052 0.509843 0.010825
0.594869 0.505876 0.010792
0.613363 0.501174 0.010737
0.632816 0.495907 0.010903
0.650254 0.492518 0.010845
0.669016 0.488551 0.010998
0.688994 0.485057 0.010834
0.707401 0.480716 0.010809
0.725045 0.476071 0.010841
0.745877 0.471999 0.010875
0.764145 0.468670 0.010778
0.782982 0.465000 0.010898
0.800951 0.460954 0.010875
0.523319 0.539733 0.010947
0.542898 0.536150 0.010858
0.561683 0.532706 0.010839
0.579662 0.527562 0.010862
0.599774 0.522916 0.010892
0.616956 0.520661 0.010944
0.636192 0.515688 0.010878
0.654971 0.511644 0.010829
0.672977 0.507478 0.010832
0.693659 0.504152 0.010887
0.712490 0.499227 0.010935
0.729769 0.494231 0.010847
0.747833 0.490080 0.010934
0.768955 0.487887 0.010861
0.786794 0.482523 0.010921
0.806005 0.478134 0.010819
0.527665 0.560103 0.010801
0.547142 0.555808 0.010731
0.564587 0.551250 0.010771
0.584541 0.548082 0.010767
0.602703 0.541882 0.010941
0.621654 0.538419 0.010861
0.640301 0.534126 0.010878
0.658575 0.529280 0.010869
0.678498 0.526571 0.010861
0.698111 0.522356 0.010877
0.716932 0.518404 0.010799
0.733994 0.514288 0.010889
0.752214 0.508920 0.010816
0.772789 0.504727 0.010872
0.791201 0.501580 0.010934
0.809724 0.497412 0.010782
0.531566 0.578908 0.010786
0.551345 0.574285 0.010860
0.569708 0.570020 0.010892
0.588785 0.565707 0.010933
0.606468 0.561808 0.010930
0.627718 0.557829 0.010930
0.645506 0.553234 0.010798
0.662342 0.549706 0.010781
0.683168 0.545558 0.010732
0.699841 0.540931 0.010895
0.719378 0.536803 0.010825
0.738592 0.533479 0.010845
0.757662 0.528622 0.010828
0.776500 0.524098 0.010754
0.795027 0.519805 0.010842
0.813890 0.516499 0.010901
0.535311 0.597272 0.010962
0.555136 0.592028 0.010908
0.574730 0.588147 0.010939
0.591888 0.584774 0.011004
0.612402 0.581467 0.010868
0.628964 0.575589 0.010909
0.647984 0.572783 0.010914
0.668987 0.566850 0.010851
0.685638 0.563907 0.010882
0.705548 0.559872 0.010947
0.723415 0.556091 0.010898
0.742409 0.551428 0.010962
0.762307 0.547926 0.010712
0.780331 0.543617 0.010811
0.797677 0.540366 0.010813
0.817761 0.535120 0.010772
0.540704 0.615327 0.010828
0.558301 0.611159 0.010914
0.578412 0.606521 0.010902
0.597371 0.602880 0.010750
0.614849 0.599082 0.010898
0.634516 0.595153 0.010741
0.652258 0.591377 0.010786
0.671085 0.586886 0.010964
0.690971 0.582315 0.010809
0.708851 0.579963 0.010894
0.728819 0.574338 0.010872
0.747273 0.570398 0.010854
0.766121 0.566892 0.010927
0.784024 0.562903 0.010925
0.803996 0.558122 0.010902
0.822227 0.553909 0.010763
0.544226 0.634879 0.010939
0.564559 0.629652 0.010735
0.581733 0.625328 0.010743
0.601413 0.621357 0.010717
0.618959 0.616935 0.010831
0.638318 0.613100 0.010826
0.656692 0.609082 0.010924
0.675764 0.606149 0.010811
0.695373 0.600858 0.010835
0.714603 0.597085 0.010913
0.731060 0.593269 0.010965
0.750233 0.589105 0.010864
0.770303 0.585571 0.010866
0.787899 0.580252 0.010787
0.806832 0.576842 0.010886
0.826652 0.572325 0.010780
0.548179 0.652299 0.010858
0.566801 0.649663 0.010798
0.586144 0.645215 0.010911
0.605098 0.641333 0.010959
0.623895 0.636700 0.010873
0.642844 0.632988 0.010879
0.661848 0.629456 0.010894
0.679344 0.625405 0.010981
0.698987 0.619850 0.010847
0.717608 0.615074 0.010743
0.736033 0.611281 0.010982
0.753914 0.606775 0.010915
0.773789 0.604007 0.010791
0.793029 0.599752 0.010878
0.810415 0.594044 0.010873
0.830016 0.591933 0.010890
0.552785 0.671761 0.010894
0.571834 0.667666 0.010848
0.590517 0.664062 0.010920
0.608806 0.660525 0.010937
0.627412 0.655413 0.010889
0.646955 0.651869 0.010814
0.665202 0.646240 0.010918
0.682392 0.643514 0.010694
0.702293 0.638547 0.010896
0.721952 0.634197 0.010744
0.740422 0.631160 0.010927
0.758965 0.626903 0.010769
0.777708 0.623047 0.010836
0.796644 0.618292 0.010820
0.815663 0.613848 0.010916
0.834005 0.609801 0.010940
0.556118 0.690439 0.010942
0.576017 0.687565 0.010858
0.595131 0.682189 0.010845
0.613289 0.677968 0.010804
0.632441 0.673712 0.010813
0.650273 0.669385 0.010749
0.670663 0.665192 0.010892
0.687652 0.660859 0.010723
0.707037 0.657782 0.010803
0.725655 0.653467 0.010850
0.744254 0.650667 0.010932
0.764052 0.645009 0.010773
0.782127 0.642052 0.010926
0.800605 0.636116 0.010896
0.817984 0.633613 0.010880
0.838253 0.629309 0.010822
0.560772 0.709834 0.010903
0.579196 0.705071 0.010864
0.598200 0.700696 0.010849
0.616924 0.696428 0.010903
0.636058 0.692636 0.010890
0.655045 0.688048 0.010813
0.673295 0.684694 0.010791
0.693921 0.681558 0.010747
0.711524 0.677136 0.010762
0.729292 0.672100 0.010844
0.747255 0.668679 0.010740
0.767224 0.663628 0.010841
0.786181 0.660145 0.010815
0.806123 0.655312 0.010808
0.823174 0.651738 0.010786
0.842210 0.647777 0.010757
0.563836 0.727164 0.010963
0.583912 0.723267 0.010810
0.603252 0.718962 0.010823
0.621995 0.714679 0.010810
0.640882 0.712049 0.010820
0.677573 0.702389 0.010822
0.695675 0.700224 0.010819
0.715193 0.696432 0.010823
0.733857 0.691659 0.010841
0.753108 0.687793 0.010902
0.771263 0.683203 0.010937
0.790053 0.679418 0.010820
0.809506 0.675152 0.010806
0.828211 0.670484 0.010885
0.846307 0.667290 0.010727
0.568287 0.748016 0.010949
0.587861 0.743006 0.010735
0.607342 0.740405 0.010931
0.626481 0.735127 0.010769
0.644836 0.731970 0.010959
0.662294 0.726699 0.010828
0.681125 0.723024 0.010942
0.700706 0.716913 0.010826
0.718347 0.713341 0.010757
0.738354 0.709245 0.010793
0.756707 0.705914 0.010820
0.776298 0.701523 0.010910
0.794881 0.698235 0.010798
0.813298 0.692471 0.010794
0.832652 0.689853 0.010872
0.849824 0.685180 0.010931
0.572936 0.765453 0.010862
0.592278 0.761940 0.010792
0.609347 0.757655 0.010894
0.629548 0.753435 0.010944
0.648241 0.749525 0.010907
0.666618 0.744954 0.010866
0.685248 0.741187 0.010899
0.705293 0.736826 0.010805
0.723189 0.731311 0.010839
0.742354 0.728525 0.010888
0.761632 0.724411 0.010869
0.779662 0.719974 0.010838
0.798567 0.716935 0.010763
0.816997 0.712354 0.010729
0.836595 0.709332 0.010871
0.853889 0.705246 0.010785
0.577848 0.783818 0.010895
0.596344 0.780891 0.011016
0.634329 0.771716 0.010953
0.652304 0.768556 0.010844
0.690049 0.760063 0.010823
0.709104 0.755538 0.010812
0.728331 0.752514 0.010862
0.745816 0.747769 0.010845
0.764187 0.743007 0.010817
0.783953 0.738961 0.010928
0.802462 0.735309 0.010786
0.821894 0.730416 0.010807
0.841249 0.725794 0.010763
0.859063 0.722182 0.010879
0.582095 0.803061 0.010832
0.601053 0.798883 0.010731
0.619833 0.795522 0.010857
0.637493 0.789653 0.010819
0.657253 0.787931 0.010887
0.674887 0.783394 0.010858
0.694396 0.778119 0.010845
0.713774 0.774883 0.010747
0.730506 0.769957 0.010728
0.750253 0.766230 0.010957
0.768177 0.762102 0.010861
0.787455 0.757402 0.010925
0.806773 0.753708 0.010748
0.824816 0.751182 0.010774
0.844147 0.746644 0.010798
0.862664 0.741054 0.010858
