238.07 311.52 15
269.18 317.57 16
298.35 321.49 15
330.09 331.35 15
363.00 340.49 16
394.28 343.59 16
428.71 350.41 16
457.08 355.11 16
488.70 357.08 16
516.45 365.85 15
554.92 373.48 15
230.58 339.35 16
265.66 347.86 15
292.06 354.29 15
328.46 361.62 16
354.87 369.16 15
385.05 375.89 16
415.69 374.65 16
452.97 385.58 15
483.87 391.85 15
515.07 395.57 15
549.56 402.59 16
227.93 372.07 16
258.67 378.04 15
284.65 386.93 15
319.13 395.87 15
350.32 397.80 15
380.04 405.60 15
413.66 411.06 16
445.61 417.05 15
476.31 423.03 16
504.64 427.85 16
536.74 439.24 15
215.65 405.29 15
248.08 413.17 16
279.01 415.72 16
313.64 423.54 15
373.49 433.57 16
404.64 442.78 16
435.99 446.65 16
469.04 450.94 15
501.37 464.46 16
532.03 466.84 15
218.18 440.69 15
245.65 442.76 15
275.05 448.74 15
306.14 457.01 15
336.41 462.78 16
368.13 464.90 15
397.27 471.81 15
430.72 477.63 15
461.67 484.86 15
493.49 493.96 16
523.54 497.18 15
207.74 465.43 16
237.31 469.70 16
267.31 478.93 15
300.54 485.26 15
330.73 493.04 16
367.99 500.62 15
392.42 501.50 15
426.60 510.71 15
455.93 516.47 16
491.91 524.79 15
519.76 529.63 15
199.00 495.26 16
232.46 503.12 15
258.71 509.59 15
292.25 519.80 15
325.60 525.54 16
358.02 529.90 15
388.64 531.80 16
417.75 541.50 16
451.23 548.01 15
512.26 561.38 15
194.99 527.82 16
224.36 534.70 15
255.69 541.12 15
288.75 549.82 16
318.84 555.54 15
350.27 559.16 15
383.63 564.49 16
415.07 574.81 16
445.96 576.36 15
472.73 586.95 15
504.55 591.90 15
185.31 563.22 15
220.94 563.95 15
251.74 573.99 15
282.08 575.20 15
311.48 585.52 15
344.26 589.10 15
371.89 596.59 16
405.84 602.39 15
432.80 611.19 15
468.41 615.44 15
497.57 624.07 15
182.09 590.16 16
212.23 597.51 15
243.56 605.58 15
276.35 607.54 16
305.17 615.72 16
334.73 619.36 16
368.31 626.92 15
398.62 634.66 16
432.98 643.18 15
459.22 647.04 15
489.74 651.36 15
173.54 620.73 15
206.96 628.84 15
238.17 635.37 16
268.02 640.37 16
299.23 650.30 16
329.51 650.11 15
363.83 659.88 15
392.44 666.72 15
425.06 675.91 15
452.91 682.15 16
486.50 684.90 15
168.94 652.49 15
195.66 660.25 16
231.00 665.78 16
261.52 671.02 15
292.45 680.15 15
325.71 685.84 16
354.85 689.31 16
387.20 695.67 15
416.07 703.70 16
450.40 708.68 16
478.79 716.63 15
162.26 686.50 15
193.05 689.14 16
226.43 698.74 15
254.26 706.61 15
288.85 706.80 15
320.42 714.47 16
348.40 721.25 16
378.99 727.46 16
410.72 736.70 15
441.90 742.74 16
476.04 748.71 15
159.60 713.37 16
186.38 721.36 15
216.73 728.03 16
244.51 735.17 16
278.69 740.41 16
308.97 749.04 15
342.39 751.80 15
373.68 760.35 15
402.69 762.98 16
435.64 771.60 16
466.63 778.49 16
