207.87 434.23 17.94
226.32 432.20 17.94
238.74 428.40 17.94
253.32 425.88 17.94
270.09 419.60 17.94
286.01 415.21 17.94
323.72 406.23 17.94
338.44 404.51 17.94
354.37 406.11 17.94
367.64 407.25 17.94
384.42 409.97 17.94
420.34 422.36 17.94
437.79 428.32 17.94
453.28 433.35 17.94
467.06 435.53 17.94
481.62 436.94 17.94
497.51 439.09 17.94
514.65 438.32 17.94
527.01 434.48 17.94
543.55 432.81 17.94
582.86 419.12 17.94
597.67 415.85 17.94
612.14 412.68 17.94
627.94 411.14 17.94
665.93 412.61 17.94
680.89 415.66 17.94
708.97 425.19 17.94
725.74 428.96 17.94
740.29 434.12 17.94
755.83 438.12 17.94
212.10 456.01 17.94
228.88 453.77 17.94
244.15 451.24 17.94
259.42 445.66 17.94
274.29 442.59 17.94
291.23 436.79 17.94
330.13 427.90 17.94
359.68 427.52 17.94
374.44 430.98 17.94
387.88 432.44 17.94
402.10 436.43 17.94
442.04 450.09 17.94
456.38 453.61 17.94
472.13 458.82 17.94
487.33 461.69 17.94
501.99 461.07 17.94
517.54 460.53 17.94
532.41 459.43 17.94
546.88 455.91 17.94
563.78 450.03 17.94
580.21 445.22 17.94
593.64 440.99 17.94
631.52 433.44 17.94
647.51 431.48 17.94
678.16 434.87 17.94
693.39 439.24 17.94
707.41 443.36 17.94
724.10 449.82 17.94
738.52 454.80 17.94
752.98 457.78 17.94
209.29 477.20 17.94
223.12 476.84 17.94
238.11 472.05 17.94
253.88 469.86 17.94
292.31 457.91 17.94
307.33 453.39 17.94
323.58 449.62 17.94
337.63 448.74 17.94
354.17 448.83 17.94
394.30 456.75 17.94
406.03 460.42 17.94
421.12 468.61 17.94
437.23 470.88 17.94
451.19 477.08 17.94
468.58 479.56 17.94
481.41 480.85 17.94
499.26 483.27 17.94
512.63 483.41 17.94
530.22 478.96 17.94
543.90 475.24 17.94
583.53 463.09 17.94
597.26 459.26 17.94
612.40 456.72 17.94
628.07 452.87 17.94
642.29 454.46 17.94
658.17 454.48 17.94
672.81 456.56 17.94
690.23 460.38 17.94
704.39 465.99 17.94
719.36 470.33 17.94
733.74 475.94 17.94
205.33 498.91 17.94
216.97 496.57 17.94
234.94 494.08 17.94
249.07 489.83 17.94
263.83 485.12 17.94
279.93 480.79 17.94
295.17 476.98 17.94
309.78 472.23 17.94
341.84 472.16 17.94
355.17 471.94 17.94
394.51 480.11 17.94
408.54 486.34 17.94
423.48 490.88 17.94
462.10 502.35 17.94
475.45 503.39 17.94
505.83 504.29 17.94
522.10 501.87 17.94
537.46 497.64 17.94
552.89 493.27 17.94
568.18 488.34 17.94
582.90 484.56 17.94
622.48 477.32 17.94
638.07 475.22 17.94
652.04 476.46 17.94
667.18 477.96 17.94
681.16 480.89 17.94
699.92 487.51 17.94
714.94 493.63 17.94
728.45 496.46 17.94
743.51 504.13 17.94
760.11 506.58 17.94
772.94 507.41 17.94
206.59 520.81 17.94
222.10 519.03 17.94
237.57 516.79 17.94
252.40 512.22 17.94
267.86 507.39 17.94
283.25 503.73 17.94
297.59 500.52 17.94
314.30 495.92 17.94
329.70 492.67 17.94
365.83 492.22 17.94
381.88 499.03 17.94
396.97 502.08 17.94
410.21 505.50 17.94
429.16 513.82 17.94
441.72 516.88 17.94
457.85 520.81 17.94
471.57 524.39 17.94
489.30 526.80 17.94
504.17 524.65 17.94
539.63 521.20 17.94
572.90 509.77 17.94
587.30 505.16 17.94
626.51 497.50 17.94
640.99 497.80 17.94
655.22 498.53 17.94
671.30 501.60 17.94
687.50 505.24 17.94
212.01 542.02 17.94
226.94 541.68 17.94
242.19 537.98 17.94
258.13 535.49 17.94
273.27 530.55 17.94
289.00 525.67 17.94
303.17 520.59 17.94
318.83 517.85 17.94
334.97 515.35 17.94
350.26 514.30 17.94
365.51 516.88 17.94
402.85 523.49 17.94
418.16 528.65 17.94
432.54 534.75 17.94
447.42 539.61 17.94
487.91 546.78 17.94
500.35 549.35 17.94
516.05 546.19 17.94
532.49 544.45 17.94
547.61 542.06 17.94
562.55 539.05 17.94
601.89 525.07 17.94
615.74 522.94 17.94
629.60 520.29 17.94
645.34 519.19 17.94
661.00 519.79 17.94
676.93 523.14 17.94
691.70 526.95 17.94
706.28 531.72 17.94
721.99 536.04 17.94
207.85 564.79 17.94
222.32 564.91 17.94
237.15 558.99 17.94
252.30 556.94 17.94
266.93 552.33 17.94
283.70 548.31 17.94
299.99 542.51 17.94
315.49 539.38 17.94
329.66 536.10 17.94
368.64 538.10 17.94
383.24 543.48 17.94
396.52 546.45 17.94
414.05 552.72 17.94
426.77 555.23 17.94
442.20 561.64 17.94
459.90 563.30 17.94
473.33 569.20 17.94
504.30 568.90 17.94
542.58 561.97 17.94
558.14 558.75 17.94
573.91 552.76 17.94
589.74 549.65 17.94
603.68 544.80 17.94
641.10 542.66 17.94
656.32 542.15 17.94
672.68 545.43 17.94
688.48 548.30 17.94
724.59 560.46 17.94
740.52 565.82 17.94
756.60 571.27 17.94
771.20 572.41 17.94
784.52 576.33 17.94
800.18 574.73 17.94
388.45 525.90 7.01
394.89 527.88 7.01
400.97 530.20 7.01
407.45 532.63 7.01
412.62 533.31 7.01
434.80 541.50 7.01
440.18 543.49 7.01
446.26 544.27 7.01
452.86 546.42 7.01
458.43 548.46 7.01
464.67 550.20 7.01
470.81 551.37 7.01
476.40 552.25 7.01
491.89 553.59 7.01
498.33 554.06 7.01
503.86 553.88 7.01
510.49 553.89 7.01
515.81 552.85 7.01
