0.206780 0.434232 0.017942
0.225140 0.432198 0.017942
0.237493 0.428404 0.017942
0.251994 0.425881 0.017942
0.268674 0.419600 0.017942
0.284516 0.415211 0.017942
0.322030 0.406225 0.017942
0.336668 0.404505 0.017942
0.352522 0.406113 0.017942
0.365716 0.407251 0.017942
0.382407 0.409970 0.017942
0.418144 0.422357 0.017942
0.435508 0.428322 0.017942
0.450908 0.433347 0.017942
0.464622 0.435529 0.017942
0.479108 0.436936 0.017942
0.494912 0.439093 0.017942
0.511958 0.438324 0.017942
0.524258 0.434483 0.017942
0.540710 0.432810 0.017942
0.579815 0.419123 0.017942
0.594548 0.415846 0.017942
0.608942 0.412681 0.017942
0.624659 0.411136 0.017942
0.662451 0.412614 0.017942
0.677331 0.415659 0.017942
0.705268 0.425190 0.017942
0.721945 0.428960 0.017942
0.736423 0.434117 0.017942
0.751885 0.438116 0.017942
0.210994 0.456006 0.017942
0.227680 0.453770 0.017942
0.242873 0.451241 0.017942
0.258060 0.445657 0.017942
0.272860 0.442586 0.017942
0.289713 0.436787 0.017942
0.328403 0.427898 0.017942
0.357804 0.427519 0.017942
0.372486 0.430981 0.017942
0.385859 0.432436 0.017942
0.400002 0.436426 0.017942
0.439728 0.450086 0.017942
0.454000 0.453612 0.017942
0.469666 0.458821 0.017942
0.484782 0.461690 0.017942
0.499370 0.461073 0.017942
0.514838 0.460526 0.017942
0.529627 0.459432 0.017942
0.544019 0.455906 0.017942
0.560838 0.450033 0.017942
0.577176 0.445224 0.017942
0.590542 0.440992 0.017942
0.628222 0.433445 0.017942
0.644124 0.431477 0.017942
0.674622 0.434872 0.017942
0.689771 0.439242 0.017942
0.703716 0.443358 0.017942
0.720319 0.449815 0.017942
0.734667 0.454804 0.017942
0.749045 0.457780 0.017942
0.208195 0.477198 0.017942
0.221959 0.476837 0.017942
0.236867 0.472045 0.017942
0.252556 0.469859 0.017942
0.290784 0.457909 0.017942
0.305726 0.453394 0.017942
0.321886 0.449623 0.017942
0.335866 0.448742 0.017942
0.352324 0.448834 0.017942
0.392240 0.456749 0.017942
0.403909 0.460424 0.017942
0.418916 0.468609 0.017942
0.434950 0.470884 0.017942
0.448833 0.477081 0.017942
0.466134 0.479563 0.017942
0.478892 0.480850 0.017942
0.496653 0.483273 0.017942
0.509955 0.483409 0.017942
0.527449 0.478956 0.017942
0.541058 0.475236 0.017942
0.580481 0.463094 0.017942
0.594141 0.459264 0.017942
0.609205 0.456717 0.017942
0.624794 0.452873 0.017942
0.638939 0.454458 0.017942
0.654735 0.454482 0.017942
0.669291 0.456557 0.017942
0.686628 0.460384 0.017942
0.700709 0.465993 0.017942
0.715602 0.470331 0.017942
0.729905 0.475942 0.017942
0.204255 0.498912 0.017942
0.215840 0.496571 0.017942
0.233712 0.494082 0.017942
0.247770 0.489831 0.017942
0.262456 0.485125 0.017942
0.278466 0.480794 0.017942
0.293627 0.476983 0.017942
0.308159 0.472228 0.017942
0.340057 0.472161 0.017942
0.353312 0.471945 0.017942
0.392444 0.480106 0.017942
0.406402 0.486343 0.017942
0.421265 0.490882 0.017942
0.459688 0.502348 0.017942
0.472965 0.503388 0.017942
0.503187 0.504287 0.017942
0.519373 0.501872 0.017942
0.534657 0.497638 0.017942
0.550006 0.493267 0.017942
0.565212 0.488340 0.017942
0.579853 0.484563 0.017942
0.619231 0.477316 0.017942
0.634736 0.475217 0.017942
0.648632 0.476456 0.017942
0.663693 0.477960 0.017942
0.677602 0.480891 0.017942
0.696268 0.487509 0.017942
0.711208 0.493628 0.017942
0.724650 0.496460 0.017942
0.739626 0.504129 0.017942
0.756139 0.506582 0.017942
0.768906 0.507408 0.017942
0.205507 0.520806 0.017942
0.220937 0.519032 0.017942
0.236327 0.516790 0.017942
0.251085 0.512216 0.017942
0.266464 0.507390 0.017942
0.281772 0.503734 0.017942
0.296033 0.500523 0.017942
0.312655 0.495916 0.017942
0.327974 0.492668 0.017942
0.363917 0.492217 0.017942
0.379881 0.499030 0.017942
0.394894 0.502077 0.017942
0.408071 0.505504 0.017942
0.426918 0.513821 0.017942
0.439413 0.516879 0.017942
0.455458 0.520811 0.017942
0.469103 0.524388 0.017942
0.486742 0.526799 0.017942
0.501537 0.524649 0.017942
0.536815 0.521201 0.017942
0.569907 0.509768 0.017942
0.584232 0.505158 0.017942
0.623241 0.497499 0.017942
0.637646 0.497798 0.017942
0.651797 0.498533 0.017942
0.667793 0.501596 0.017942
0.683909 0.505245 0.017942
0.210902 0.542019 0.017942
0.225755 0.541678 0.017942
0.240923 0.537979 0.017942
0.256786 0.535491 0.017942
0.271844 0.530548 0.017942
0.287491 0.525673 0.017942
0.301583 0.520588 0.017942
0.317160 0.517848 0.017942
0.333222 0.515352 0.017942
0.348432 0.514299 0.017942
0.363597 0.516879 0.017942
0.400745 0.523488 0.017942
0.415971 0.528651 0.017942
0.430279 0.534749 0.017942
0.445081 0.539614 0.017942
0.485365 0.546776 0.017942
0.497741 0.549346 0.017942
0.513354 0.546194 0.017942
0.529706 0.544449 0.017942
0.544753 0.542062 0.017942
0.559614 0.539050 0.017942
0.598747 0.525065 0.017942
0.612527 0.522943 0.017942
0.626310 0.520289 0.017942
0.641966 0.519193 0.017942
0.657543 0.519792 0.017942
0.673396 0.523143 0.017942
0.688091 0.526947 0.017942
0.702591 0.531722 0.017942
0.718221 0.536040 0.017942
0.206767 0.564794 0.017942
0.221161 0.564915 0.017942
0.235907 0.558986 0.017942
0.250978 0.556940 0.017942
0.265536 0.552333 0.017942
0.282215 0.548310 0.017942
0.298425 0.542513 0.017942
0.313847 0.539380 0.017942
0.327936 0.536101 0.017942
0.366712 0.538103 0.017942
0.381238 0.543476 0.017942
0.394447 0.546447 0.017942
0.411884 0.552720 0.017942
0.424541 0.555231 0.017942
0.439894 0.561645 0.017942
0.457502 0.563301 0.017942
0.470857 0.569202 0.017942
0.501668 0.568901 0.017942
0.539751 0.561969 0.017942
0.555229 0.558745 0.017942
0.570912 0.552762 0.017942
0.586658 0.549653 0.017942
0.600530 0.544801 0.017942
0.637749 0.542660 0.017942
0.652894 0.542154 0.017942
0.669165 0.545432 0.017942
0.684884 0.548303 0.017942
0.720805 0.560459 0.017942
0.736652 0.565815 0.017942
0.752645 0.571275 0.017942
0.767174 0.572407 0.017942
0.780422 0.576330 0.017942
0.796002 0.574734 0.017942
0.386419 0.525902 0.007012
0.392823 0.527876 0.007012
0.398874 0.530201 0.007012
0.405326 0.532630 0.007012
0.410463 0.533311 0.007012
0.432524 0.541502 0.007012
0.437885 0.543487 0.007012
0.443926 0.544268 0.007012
0.450494 0.546418 0.007012
0.456040 0.548460 0.007012
0.462240 0.550197 0.007012
0.468347 0.551368 0.007012
0.473911 0.552248 0.007012
0.489316 0.553594 0.007012
0.495725 0.554059 0.007012
0.501226 0.553876 0.007012
0.507823 0.553893 0.007012
0.513118 0.552855 0.007012
