0.230398 0.227266 0.019408
0.244101 0.227789 0.019408
0.259961 0.226346 0.019408
0.276698 0.228587 0.019408
0.292553 0.228577 0.019408
0.305651 0.226517 0.019408
0.363044 0.226709 0.019408
0.377081 0.223494 0.019408
0.391543 0.225942 0.019408
0.407465 0.223232 0.019408
0.423533 0.222092 0.019408
0.438073 0.222387 0.019408
0.453856 0.221017 0.019408
0.469503 0.221626 0.019408
0.485485 0.220410 0.019408
0.501757 0.220024 0.019408
0.516447 0.220361 0.019408
0.554622 0.220593 0.019408
0.571317 0.220563 0.019408
0.586625 0.220579 0.019408
0.625316 0.222482 0.019408
0.639847 0.223786 0.019408
0.658634 0.224011 0.019408
0.671493 0.224891 0.019408
0.686507 0.227994 0.019408
0.701721 0.227284 0.019408
0.230280 0.262032 0.019408
0.245625 0.262055 0.019408
0.261581 0.263244 0.019408
0.276383 0.263308 0.019408
0.292250 0.261894 0.019408
0.305710 0.262532 0.019408
0.322930 0.262783 0.019408
0.337165 0.260413 0.019408
0.353916 0.260596 0.019408
0.367174 0.260465 0.019408
0.407628 0.259895 0.019408
0.422780 0.256972 0.019408
0.440189 0.256249 0.019408
0.454980 0.254537 0.019408
0.469646 0.253785 0.019408
0.508304 0.254709 0.019408
0.524185 0.253814 0.019408
0.538919 0.253816 0.019408
0.556009 0.253454 0.019408
0.570289 0.254584 0.019408
0.587324 0.254578 0.019408
0.602126 0.256625 0.019408
0.616740 0.255904 0.019408
0.631964 0.256702 0.019408
0.648509 0.258227 0.019408
0.686099 0.260638 0.019408
0.700558 0.261899 0.019408
0.717459 0.265206 0.019408
0.733009 0.262436 0.019408
0.747952 0.268625 0.019408
0.764571 0.266497 0.019408
0.793387 0.269064 0.019408
0.810312 0.268661 0.019408
0.224595 0.294679 0.019408
0.241566 0.295261 0.019408
0.256996 0.295314 0.019408
0.272334 0.296170 0.019408
0.288739 0.296861 0.019408
0.304231 0.295581 0.019408
0.339643 0.294277 0.019408
0.358010 0.293023 0.019408
0.371110 0.295697 0.019408
0.387522 0.293506 0.019408
0.404169 0.293016 0.019408
0.417766 0.291492 0.019408
0.458799 0.292211 0.019408
0.473148 0.288089 0.019408
0.486821 0.288710 0.019408
0.504179 0.287926 0.019408
0.520012 0.288727 0.019408
0.557454 0.287084 0.019408
0.590183 0.289689 0.019408
0.605973 0.290401 0.019408
0.620484 0.291930 0.019408
0.636372 0.291773 0.019408
0.676132 0.292637 0.019408
0.690025 0.295645 0.019408
0.704482 0.299223 0.019408
0.736787 0.297636 0.019408
0.751059 0.301734 0.019408
0.766923 0.301205 0.019408
0.219326 0.329798 0.019408
0.233838 0.329735 0.019408
0.250075 0.329678 0.019408
0.266146 0.332001 0.019408
0.280526 0.331044 0.019408
0.295999 0.330258 0.019408
0.335530 0.328797 0.019408
0.349917 0.329090 0.019408
0.367430 0.328329 0.019408
0.420502 0.326939 0.019408
0.437337 0.324414 0.019408
0.451835 0.324305 0.019408
0.467939 0.322228 0.019408
0.481557 0.322270 0.019408
0.497547 0.322144 0.019408
0.514454 0.322377 0.019408
0.529714 0.321304 0.019408
0.568240 0.321631 0.019408
0.582613 0.323345 0.019408
0.598909 0.323613 0.019408
0.614258 0.325008 0.019408
0.630757 0.325836 0.019408
0.645842 0.326418 0.019408
0.661308 0.328454 0.019408
0.676989 0.330016 0.019408
0.692335 0.330477 0.019408
0.745708 0.334870 0.019408
0.760950 0.337610 0.019408
0.775821 0.336510 0.019408
0.789916 0.337805 0.019408
0.807471 0.338837 0.019408
0.824112 0.341026 0.019408
0.838836 0.340438 0.019408
0.214155 0.363609 0.019408
0.231155 0.364441 0.019408
0.245900 0.362643 0.019408
0.261346 0.366471 0.019408
0.275776 0.365509 0.019408
0.291916 0.364109 0.019408
0.307418 0.363584 0.019408
0.344544 0.363388 0.019408
0.361740 0.362193 0.019408
0.377512 0.361231 0.019408
0.391946 0.359875 0.019408
0.408573 0.359264 0.019408
0.423350 0.359236 0.019408
0.461177 0.361108 0.019408
0.477558 0.356922 0.019408
0.494307 0.355152 0.019408
0.508052 0.358683 0.019408
0.523821 0.355017 0.019408
0.561832 0.357572 0.019408
0.579002 0.358795 0.019408
0.593957 0.357106 0.019408
0.607510 0.359612 0.019408
0.648088 0.359668 0.019408
0.662068 0.363962 0.019408
0.678684 0.362729 0.019408
0.696102 0.365537 0.019408
0.709659 0.367100 0.019408
0.724563 0.367246 0.019408
0.742139 0.370377 0.019408
0.756438 0.371076 0.019408
0.770100 0.372766 0.019408
0.785845 0.372858 0.019408
0.800872 0.371496 0.019408
0.818018 0.373582 0.019408
0.831149 0.375454 0.019408
0.850377 0.376897 0.019408
0.863799 0.375843 0.019408
0.211318 0.399008 0.019408
0.228269 0.398388 0.019408
0.258073 0.398371 0.019408
0.274150 0.400401 0.019408
0.288909 0.399182 0.019408
0.304057 0.398553 0.019408
0.319935 0.398166 0.019408
0.359458 0.396240 0.019408
0.373144 0.396313 0.019408
0.405544 0.392576 0.019408
0.421062 0.394991 0.019408
0.435195 0.393189 0.019408
0.452114 0.391791 0.019408
0.467377 0.391092 0.019408
0.481607 0.390599 0.019408
0.522467 0.391334 0.019408
0.535842 0.391785 0.019408
0.551497 0.390930 0.019408
0.566244 0.393054 0.019408
0.580252 0.392963 0.019408
0.620487 0.395531 0.019408
0.636862 0.395818 0.019408
0.652048 0.395852 0.019408
0.669317 0.397665 0.019408
0.682750 0.400015 0.019408
0.698004 0.399649 0.019408
0.714135 0.401588 0.019408
0.729771 0.404920 0.019408
0.210295 0.432999 0.019408
0.226261 0.432871 0.019408
0.243666 0.434018 0.019408
0.258543 0.431900 0.019408
0.275261 0.432364 0.019408
0.290618 0.434278 0.019408
0.328884 0.432077 0.019408
0.342833 0.431049 0.019408
0.359099 0.429998 0.019408
0.372230 0.430643 0.019408
0.390292 0.429165 0.019408
0.444346 0.426523 0.019408
0.458835 0.424224 0.019408
0.475982 0.426281 0.019408
0.490350 0.425399 0.019408
0.506599 0.423808 0.019408
0.520866 0.424162 0.019408
0.538713 0.426235 0.019408
0.575301 0.426012 0.019408
0.591612 0.425391 0.019408
0.608137 0.427997 0.019408
0.623220 0.427689 0.019408
0.636612 0.428504 0.019408
0.653266 0.430910 0.019408
0.667983 0.431019 0.019408
0.682762 0.433159 0.019408
0.698931 0.433899 0.019408
0.216108 0.468634 0.019408
0.232245 0.468458 0.019408
0.245102 0.467232 0.019408
0.261174 0.468703 0.019408
0.277472 0.466559 0.019408
0.316965 0.466664 0.019408
0.332297 0.465180 0.019408
0.346354 0.466309 0.019408
0.360674 0.465313 0.019408
0.377260 0.464662 0.019408
0.392747 0.464219 0.019408
0.409411 0.464359 0.019408
0.447606 0.460717 0.019408
0.463683 0.461068 0.019408
0.479023 0.461300 0.019408
0.493969 0.460872 0.019408
0.510405 0.459682 0.019408
0.525427 0.462001 0.019408
0.540141 0.460018 0.019408
0.579760 0.460640 0.019408
0.595473 0.461562 0.019408
0.610475 0.461489 0.019408
0.627423 0.462110 0.019408
0.641802 0.463784 0.019408
0.658438 0.464448 0.019408
0.671551 0.465413 0.019408
0.687953 0.466367 0.019408
0.220119 0.499996 0.019408
0.235156 0.502375 0.019408
0.251467 0.502387 0.019408
0.267884 0.501232 0.019408
0.282358 0.502492 0.019408
0.297574 0.503485 0.019408
0.314426 0.501978 0.019408
0.352486 0.499436 0.019408
0.367893 0.498559 0.019408
0.406385 0.498991 0.019408
0.422016 0.496216 0.019408
0.438339 0.495609 0.019408
0.452391 0.496035 0.019408
0.470377 0.496621 0.019408
0.484376 0.495076 0.019408
0.500038 0.493059 0.019408
0.538033 0.494548 0.019408
0.553350 0.491250 0.019408
0.569394 0.495203 0.019408
0.585020 0.494983 0.019408
0.624068 0.497137 0.019408
0.639933 0.497723 0.019408
0.654737 0.499541 0.019408
0.670871 0.498642 0.019408
0.684843 0.502223 0.019408
0.702105 0.503073 0.019408
0.715912 0.504734 0.019408
0.732314 0.505035 0.019408
0.747481 0.507757 0.019408
0.764351 0.508654 0.019408
0.777975 0.508883 0.019408
0.224336 0.536130 0.019408
0.240762 0.538259 0.019408
0.255658 0.536165 0.019408
0.271505 0.536079 0.019408
0.285205 0.534976 0.019408
0.300254 0.535606 0.019408
0.316189 0.536424 0.019408
0.331418 0.532594 0.019408
0.371649 0.533782 0.019408
0.386177 0.534288 0.019408
0.402869 0.532065 0.019408
0.418126 0.531673 0.019408
0.432679 0.531134 0.019408
0.448338 0.529453 0.019408
0.462930 0.529445 0.019408
0.480459 0.528531 0.019408
0.497892 0.529630 0.019408
0.512231 0.529303 0.019408
0.550008 0.529787 0.019408
0.565555 0.529540 0.019408
0.579664 0.528079 0.019408
0.597619 0.529904 0.019408
0.610941 0.529827 0.019408
0.626381 0.530593 0.019408
0.666720 0.534050 0.019408
0.681882 0.534760 0.019408
0.694950 0.536561 0.019408
0.712816 0.538355 0.019408
0.727933 0.538736 0.019408
0.742302 0.540800 0.019408
0.758849 0.541055 0.019408
0.774933 0.541965 0.019408
0.788976 0.545390 0.019408
0.805678 0.544521 0.019408
0.820636 0.545845 0.019408
0.224137 0.571231 0.019408
0.255615 0.570890 0.019408
0.271253 0.570997 0.019408
0.286647 0.571238 0.019408
0.316887 0.568735 0.019408
0.356024 0.569221 0.019408
0.374716 0.568500 0.019408
0.388999 0.568691 0.019408
0.403416 0.565858 0.019408
0.419581 0.564574 0.019408
0.435524 0.565468 0.019408
0.447042 0.564436 0.019408
0.465640 0.563799 0.019408
0.503864 0.561469 0.019408
0.517991 0.562798 0.019408
0.536556 0.563283 0.019408
0.548683 0.559780 0.019408
0.566372 0.562993 0.019408
0.582262 0.562666 0.019408
0.596927 0.564891 0.019408
0.611700 0.564341 0.019408
0.652655 0.566690 0.019408
0.665710 0.568175 0.019408
0.681784 0.569120 0.019408
0.697154 0.570716 0.019408
0.712879 0.569780 0.019408
0.729866 0.573361 0.019408
0.222104 0.604823 0.019408
0.236489 0.603514 0.019408
0.251643 0.605198 0.019408
0.268885 0.606196 0.019408
0.284368 0.604521 0.019408
0.299231 0.604703 0.019408
0.314188 0.606631 0.019408
0.353982 0.602412 0.019408
0.369085 0.601708 0.019408
0.383773 0.603945 0.019408
0.400124 0.599930 0.019408
0.415722 0.599008 0.019408
0.429880 0.598637 0.019408
0.445820 0.599835 0.019408
0.462332 0.598788 0.019408
0.476391 0.597293 0.019408
0.515753 0.598169 0.019408
0.532280 0.595548 0.019408
0.546118 0.596246 0.019408
0.561731 0.597216 0.019408
0.578407 0.598969 0.019408
0.593824 0.597887 0.019408
0.632166 0.599602 0.019408
0.648041 0.601774 0.019408
0.661901 0.603610 0.019408
0.678874 0.602074 0.019408
0.693926 0.605274 0.019408
0.710434 0.606053 0.019408
0.725690 0.607852 0.019408
0.739355 0.607419 0.019408
0.216486 0.638342 0.019408
0.231409 0.638488 0.019408
0.246517 0.641282 0.019408
0.263726 0.639870 0.019408
0.277799 0.640263 0.019408
0.317429 0.637741 0.019408
0.331454 0.638732 0.019408
0.348010 0.636998 0.019408
0.362546 0.636939 0.019408
0.378487 0.634996 0.019408
0.393799 0.635633 0.019408
0.409752 0.633171 0.019408
0.446461 0.634704 0.019408
0.462474 0.632688 0.019408
0.479711 0.632033 0.019408
0.494271 0.632244 0.019408
0.508915 0.631180 0.019408
0.525446 0.630517 0.019408
0.541550 0.632317 0.019408
0.556357 0.632274 0.019408
0.572501 0.631079 0.019408
0.609352 0.633968 0.019408
0.625629 0.634807 0.019408
0.642873 0.634422 0.019408
0.655758 0.638254 0.019408
0.673249 0.637566 0.019408
0.712611 0.639401 0.019408
0.727911 0.643342 0.019408
0.743614 0.643767 0.019408
0.759106 0.643586 0.019408
0.774165 0.645374 0.019408
0.787475 0.645926 0.019408
0.804447 0.647239 0.019408
0.820440 0.647097 0.019408
0.832999 0.650732 0.019408
0.851751 0.648984 0.019408
0.866011 0.651302 0.019408
0.208959 0.673782 0.019408
0.224656 0.673196 0.019408
0.240690 0.674000 0.019408
0.254380 0.674590 0.019408
0.296123 0.672574 0.019408
0.309884 0.672245 0.019408
0.326333 0.672086 0.019408
0.342176 0.672915 0.019408
0.356389 0.670321 0.019408
0.371042 0.672282 0.019408
0.388405 0.669940 0.019408
0.402426 0.668791 0.019408
0.419699 0.667732 0.019408
0.456856 0.668019 0.019408
0.474411 0.665820 0.019408
0.489057 0.664845 0.019408
0.205890 0.707184 0.019408
0.221102 0.709090 0.019408
0.237520 0.709230 0.019408
0.252877 0.708045 0.019408
0.267239 0.707905 0.019408
0.306323 0.708132 0.019408
0.320748 0.706708 0.019408
0.339371 0.705117 0.019408
0.353413 0.703962 0.019408
0.370359 0.704333 0.019408
0.384282 0.705038 0.019408
0.400495 0.702090 0.019408
0.414674 0.702744 0.019408
0.430360 0.699526 0.019408
0.468445 0.701226 0.019408
0.487084 0.700542 0.019408
0.500459 0.699251 0.019408
0.514982 0.701607 0.019408
0.531183 0.701757 0.019408
0.548388 0.698305 0.019408
0.584629 0.701466 0.019408
0.601705 0.702111 0.019408
0.632131 0.704541 0.019408
0.647801 0.705749 0.019408
0.685966 0.708523 0.019408
0.701261 0.708653 0.019408
0.716105 0.709202 0.019408
0.732451 0.710720 0.019408
0.206262 0.741632 0.019408
0.236602 0.743034 0.019408
0.250823 0.741740 0.019408
0.269718 0.741556 0.019408
0.283048 0.741104 0.019408
0.323047 0.741118 0.019408
0.336706 0.740159 0.019408
0.354453 0.741125 0.019408
0.369953 0.739483 0.019408
0.382864 0.738559 0.019408
0.398288 0.735880 0.019408
0.415265 0.737034 0.019408
0.431384 0.736301 0.019408
0.446462 0.734270 0.019408
0.461335 0.733269 0.019408
0.515801 0.733454 0.019408
0.530870 0.735922 0.019408
0.545253 0.734605 0.019408
0.561254 0.735532 0.019408
0.577919 0.735630 0.019408
0.615471 0.737577 0.019408
0.634049 0.738599 0.019408
0.648571 0.738858 0.019408
0.662684 0.741282 0.019408
0.700386 0.742816 0.019408
0.717270 0.745061 0.019408
0.732305 0.747502 0.019408
0.748519 0.749021 0.019408
0.761408 0.748929 0.019408
0.779264 0.748409 0.019408
0.793494 0.749924 0.019408
0.809715 0.753150 0.019408
0.826955 0.751496 0.019408
0.841087 0.753271 0.019408
0.394279 0.545588 0.006895
0.400826 0.543324 0.006895
0.407306 0.545184 0.006895
0.412726 0.544780 0.006895
0.418777 0.544285 0.006895
0.425979 0.542804 0.006895
0.389336 0.612986 0.007834
0.394164 0.612892 0.007834
0.398895 0.612410 0.007834
0.403492 0.612674 0.007834
0.408052 0.612186 0.007834
0.412740 0.611584 0.007834
0.417665 0.611382 0.007834
0.422237 0.611390 0.007834
0.426659 0.611045 0.007834
0.438902 0.611153 0.007834
0.443352 0.610082 0.007834
0.448438 0.610082 0.007834
0.452196 0.610626 0.007834
0.457161 0.610731 0.007834
0.461830 0.609551 0.007834
0.466254 0.608833 0.007834
0.470853 0.609844 0.007834
0.475917 0.609251 0.007834
0.479959 0.609215 0.007834
0.492026 0.608649 0.007834
0.497022 0.608913 0.007834
0.501325 0.608964 0.007834
0.505781 0.609826 0.007834
0.510680 0.608602 0.007834
0.514679 0.608276 0.007834
0.520471 0.607928 0.007834
0.523789 0.608450 0.007834
0.529785 0.608449 0.007834
0.383609 0.646725 0.007731
0.388484 0.646800 0.007731
0.392462 0.646256 0.007731
0.397161 0.645862 0.007731
0.402486 0.644371 0.007731
0.413859 0.644937 0.007731
0.419061 0.644838 0.007731
0.423065 0.645153 0.007731
0.427976 0.644449 0.007731
0.444686 0.643964 0.007731
0.448429 0.643333 0.007731
0.453814 0.643841 0.007731
0.458079 0.643087 0.007731
0.463187 0.642703 0.007731
0.467342 0.643823 0.007731
0.476857 0.642499 0.007731
-0.078359 0.763783 0.009855
-0.071796 0.766569 0.009855
-0.063964 0.770413 0.009855
-0.056916 0.774038 0.009855
-0.048560 0.777919 0.009855
-0.042783 0.782030 0.009855
-0.035965 0.785343 0.009855
-0.017779 0.793729 0.009855
-0.010078 0.797775 0.009855
-0.003551 0.801203 0.009855
0.003496 0.805972 0.009855
0.020638 0.814912 0.009855
0.026595 0.820105 0.009855
0.033704 0.822857 0.009855
0.039916 0.828158 0.009855
0.046913 0.833150 0.009855
0.062009 0.844176 0.009855
0.068258 0.849433 0.009855
0.074847 0.855355 0.009855
0.080504 0.859949 0.009855
0.087931 0.864823 0.009855
0.092781 0.870935 0.009855
0.098951 0.875249 0.009855
0.105149 0.881186 0.009855
0.110132 0.886850 0.009855
0.116296 0.892604 0.009855
-0.086397 0.777432 0.009855
-0.079401 0.781592 0.009855
-0.071821 0.785009 0.009855
-0.066114 0.788175 0.009855
-0.040831 0.800701 0.009855
-0.033921 0.804553 0.009855
-0.026451 0.808958 0.009855
-0.019414 0.812409 0.009855
-0.012213 0.815583 0.009855
-0.004999 0.819676 0.009855
0.002020 0.823363 0.009855
0.007727 0.827705 0.009855
0.015773 0.831760 0.009855
0.022177 0.836120 0.009855
0.038772 0.846371 0.009855
0.044534 0.851648 0.009855
0.050898 0.857001 0.009855
0.056515 0.861544 0.009855
0.063659 0.866475 0.009855
0.069805 0.870695 0.009855
0.075064 0.876208 0.009855
0.089585 0.889513 0.009855
0.095690 0.895490 0.009855
0.100917 0.901871 0.009855
0.107730 0.906985 0.009855
0.112730 0.913218 0.009855
0.117751 0.918540 0.009855
0.124369 0.923820 0.009855
0.137330 0.938934 0.009855
0.143267 0.944888 0.009855
0.149435 0.950434 0.009855
0.163348 0.964977 0.009855
0.168816 0.971118 0.009855
0.174619 0.976565 0.009855
0.179804 0.982178 0.009855
0.185616 0.987948 0.009855
0.191830 0.992487 0.009855
0.197138 0.999833 0.009855
0.204077 1.003410 0.009855
0.209009 1.008787 0.009855
0.216547 1.013884 0.009855
0.221684 1.018837 0.009855
0.237618 1.030885 0.009855
0.245100 1.035186 0.009855
0.250393 1.039451 0.009855
0.256786 1.043962 0.009855
0.264285 1.047658 0.009855
0.270740 1.052210 0.009855
0.277860 1.056494 0.009855
0.284588 1.060266 0.009855
0.291643 1.063595 0.009855
