0.622085 0.538682 0.021218
0.609696 0.567496 0.021218
0.590630 0.591117 0.021218
0.565837 0.608265 0.021218
0.536582 0.618338 0.021218
0.504422 0.621417 0.021218
0.471144 0.618000 0.021218
0.438684 0.608621 0.021218
0.409008 0.593623 0.021218
0.383984 0.573237 0.021218
0.365243 0.547851 0.021218
0.354031 0.518271 0.021218
0.351093 0.485804 0.021218
0.356598 0.452202 0.021218
0.390793 0.390164 0.021218
0.417228 0.366417 0.021218
0.447810 0.350485 0.021218
0.480707 0.343937 0.021218
0.513984 0.347354 0.021218
0.545708 0.360203 0.021218
0.574057 0.381059 0.021218
0.597439 0.408045 0.021218
0.614592 0.439197 0.021218
0.624652 0.472612 0.021218
0.660212 0.512251 0.021218
0.655843 0.545094 0.021218
0.645512 0.575540 0.021218
0.629560 0.602255 0.021218
0.608482 0.624071 0.021218
0.582944 0.640178 0.021218
0.553779 0.650270 0.021218
0.521992 0.654545 0.021218
0.488728 0.653527 0.021218
0.455240 0.647781 0.021218
0.422840 0.637665 0.021218
0.392849 0.623265 0.021218
0.366537 0.604524 0.021218
0.345062 0.581471 0.021218
0.329396 0.554413 0.021218
0.320256 0.524006 0.021218
0.318050 0.491219 0.021218
0.322849 0.457253 0.021218
0.334387 0.423473 0.021218
0.352104 0.391376 0.021218
0.402686 0.338768 0.021218
0.433449 0.321549 0.021218
0.466279 0.312194 0.021218
0.499904 0.311365 0.021218
0.533031 0.318957 0.021218
0.564389 0.334154 0.021218
0.592781 0.355681 0.021218
0.617143 0.382126 0.021218
0.636601 0.412160 0.021218
0.650503 0.444600 0.021218
0.658436 0.478341 0.021218
0.693255 0.516824 0.021218
0.689384 0.550098 0.021218
0.680509 0.581746 0.021218
0.666838 0.610713 0.021218
0.648656 0.635968 0.021218
0.626340 0.656633 0.021218
0.600367 0.672130 0.021218
0.571325 0.682288 0.021218
0.539910 0.687347 0.021218
0.506913 0.687841 0.021218
0.473200 0.684379 0.021218
0.439691 0.677417 0.021218
0.407334 0.667122 0.021218
0.377076 0.653394 0.021218
0.349841 0.636014 0.021218
0.326491 0.614832 0.021218
0.307794 0.589924 0.021218
0.294381 0.561641 0.021218
0.286704 0.530585 0.021218
0.285007 0.497539 0.021218
0.289314 0.463389 0.021218
0.299430 0.429083 0.021218
0.314974 0.395620 0.021218
0.335407 0.364081 0.021218
0.360077 0.335656 0.021218
0.388244 0.311623 0.021218
0.419107 0.293259 0.021218
0.451816 0.281661 0.021218
0.485483 0.277525 0.021218
0.519196 0.280987 0.021218
0.552035 0.291591 0.021218
0.583098 0.308425 0.021218
0.611534 0.330359 0.021218
0.636576 0.356275 0.021218
0.657572 0.385217 0.021218
0.674017 0.416408 0.021218
0.685558 0.449188 0.021218
0.691994 0.482903 0.021218
0.726298 0.519663 0.021218
0.722918 0.552536 0.021218
0.715435 0.584441 0.021218
0.703977 0.614591 0.021218
0.688707 0.642155 0.021218
0.669831 0.666329 0.021218
0.647609 0.686430 0.021218
0.622367 0.701997 0.021218
0.594498 0.712874 0.021218
0.564470 0.719239 0.021218
0.532811 0.721543 0.021218
0.500103 0.720379 0.021218
0.466968 0.716293 0.021218
0.434057 0.709636 0.021218
0.402034 0.700482 0.021218
0.371566 0.688663 0.021218
0.343313 0.673886 0.021218
0.317912 0.655883 0.021218
0.295961 0.634533 0.021218
0.277995 0.609934 0.021218
0.264465 0.582396 0.021218
0.255713 0.552402 0.021218
0.251949 0.520543 0.021218
0.253241 0.487456 0.021218
0.259514 0.453783 0.021218
0.270564 0.420164 0.021218
0.286076 0.387247 0.021218
0.305649 0.355727 0.021218
0.328821 0.326383 0.021218
0.355085 0.300106 0.021218
0.383902 0.277878 0.021218
0.414707 0.260687 0.021218
0.446912 0.249392 0.021218
0.479904 0.244557 0.021218
0.513053 0.246333 0.021218
0.545716 0.254415 0.021218
0.577250 0.268120 0.021218
0.607027 0.286545 0.021218
0.634453 0.308756 0.021218
0.658991 0.333931 0.021218
0.680177 0.361433 0.021218
0.697641 0.390796 0.021218
0.711112 0.421662 0.021218
0.720419 0.453697 0.021218
0.725483 0.486521 0.021218
0.759341 0.520475 0.021218
0.756216 0.553692 0.021218
0.749498 0.586379 0.021218
0.739281 0.617899 0.021218
0.725671 0.647547 0.021218
0.708798 0.674595 0.021218
0.688821 0.698342 0.021218
0.665944 0.718193 0.021218
0.640419 0.733749 0.021218
0.612554 0.744876 0.021218
0.582708 0.751740 0.021218
0.551291 0.754772 0.021218
0.518751 0.754567 0.021218
0.485566 0.751728 0.021218
0.452236 0.746716 0.021218
0.419276 0.739736 0.021218
0.387206 0.730722 0.021218
0.356548 0.719396 0.021218
0.327819 0.705392 0.021218
0.301526 0.688388 0.021218
0.278155 0.668213 0.021218
0.258159 0.644895 0.021218
0.241940 0.618662 0.021218
0.229831 0.589903 0.021218
0.222082 0.559107 0.021218
0.218838 0.526808 0.021218
0.220137 0.493539 0.021218
0.225908 0.459805 0.021218
0.235986 0.426073 0.021218
0.250119 0.392788 0.021218
0.267996 0.360400 0.021218
0.313531 0.300414 0.021218
0.340402 0.274127 0.021218
0.369458 0.251378 0.021218
0.400268 0.233046 0.021218
0.432384 0.219946 0.021218
0.465344 0.212691 0.021218
0.498666 0.211565 0.021218
0.531854 0.216452 0.021218
0.564402 0.226863 0.021218
0.595802 0.242040 0.021218
0.625557 0.261112 0.021218
0.653193 0.283254 0.021218
0.678275 0.307795 0.021218
0.700421 0.334263 0.021218
0.719318 0.362355 0.021218
0.734727 0.391878 0.021218
0.746490 0.422676 0.021218
0.754521 0.454563 0.021218
0.758796 0.487281 0.021218
0.792384 0.519175 0.021218
0.789462 0.552662 0.021218
0.783358 0.585959 0.021218
0.774142 0.618548 0.021218
0.761888 0.649850 0.021218
0.746679 0.679232 0.021218
0.728612 0.706041 0.021218
0.707812 0.729649 0.021218
0.684442 0.749516 0.021218
0.658705 0.765272 0.021218
0.630849 0.776781 0.021218
0.601162 0.784183 0.021218
0.569973 0.787873 0.021218
0.537638 0.788434 0.021218
0.504540 0.786503 0.021218
0.471075 0.782628 0.021218
0.437652 0.777145 0.021218
0.404682 0.770121 0.021218
0.372584 0.761363 0.021218
0.341772 0.750507 0.021218
0.312661 0.737137 0.021218
0.285661 0.720900 0.021218
0.261174 0.701601 0.021218
0.239582 0.679234 0.021218
0.221241 0.653982 0.021218
0.206466 0.626181 0.021218
0.195513 0.596263 0.021218
0.185740 0.531999 0.021218
0.187045 0.498587 0.021218
0.192415 0.464880 0.021218
0.201709 0.431230 0.021218
0.214717 0.397947 0.021218
0.231185 0.365317 0.021218
0.250827 0.333642 0.021218
0.273336 0.303277 0.021218
0.298397 0.274679 0.021218
0.325688 0.248435 0.021218
0.354882 0.225258 0.021218
0.385647 0.205941 0.021218
0.417635 0.191269 0.021218
0.450489 0.181889 0.021218
0.483835 0.178193 0.021218
0.517283 0.180227 0.021218
0.550431 0.187677 0.021218
0.582865 0.199926 0.021218
0.614174 0.216183 0.021218
0.643947 0.235624 0.021218
0.671795 0.257525 0.021218
0.697354 0.281344 0.021218
0.720300 0.306734 0.021218
0.757323 0.361621 0.021218
0.771034 0.391007 0.021218
0.781407 0.421616 0.021218
0.788410 0.453327 0.021218
0.792054 0.485942 0.021218
