622.09 538.68 21.22
609.70 567.50 21.22
590.63 591.12 21.22
565.84 608.27 21.22
536.58 618.34 21.22
504.42 621.42 21.22
471.14 618.00 21.22
438.68 608.62 21.22
409.01 593.62 21.22
383.98 573.24 21.22
365.24 547.85 21.22
354.03 518.27 21.22
351.09 485.80 21.22
356.60 452.20 21.22
390.79 390.16 21.22
417.23 366.42 21.22
447.81 350.48 21.22
480.71 343.94 21.22
513.98 347.35 21.22
545.71 360.20 21.22
574.06 381.06 21.22
597.44 408.04 21.22
614.59 439.20 21.22
624.65 472.61 21.22
660.21 512.25 21.22
655.84 545.09 21.22
645.51 575.54 21.22
629.56 602.26 21.22
608.48 624.07 21.22
582.94 640.18 21.22
553.78 650.27 21.22
521.99 654.54 21.22
488.73 653.53 21.22
455.24 647.78 21.22
422.84 637.67 21.22
392.85 623.27 21.22
366.54 604.52 21.22
345.06 581.47 21.22
329.40 554.41 21.22
320.26 524.01 21.22
318.05 491.22 21.22
322.85 457.25 21.22
334.39 423.47 21.22
352.10 391.38 21.22
402.69 338.77 21.22
433.45 321.55 21.22
466.28 312.19 21.22
499.90 311.37 21.22
533.03 318.96 21.22
564.39 334.15 21.22
592.78 355.68 21.22
617.14 382.13 21.22
636.60 412.16 21.22
650.50 444.60 21.22
658.44 478.34 21.22
693.26 516.82 21.22
689.38 550.10 21.22
680.51 581.75 21.22
666.84 610.71 21.22
648.66 635.97 21.22
626.34 656.63 21.22
600.37 672.13 21.22
571.33 682.29 21.22
539.91 687.35 21.22
506.91 687.84 21.22
473.20 684.38 21.22
439.69 677.42 21.22
407.33 667.12 21.22
377.08 653.39 21.22
349.84 636.01 21.22
326.49 614.83 21.22
307.79 589.92 21.22
294.38 561.64 21.22
286.70 530.58 21.22
285.01 497.54 21.22
289.31 463.39 21.22
299.43 429.08 21.22
314.97 395.62 21.22
335.41 364.08 21.22
360.08 335.66 21.22
388.24 311.62 21.22
419.11 293.26 21.22
451.82 281.66 21.22
485.48 277.53 21.22
519.20 280.99 21.22
552.03 291.59 21.22
583.10 308.43 21.22
611.53 330.36 21.22
636.58 356.27 21.22
657.57 385.22 21.22
674.02 416.41 21.22
685.56 449.19 21.22
691.99 482.90 21.22
726.30 519.66 21.22
722.92 552.54 21.22
715.43 584.44 21.22
703.98 614.59 21.22
688.71 642.15 21.22
669.83 666.33 21.22
647.61 686.43 21.22
622.37 702.00 21.22
594.50 712.87 21.22
564.47 719.24 21.22
532.81 721.54 21.22
500.10 720.38 21.22
466.97 716.29 21.22
434.06 709.64 21.22
402.03 700.48 21.22
371.57 688.66 21.22
343.31 673.89 21.22
317.91 655.88 21.22
295.96 634.53 21.22
277.99 609.93 21.22
264.47 582.40 21.22
255.71 552.40 21.22
251.95 520.54 21.22
253.24 487.46 21.22
259.51 453.78 21.22
270.56 420.16 21.22
286.08 387.25 21.22
305.65 355.73 21.22
328.82 326.38 21.22
355.08 300.11 21.22
383.90 277.88 21.22
414.71 260.69 21.22
446.91 249.39 21.22
479.90 244.56 21.22
513.05 246.33 21.22
545.72 254.42 21.22
577.25 268.12 21.22
607.03 286.55 21.22
634.45 308.76 21.22
658.99 333.93 21.22
680.18 361.43 21.22
697.64 390.80 21.22
711.11 421.66 21.22
720.42 453.70 21.22
725.48 486.52 21.22
759.34 520.47 21.22
756.22 553.69 21.22
749.50 586.38 21.22
739.28 617.90 21.22
725.67 647.55 21.22
708.80 674.60 21.22
688.82 698.34 21.22
665.94 718.19 21.22
640.42 733.75 21.22
612.55 744.88 21.22
582.71 751.74 21.22
551.29 754.77 21.22
518.75 754.57 21.22
485.57 751.73 21.22
452.24 746.72 21.22
419.28 739.74 21.22
387.21 730.72 21.22
356.55 719.40 21.22
327.82 705.39 21.22
301.53 688.39 21.22
278.16 668.21 21.22
258.16 644.89 21.22
241.94 618.66 21.22
229.83 589.90 21.22
222.08 559.11 21.22
218.84 526.81 21.22
220.14 493.54 21.22
225.91 459.81 21.22
235.99 426.07 21.22
250.12 392.79 21.22
268.00 360.40 21.22
313.53 300.41 21.22
340.40 274.13 21.22
369.46 251.38 21.22
400.27 233.05 21.22
432.38 219.95 21.22
465.34 212.69 21.22
498.67 211.56 21.22
531.85 216.45 21.22
564.40 226.86 21.22
595.80 242.04 21.22
625.56 261.11 21.22
653.19 283.25 21.22
678.27 307.80 21.22
700.42 334.26 21.22
719.32 362.35 21.22
734.73 391.88 21.22
746.49 422.68 21.22
754.52 454.56 21.22
758.80 487.28 21.22
792.38 519.18 21.22
789.46 552.66 21.22
783.36 585.96 21.22
774.14 618.55 21.22
761.89 649.85 21.22
746.68 679.23 21.22
728.61 706.04 21.22
707.81 729.65 21.22
684.44 749.52 21.22
658.71 765.27 21.22
630.85 776.78 21.22
601.16 784.18 21.22
569.97 787.87 21.22
537.64 788.43 21.22
504.54 786.50 21.22
471.08 782.63 21.22
437.65 777.15 21.22
404.68 770.12 21.22
372.58 761.36 21.22
341.77 750.51 21.22
312.66 737.14 21.22
285.66 720.90 21.22
261.17 701.60 21.22
239.58 679.23 21.22
221.24 653.98 21.22
206.47 626.18 21.22
195.51 596.26 21.22
185.74 532.00 21.22
187.04 498.59 21.22
192.42 464.88 21.22
201.71 431.23 21.22
214.72 397.95 21.22
231.19 365.32 21.22
250.83 333.64 21.22
273.34 303.28 21.22
298.40 274.68 21.22
325.69 248.44 21.22
354.88 225.26 21.22
385.65 205.94 21.22
417.64 191.27 21.22
450.49 181.89 21.22
483.84 178.19 21.22
517.28 180.23 21.22
550.43 187.68 21.22
582.87 199.93 21.22
614.17 216.18 21.22
643.95 235.62 21.22
671.80 257.53 21.22
697.35 281.34 21.22
720.30 306.73 21.22
757.32 361.62 21.22
771.03 391.01 21.22
781.41 421.62 21.22
788.41 453.33 21.22
792.05 485.94 21.22
