236.59 308.27 15
267.46 314.33 15
301.39 319.83 15
332.39 322.08 15
365.40 321.65 15
397.07 331.83 15
428.47 333.90 15
458.88 337.44 16
489.99 336.25 15
521.31 340.52 15
555.27 343.74 15
237.95 342.90 15
266.46 346.52 15
296.21 347.67 15
329.28 354.55 15
362.68 357.68 15
393.40 359.58 15
422.58 361.71 15
456.92 361.13 15
489.06 368.62 15
520.88 375.12 15
548.25 370.96 15
230.84 372.56 15
264.25 374.77 15
298.21 380.32 15
328.41 384.32 15
355.99 387.44 15
391.74 387.16 15
420.52 393.62 15
452.63 397.74 15
483.70 402.82 15
516.41 406.88 15
550.81 407.73 15
225.96 407.41 15
261.15 408.58 15
291.22 413.39 15
324.25 416.08 15
356.11 418.07 15
385.84 423.03 15
418.85 426.68 15
451.55 429.46 16
478.90 433.51 15
515.07 435.11 15
544.76 440.46 15
227.07 438.27 15
287.72 443.19 16
318.40 447.95 15
349.47 453.50 16
379.28 452.83 15
413.91 456.37 15
445.08 463.55 15
475.68 462.23 15
507.38 468.59 15
542.09 471.60 15
220.37 471.24 15
254.27 473.39 15
288.04 475.70 15
315.66 480.66 15
347.53 481.25 15
376.22 485.84 15
407.41 486.13 15
441.88 492.49 15
472.67 495.86 16
506.69 499.81 15
539.18 501.18 16
216.79 502.11 15
249.97 500.92 15
278.78 509.91 15
313.01 509.48 16
340.93 513.60 15
376.24 516.66 15
409.15 519.47 16
434.69 525.95 15
468.67 527.74 15
502.60 535.07 16
534.42 533.36 15
214.62 530.11 16
243.30 537.09 15
280.03 535.91 16
309.07 545.15 15
340.43 548.31 15
373.75 546.57 15
404.53 555.10 15
436.26 557.16 15
466.77 559.07 15
497.94 563.52 15
526.70 567.96 15
211.90 563.69 15
244.91 567.52 16
271.29 569.75 15
306.00 573.63 15
336.89 575.34 15
367.10 580.13 15
399.27 583.44 15
428.62 587.40 15
464.94 588.90 15
494.71 594.21 16
527.72 596.16 15
209.41 593.89 15
239.43 597.92 15
268.53 599.85 15
303.65 607.93 15
333.15 610.17 15
364.96 614.29 15
394.91 618.21 15
428.49 617.39 15
489.95 626.33 15
521.88 629.78 16
205.38 627.06 15
237.05 628.83 15
265.48 630.52 15
297.10 635.25 16
330.37 639.10 15
359.78 642.90 15
391.76 647.41 15
426.08 649.17 15
459.91 652.39 16
489.06 657.02 15
519.93 659.99 15
200.40 658.09 15
262.44 664.33 15
295.49 667.99 15
326.46 670.95 15
358.96 676.15 16
423.36 682.05 16
454.12 686.62 15
485.26 688.17 16
515.48 692.35 15
199.39 690.90 16
231.56 690.83 15
262.12 695.89 15
293.16 699.24 15
321.27 698.99 15
354.65 708.51 15
391.15 714.93 15
416.17 718.73 16
447.60 719.48 15
481.52 721.40 15
508.49 724.52 15
193.54 720.76 15
224.99 722.84 15
255.37 724.91 16
290.19 733.01 15
317.97 735.04 15
351.69 736.46 15
381.23 739.38 15
413.74 745.44 15
447.55 747.76 15
474.75 750.78 15
512.16 757.23 15
