0.381600 0.497213 0.025374
0.431391 0.506989 0.025497
0.486109 0.515855 0.025638
0.536105 0.519477 0.025563
0.589359 0.518787 0.025608
0.640436 0.535202 0.025555
0.691087 0.538546 0.025513
0.740130 0.544251 0.026020
0.790314 0.542346 0.025423
0.840820 0.549226 0.025699
0.895603 0.554422 0.025624
0.383784 0.553062 0.025565
0.429771 0.558896 0.025706
0.477755 0.560765 0.025789
0.531103 0.571853 0.025682
0.584975 0.576901 0.025512
0.634522 0.579961 0.025631
0.681584 0.583396 0.025506
0.736971 0.582471 0.025553
0.788808 0.594546 0.025697
0.840123 0.605029 0.025778
0.884270 0.598327 0.025454
0.372319 0.600908 0.025617
0.426213 0.604464 0.025422
0.480978 0.613414 0.025669
0.529698 0.619868 0.025542
0.574177 0.624906 0.025785
0.631846 0.624451 0.025731
0.678252 0.634863 0.025703
0.730046 0.641519 0.025474
0.780166 0.649707 0.025690
0.832924 0.656251 0.025545
0.888411 0.657625 0.025586
0.364458 0.657117 0.025364
0.421203 0.658995 0.025636
0.469706 0.666754 0.025698
0.522987 0.671089 0.025523
0.574363 0.674307 0.025592
0.622330 0.682312 0.025286
0.675570 0.688187 0.025751
0.728305 0.692672 0.025847
0.772417 0.699210 0.025762
0.830761 0.701795 0.025480
0.878642 0.710417 0.025586
0.366250 0.706893 0.025195
0.464062 0.714819 0.025970
0.513542 0.722497 0.025498
0.563665 0.731446 0.025816
0.611737 0.730377 0.025626
0.667597 0.736073 0.025508
0.717870 0.747664 0.025475
0.767231 0.745529 0.025697
0.818357 0.755795 0.025686
0.874341 0.760641 0.025584
0.355434 0.760071 0.025551
0.410112 0.763534 0.025630
0.464584 0.767255 0.025513
0.509122 0.775258 0.025386
0.560531 0.776215 0.025519
0.606808 0.783621 0.025511
0.657115 0.784078 0.025466
0.712703 0.794334 0.025709
0.762367 0.799776 0.025814
0.817245 0.806144 0.025728
0.869642 0.808362 0.025817
0.349658 0.809858 0.025259
0.403179 0.807938 0.025630
0.449641 0.822443 0.025629
0.504848 0.821745 0.025857
0.549893 0.828387 0.025493
0.606843 0.833324 0.025490
0.659927 0.837852 0.025888
0.701119 0.848313 0.025612
0.755917 0.851190 0.025785
0.810639 0.863022 0.025829
0.861963 0.860252 0.025452
0.346156 0.855017 0.025855
0.392422 0.866271 0.025574
0.451668 0.864369 0.026035
0.498494 0.879275 0.025660
0.549082 0.884373 0.025627
0.602825 0.881572 0.025331
0.652468 0.895326 0.025700
0.703647 0.898644 0.025403
0.752852 0.901721 0.025620
0.803134 0.908904 0.025292
0.849516 0.916071 0.025626
0.341767 0.909181 0.025564
0.395018 0.915349 0.025827
0.437564 0.918953 0.025788
0.493553 0.925216 0.025722
0.543371 0.927963 0.025523
0.592102 0.935692 0.025755
0.643977 0.941033 0.025739
0.691330 0.947417 0.025757
0.749898 0.949843 0.025507
0.797922 0.958410 0.025808
0.851155 0.961549 0.025801
0.337763 0.957892 0.025752
0.386170 0.964390 0.025486
0.433119 0.967497 0.025465
0.489765 0.980535 0.025568
0.537334 0.984145 0.025630
0.588652 0.990785 0.025506
0.636958 0.997115 0.025800
0.691106 0.995798 0.025596
0.790235 1.010207 0.025610
0.841748 1.015770 0.025928
0.331251 1.011380 0.025395
0.382344 1.014239 0.025787
0.428195 1.016961 0.025771
0.479194 1.024596 0.025841
0.532863 1.030809 0.025617
0.580298 1.036938 0.025287
0.631869 1.044205 0.025618
0.687218 1.047046 0.025329
0.741797 1.052238 0.025809
0.788802 1.059711 0.025776
0.838591 1.064503 0.025596
0.323223 1.061440 0.025618
0.423293 1.071493 0.025381
0.476599 1.077408 0.025643
0.526546 1.082183 0.025711
0.578963 1.090569 0.025851
0.682833 1.100076 0.025895
0.732449 1.107449 0.025696
0.782679 1.109957 0.025891
0.831417 1.116694 0.025546
0.321599 1.114353 0.025864
0.373485 1.114245 0.025691
0.422772 1.122405 0.025493
0.472837 1.127799 0.025716
0.518178 1.127396 0.025507
0.572010 1.142765 0.025612
0.630888 1.153120 0.025610
0.671234 1.159242 0.025953
0.721934 1.160459 0.025627
0.776637 1.163555 0.025562
0.820152 1.168581 0.025541
0.312158 1.162518 0.025708
0.362892 1.165866 0.025757
0.411889 1.169206 0.025853
0.468043 1.182271 0.025735
0.512861 1.185555 0.025781
0.567248 1.187841 0.025368
0.614894 1.192548 0.025729
0.667321 1.202321 0.025591
0.721852 1.206061 0.025675
0.765734 1.210929 0.025093
0.826060 1.221334 0.025767
