584.02 542.16 21.32
581.46 572.94 21.32
569.35 596.99 21.32
548.65 610.28 21.32
521.18 610.35 21.32
489.49 597.79 21.32
456.62 575.88 21.32
425.86 548.48 21.32
400.34 518.09 21.32
382.77 485.82 21.32
375.11 452.75 21.32
378.25 421.26 21.32
391.84 395.30 21.32
414.34 379.47 21.32
443.25 377.20 21.32
507.81 411.66 21.32
537.13 441.26 21.32
560.85 474.20 21.32
576.93 508.39 21.32
616.37 548.18 21.32
614.98 580.51 21.32
606.19 609.60 21.32
590.33 632.29 21.32
568.14 645.51 21.32
540.76 647.40 21.32
509.70 638.20 21.32
476.72 620.30 21.32
443.74 597.04 21.32
412.72 571.13 21.32
385.54 543.77 21.32
363.93 514.85 21.32
349.33 484.01 21.32
342.76 451.47 21.32
344.74 418.54 21.32
355.14 387.70 21.32
373.24 362.33 21.32
397.76 345.96 21.32
427.03 341.22 21.32
459.15 348.69 21.32
492.13 366.59 21.32
524.05 391.57 21.32
553.18 420.34 21.32
578.03 450.86 21.32
597.41 482.45 21.32
610.39 515.03 21.32
648.72 547.84 21.32
648.08 581.17 21.32
641.45 613.48 21.32
628.94 642.45 21.32
610.87 665.34 21.32
587.78 679.60 21.32
560.48 683.58 21.32
529.96 677.29 21.32
497.37 662.48 21.32
463.96 642.09 21.32
431.02 619.03 21.32
399.83 595.18 21.32
371.65 570.95 21.32
347.66 545.72 21.32
328.90 518.53 21.32
316.28 488.79 21.32
310.42 456.58 21.32
311.65 422.79 21.32
319.96 389.07 21.32
334.95 357.77 21.32
355.88 331.74 21.32
381.74 313.89 21.32
411.35 306.48 21.32
443.38 310.29 21.32
476.50 324.18 21.32
509.38 345.49 21.32
569.69 398.31 21.32
595.09 426.13 21.32
616.23 454.50 21.32
632.51 484.02 21.32
643.45 515.17 21.32
681.06 541.21 21.32
681.00 574.28 21.32
676.21 607.79 21.32
666.68 640.21 21.32
652.52 669.58 21.32
633.96 693.72 21.32
611.41 710.49 21.32
585.38 718.33 21.32
556.52 716.77 21.32
525.58 706.70 21.32
493.34 690.27 21.32
460.65 670.19 21.32
428.36 648.88 21.32
397.30 627.81 21.32
368.29 607.25 21.32
342.12 586.53 21.32
319.56 564.57 21.32
301.29 540.35 21.32
287.92 513.30 21.32
279.93 483.36 21.32
277.66 450.93 21.32
281.20 416.86 21.32
290.48 382.39 21.32
305.18 349.18 21.32
324.78 319.30 21.32
348.64 295.09 21.32
375.95 278.81 21.32
405.86 272.07 21.32
437.47 275.34 21.32
469.88 287.61 21.32
502.21 306.65 21.32
533.63 329.68 21.32
563.40 354.25 21.32
590.84 378.84 21.32
615.39 403.08 21.32
636.57 427.49 21.32
654.01 452.92 21.32
667.39 480.18 21.32
676.48 509.64 21.32
713.41 529.14 21.32
713.70 562.68 21.32
702.05 632.36 21.32
690.08 666.04 21.32
674.14 696.76 21.32
654.43 722.53 21.32
631.27 741.39 21.32
605.09 751.78 21.32
576.38 753.05 21.32
545.71 745.71 21.32
513.69 731.51 21.32
480.94 712.97 21.32
448.11 692.72 21.32
415.81 672.75 21.32
384.68 654.00 21.32
355.32 636.33 21.32
328.31 618.79 21.32
283.63 579.29 21.32
267.02 555.51 21.32
254.86 528.56 21.32
247.51 498.56 21.32
245.22 465.94 21.32
248.09 431.32 21.32
256.09 395.56 21.32
269.00 359.72 21.32
286.48 325.24 21.32
308.05 293.90 21.32
333.15 267.79 21.32
361.14 248.97 21.32
391.33 239.11 21.32
423.04 238.92 21.32
455.58 247.85 21.32
488.27 264.11 21.32
520.46 285.13 21.32
551.56 308.25 21.32
581.02 331.43 21.32
608.35 353.66 21.32
633.14 374.97 21.32
655.06 396.13 21.32
673.82 418.21 21.32
689.20 442.14 21.32
701.03 468.53 21.32
709.15 497.59 21.32
745.76 513.24 21.32
746.32 547.01 21.32
743.35 582.37 21.32
736.76 618.59 21.32
726.53 654.78 21.32
712.70 689.72 21.32
695.38 721.89 21.32
674.75 749.50 21.32
651.09 770.67 21.32
624.74 783.83 21.32
596.12 788.11 21.32
565.67 783.68 21.32
533.88 771.88 21.32
501.24 754.96 21.32
468.25 735.56 21.32
435.40 716.06 21.32
403.17 697.99 21.32
372.03 681.81 21.32
342.44 667.02 21.32
314.85 652.45 21.32
289.70 636.78 21.32
267.42 618.87 21.32
248.45 597.97 21.32
233.18 573.79 21.32
221.97 546.39 21.32
215.11 516.08 21.32
212.80 483.31 21.32
215.16 448.56 21.32
222.15 412.39 21.32
233.64 375.46 21.32
249.39 338.60 21.32
269.03 303.02 21.32
292.14 270.24 21.32
318.23 242.17 21.32
346.78 220.76 21.32
377.24 207.71 21.32
409.05 204.00 21.32
441.68 209.48 21.32
474.59 222.83 21.32
507.26 241.77 21.32
539.19 263.63 21.32
569.95 285.99 21.32
599.11 307.26 21.32
626.30 326.87 21.32
651.23 345.20 21.32
673.62 363.23 21.32
693.28 382.12 21.32
710.04 402.91 21.32
723.78 426.27 21.32
734.38 452.51 21.32
741.74 481.59 21.32
778.11 495.58 21.32
778.89 529.42 21.32
776.55 564.84 21.32
770.99 601.42 21.32
762.18 638.62 21.32
750.09 675.73 21.32
734.76 711.73 21.32
716.31 745.29 21.32
694.91 774.75 21.32
670.80 798.31 21.32
644.27 814.36 21.32
615.68 821.80 21.32
585.39 820.49 21.32
553.80 811.34 21.32
521.31 796.27 21.32
455.26 758.56 21.32
422.49 740.50 21.32
390.37 724.72 21.32
329.56 699.22 21.32
301.57 687.34 21.32
275.66 674.21 21.32
252.16 658.69 21.32
213.81 618.03 21.32
199.63 592.71 21.32
189.18 564.43 21.32
182.71 533.62 21.32
180.40 500.73 21.32
182.34 466.15 21.32
188.53 430.25 21.32
198.87 393.35 21.32
213.19 355.88 21.32
231.20 318.47 21.32
252.57 282.08 21.32
276.92 248.06 21.32
303.83 218.11 21.32
332.85 194.15 21.32
363.54 177.93 21.32
395.46 170.65 21.32
428.15 172.56 21.32
461.20 182.79 21.32
494.17 199.42 21.32
526.67 219.92 21.32
558.31 241.68 21.32
588.73 262.63 21.32
617.61 281.61 21.32
644.67 298.46 21.32
669.66 313.85 21.32
692.38 328.95 21.32
712.67 345.00 21.32
730.41 363.05 21.32
745.52 383.80 21.32
757.92 407.55 21.32
767.53 434.27 21.32
774.29 463.74 21.32
811.42 511.74 21.32
809.69 546.27 21.32
805.17 581.86 21.32
797.80 618.30 21.32
787.53 655.26 21.32
774.35 692.27 21.32
758.32 728.57 21.32
739.53 763.06 21.32
718.13 794.32 21.32
694.32 820.70 21.32
668.35 840.58 21.32
640.48 852.64 21.32
611.04 856.27 21.32
580.32 851.76 21.32
548.66 840.38 21.32
516.38 824.22 21.32
483.79 805.76 21.32
451.21 787.35 21.32
418.93 770.77 21.32
387.23 756.87 21.32
356.39 745.56 21.32
326.66 735.98 21.32
298.31 726.79 21.32
271.59 716.58 21.32
246.76 704.16 21.32
224.11 688.71 21.32
203.89 669.88 21.32
186.40 647.66 21.32
171.89 622.35 21.32
160.63 594.40 21.32
152.83 564.32 21.32
148.68 532.54 21.32
148.29 499.45 21.32
151.71 465.30 21.32
158.93 430.25 21.32
169.83 394.41 21.32
184.26 357.92 21.32
201.98 321.05 21.32
222.72 284.33 21.32
246.16 248.63 21.32
271.97 215.23 21.32
299.79 185.73 21.32
329.29 161.93 21.32
360.09 145.47 21.32
391.85 137.49 21.32
424.23 138.29 21.32
456.90 147.17 21.32
489.51 162.45 21.32
521.76 181.79 21.32
553.34 202.70 21.32
583.96 223.00 21.32
613.34 241.25 21.32
641.24 256.95 21.32
667.46 270.46 21.32
691.79 282.76 21.32
714.10 295.11 21.32
734.27 308.74 21.32
752.22 324.61 21.32
767.89 343.30 21.32
781.23 365.05 21.32
792.20 389.76 21.32
800.77 417.16 21.32
806.88 446.87 21.32
842.80 464.28 21.32
843.91 497.39 21.32
842.59 531.40 21.32
838.74 566.20 21.32
832.29 601.72 21.32
823.18 637.93 21.32
811.36 674.68 21.32
796.86 711.66 21.32
779.72 748.28 21.32
760.04 783.59 21.32
737.97 816.28 21.32
713.69 844.76 21.32
687.43 867.35 21.32
659.43 882.61 21.32
629.95 889.61 21.32
599.28 888.30 21.32
567.69 879.56 21.32
535.46 865.16 21.32
502.87 847.47 21.32
470.17 828.97 21.32
437.63 811.79 21.32
405.46 797.31 21.32
373.91 785.94 21.32
343.18 777.21 21.32
313.49 769.99 21.32
285.03 762.80 21.32
258.01 754.19 21.32
232.64 743.00 21.32
209.13 728.48 21.32
187.73 710.32 21.32
168.65 688.63 21.32
152.15 663.77 21.32
138.45 636.26 21.32
127.79 606.69 21.32
120.37 575.58 21.32
116.33 543.40 21.32
115.80 510.46 21.32
118.84 476.97 21.32
125.41 442.99 21.32
135.47 408.51 21.32
148.86 373.43 21.32
165.40 337.72 21.32
184.86 301.47 21.32
206.97 265.03 21.32
231.45 229.11 21.32
258.01 194.82 21.32
286.34 163.70 21.32
316.14 137.49 21.32
347.11 117.93 21.32
378.97 106.40 21.32
411.43 103.54 21.32
444.20 109.08 21.32
477.02 121.73 21.32
509.61 139.42 21.32
541.72 159.67 21.32
573.08 180.05 21.32
603.46 198.70 21.32
632.63 214.60 21.32
660.39 227.63 21.32
686.55 238.47 21.32
710.95 248.31 21.32
733.49 258.51 21.32
754.05 270.31 21.32
772.58 284.65 21.32
789.03 302.07 21.32
803.38 322.72 21.32
815.61 346.46 21.32
825.70 372.93 21.32
833.63 401.69 21.32
839.35 432.27 21.32
875.15 454.75 21.32
876.38 487.70 21.32
875.40 521.06 21.32
872.13 554.78 21.32
866.46 588.90 21.32
858.34 623.55 21.32
847.70 658.82 21.32
834.52 694.74 21.32
818.84 731.16 21.32
800.69 767.63 21.32
780.20 803.35 21.32
757.50 837.13 21.32
732.77 867.42 21.32
706.20 892.55 21.32
678.02 910.91 21.32
648.47 921.36 21.32
617.80 923.45 21.32
586.25 917.67 21.32
554.06 905.44 21.32
521.48 888.92 21.32
488.73 870.58 21.32
456.03 852.81 21.32
423.58 837.41 21.32
391.58 825.32 21.32
360.22 816.55 21.32
329.65 810.27 21.32
300.04 805.11 21.32
271.56 799.49 21.32
244.36 791.96 21.32
218.62 781.41 21.32
194.50 767.16 21.32
172.19 749.02 21.32
151.89 727.17 21.32
133.81 702.05 21.32
118.17 674.26 21.32
105.17 644.45 21.32
95.03 613.22 21.32
87.92 581.11 21.32
83.99 548.53 21.32
83.34 515.77 21.32
86.04 483.00 21.32
92.08 450.23 21.32
101.40 417.37 21.32
113.89 384.24 21.32
129.40 350.62 21.32
147.73 316.30 21.32
168.65 281.22 21.32
191.92 245.57 21.32
217.27 209.88 21.32
244.44 175.15 21.32
273.18 142.77 21.32
303.23 114.47 21.32
334.34 92.03 21.32
366.26 77.03 21.32
398.76 70.46 21.32
431.60 72.44 21.32
464.56 82.12 21.32
497.40 97.75 21.32
529.89 116.98 21.32
561.82 137.30 21.32
592.98 156.50 21.32
623.15 173.06 21.32
652.15 186.39 21.32
679.78 196.74 21.32
705.91 205.09 21.32
730.38 212.79 21.32
753.11 221.28 21.32
773.99 231.79 21.32
792.99 245.21 21.32
810.07 262.01 21.32
825.21 282.26 21.32
838.42 305.74 21.32
849.69 332.01 21.32
859.03 360.56 21.32
866.41 390.84 21.32
871.80 422.36 21.32
907.49 451.18 21.32
908.82 483.56 21.32
905.51 548.03 21.32
900.68 580.17 21.32
893.62 612.47 21.32
884.27 645.13 21.32
872.59 678.40 21.32
858.57 712.45 21.32
842.23 747.29 21.32
823.65 782.66 21.32
802.92 817.98 21.32
780.16 852.26 21.32
755.54 884.14 21.32
729.24 912.02 21.32
701.44 934.24 21.32
672.35 949.39 21.32
642.20 956.58 21.32
611.18 955.73 21.32
579.52 947.63 21.32
547.41 933.91 21.32
515.05 916.80 21.32
482.64 898.72 21.32
450.35 881.86 21.32
418.34 867.82 21.32
386.77 857.35 21.32
355.78 850.30 21.32
325.52 845.75 21.32
296.09 842.31 21.32
267.64 838.37 21.32
240.27 832.46 21.32
214.12 823.45 21.32
189.31 810.62 21.32
165.98 793.71 21.32
144.29 772.88 21.32
124.40 748.54 21.32
106.49 721.28 21.32
90.75 691.79 21.32
77.37 660.71 21.32
66.53 628.65 21.32
58.41 596.11 21.32
53.15 563.50 21.32
50.88 531.11 21.32
51.66 499.14 21.32
55.53 467.64 21.32
62.47 436.59 21.32
72.42 405.84 21.32
85.27 375.15 21.32
100.88 344.19 21.32
119.06 312.65 21.32
139.61 280.23 21.32
186.97 212.57 21.32
213.34 178.00 21.32
241.20 144.07 21.32
270.34 112.14 21.32
300.55 83.92 21.32
331.64 61.15 21.32
363.40 45.41 21.32
395.64 37.74 21.32
428.18 38.39 21.32
460.83 46.69 21.32
493.40 61.10 21.32
525.70 79.43 21.32
557.55 99.27 21.32
588.77 118.35 21.32
619.18 134.98 21.32
648.61 148.27 21.32
676.88 158.19 21.32
703.87 165.49 21.32
729.43 171.40 21.32
753.45 177.39 21.32
775.84 184.85 21.32
796.53 194.90 21.32
815.49 208.26 21.32
832.70 225.24 21.32
848.14 245.81 21.32
861.82 269.62 21.32
873.77 296.20 21.32
884.00 324.96 21.32
892.50 355.33 21.32
899.28 386.77 21.32
904.29 418.83 21.32
939.84 454.05 21.32
941.26 486.31 21.32
940.88 518.03 21.32
938.60 549.20 21.32
934.34 579.90 21.32
928.00 610.30 21.32
919.51 640.68 21.32
908.81 671.34 21.32
895.88 702.64 21.32
880.72 734.85 21.32
863.37 768.13 21.32
843.90 802.37 21.32
822.41 837.12 21.32
799.04 871.54 21.32
773.93 904.36 21.32
747.25 934.02 21.32
719.18 958.80 21.32
689.92 977.12 21.32
659.64 987.82 21.32
628.56 990.43 21.32
596.85 985.36 21.32
564.71 973.88 21.32
532.30 957.99 21.32
499.81 940.08 21.32
467.38 922.53 21.32
435.17 907.28 21.32
403.32 895.55 21.32
371.95 887.65 21.32
341.18 883.05 21.32
311.12 880.55 21.32
281.87 878.55 21.32
253.52 875.40 21.32
226.18 869.67 21.32
199.93 860.31 21.32
174.89 846.72 21.32
151.15 828.78 21.32
128.85 806.73 21.32
108.12 781.10 21.32
89.12 752.55 21.32
72.00 721.78 21.32
56.95 689.49 21.32
44.13 656.31 21.32
33.73 622.74 21.32
25.90 589.23 21.32
20.79 556.11 21.32
18.51 523.62 21.32
19.13 491.93 21.32
22.69 461.11 21.32
29.17 431.15 21.32
38.53 401.94 21.32
50.68 373.26 21.32
65.48 344.79 21.32
82.77 316.14 21.32
102.38 286.89 21.32
124.11 256.64 21.32
147.76 225.13 21.32
173.13 192.38 21.32
200.03 158.72 21.32
228.25 124.97 21.32
257.63 92.38 21.32
287.97 62.55 21.32
319.11 37.31 21.32
350.88 18.37 21.32
383.13 7.07 21.32
415.69 4.02 21.32
448.41 8.99 21.32
481.13 20.82 21.32
513.68 37.59 21.32
545.91 56.91 21.32
577.65 76.40 21.32
608.75 94.01 21.32
639.03 108.39 21.32
696.58 126.41 21.32
723.55 131.43 21.32
749.16 135.58 21.32
773.31 140.39 21.32
795.91 147.25 21.32
816.89 157.21 21.32
836.23 170.90 21.32
853.89 188.52 21.32
869.89 209.93 21.32
884.23 234.71 21.32
896.95 262.30 21.32
908.06 292.07 21.32
917.59 323.39 21.32
925.55 355.69 21.32
931.93 388.48 21.32
936.71 421.37 21.32
972.19 462.97 21.32
973.68 495.15 21.32
973.52 526.44 21.32
971.61 556.83 21.32
967.85 586.35 21.32
954.41 643.44 21.32
944.58 671.56 21.32
932.62 699.89 21.32
918.51 728.86 21.32
902.28 758.87 21.32
883.97 790.18 21.32
863.65 822.84 21.32
841.44 856.55 21.32
817.47 890.62 21.32
791.87 923.91 21.32
764.81 954.92 21.32
736.45 981.92 21.32
706.98 1003.20 21.32
676.56 1017.34 21.32
645.39 1023.53 21.32
613.61 1021.78 21.32
581.42 1012.95 21.32
548.96 998.77 21.32
516.39 981.48 21.32
483.85 963.53 21.32
451.48 947.14 21.32
419.41 933.95 21.32
387.75 924.75 21.32
356.61 919.43 21.32
326.07 917.09 21.32
296.24 916.27 21.32
267.20 915.27 21.32
239.00 912.41 21.32
211.74 906.33 21.32
185.49 896.10 21.32
160.32 881.27 21.32
136.31 861.86 21.32
113.58 838.24 21.32
92.22 811.01 21.32
72.37 780.91 21.32
54.16 748.67 21.32
37.75 715.01 21.32
23.31 680.54 21.32
11.00 645.77 21.32
0.98 611.12 21.32
-6.59 576.93 21.32
-11.57 543.45 21.32
-13.86 510.87 21.32
-13.38 479.35 21.32
-10.10 448.96 21.32
-4.01 419.73 21.32
4.83 391.61 21.32
16.34 364.46 21.32
30.42 338.04 21.32
46.92 311.98 21.32
65.67 285.84 21.32
86.50 259.13 21.32
109.22 231.33 21.32
133.65 202.09 21.32
159.62 171.23 21.32
186.94 138.95 21.32
215.44 105.87 21.32
244.98 73.09 21.32
275.39 42.14 21.32
306.55 14.83 21.32
338.30 -7.02 21.32
370.51 -21.83 21.32
403.06 -28.62 21.32
435.80 -27.21 21.32
468.60 -18.35 21.32
501.33 -3.63 21.32
533.83 14.73 21.32
565.98 34.30 21.32
597.62 52.78 21.32
628.62 68.44 21.32
658.81 80.31 21.32
688.08 88.34 21.32
716.27 93.24 21.32
743.27 96.30 21.32
768.97 99.10 21.32
793.26 103.22 21.32
816.08 110.01 21.32
837.35 120.43 21.32
857.04 134.97 21.32
875.13 153.72 21.32
891.63 176.42 21.32
906.54 202.57 21.32
919.91 231.54 21.32
931.75 262.65 21.32
942.12 295.24 21.32
951.03 328.73 21.32
958.51 362.62 21.32
964.55 396.50 21.32
969.12 430.03 21.32
1004.54 476.78 21.32
1006.10 508.92 21.32
1006.13 539.98 21.32
1004.54 569.89 21.32
996.08 626.33 21.32
989.02 653.07 21.32
979.97 679.13 21.32
968.88 704.85 21.32
955.73 730.69 21.32
940.50 757.12 21.32
923.25 784.65 21.32
904.01 813.66 21.32
882.88 844.34 21.32
859.97 876.57 21.32
835.40 909.81 21.32
809.32 943.08 21.32
781.87 974.98 21.32
753.22 1003.79 21.32
723.52 1027.71 21.32
692.95 1045.14 21.32
661.65 1054.94 21.32
629.80 1056.70 21.32
597.53 1050.90 21.32
565.01 1038.90 21.32
532.36 1022.72 21.32
499.72 1004.79 21.32
467.22 987.50 21.32
434.96 972.83 21.32
403.07 962.02 21.32
371.62 955.45 21.32
340.72 952.59 21.32
310.45 952.22 21.32
280.87 952.69 21.32
252.05 952.19 21.32
224.04 949.10 21.32
196.91 942.16 21.32
170.71 930.59 21.32
145.51 914.12 21.32
121.35 892.91 21.32
98.32 867.46 21.32
76.51 838.47 21.32
56.02 806.72 21.32
36.97 772.99 21.32
19.48 737.98 21.32
3.71 702.29 21.32
-10.19 666.40 21.32
-22.05 630.68 21.32
-31.72 595.43 21.32
-39.06 560.88 21.32
-43.93 527.20 21.32
-46.22 494.55 21.32
-45.87 463.05 21.32
-42.83 432.80 21.32
-37.11 403.87 21.32
-28.73 376.30 21.32
-17.77 350.02 21.32
-4.34 324.90 21.32
11.43 300.70 21.32
29.40 277.05 21.32
49.41 253.46 21.32
94.82 204.22 21.32
119.90 177.49 21.32
146.33 148.87 21.32
173.98 118.38 21.32
202.68 86.44 21.32
232.32 53.99 21.32
262.76 22.43 21.32
325.57 -30.89 21.32
357.71 -48.99 21.32
390.20 -59.48 21.32
422.92 -61.79 21.32
455.75 -56.23 21.32
488.58 -44.01 21.32
521.28 -27.09 21.32
553.73 -7.87 21.32
617.37 28.14 21.32
648.29 41.48 21.32
678.44 50.70 21.32
707.68 56.14 21.32
735.89 58.84 21.32
762.96 60.31 21.32
788.78 62.23 21.32
813.25 66.19 21.32
836.29 73.43 21.32
857.86 84.80 21.32
877.90 100.66 21.32
896.40 120.94 21.32
913.36 145.28 21.32
928.79 173.07 21.32
942.73 203.63 21.32
955.21 236.23 21.32
966.29 270.21 21.32
984.36 340.08 21.32
991.40 375.08 21.32
997.14 409.69 21.32
1001.53 443.65 21.32
