0.584021 0.542157 0.021322
0.581455 0.572944 0.021322
0.569347 0.596989 0.021322
0.548652 0.610275 0.021322
0.521181 0.610347 0.021322
0.489487 0.597789 0.021322
0.456625 0.575880 0.021322
0.425858 0.548479 0.021322
0.400335 0.518090 0.021322
0.382770 0.485817 0.021322
0.375112 0.452750 0.021322
0.378249 0.421261 0.021322
0.391839 0.395295 0.021322
0.414341 0.379467 0.021322
0.443253 0.377195 0.021322
0.507809 0.411662 0.021322
0.537135 0.441264 0.021322
0.560851 0.474195 0.021322
0.576933 0.508387 0.021322
0.616369 0.548175 0.021322
0.614980 0.580508 0.021322
0.606192 0.609598 0.021322
0.590334 0.632290 0.021322
0.568142 0.645513 0.021322
0.540764 0.647399 0.021322
0.509701 0.638204 0.021322
0.476722 0.620304 0.021322
0.443742 0.597042 0.021322
0.412717 0.571133 0.021322
0.385538 0.543765 0.021322
0.363927 0.514855 0.021322
0.349326 0.484013 0.021322
0.342764 0.451466 0.021322
0.344740 0.418535 0.021322
0.355141 0.387704 0.021322
0.373236 0.362332 0.021322
0.397756 0.345961 0.021322
0.427030 0.341217 0.021322
0.459149 0.348694 0.021322
0.492128 0.366594 0.021322
0.524052 0.391575 0.021322
0.553181 0.420341 0.021322
0.578032 0.450857 0.021322
0.597405 0.482447 0.021322
0.610394 0.515031 0.021322
0.648716 0.547845 0.021322
0.648075 0.581170 0.021322
0.641450 0.613484 0.021322
0.628941 0.642450 0.021322
0.610865 0.665341 0.021322
0.587779 0.679597 0.021322
0.560477 0.683585 0.021322
0.529956 0.677291 0.021322
0.497368 0.662483 0.021322
0.463958 0.642089 0.021322
0.431016 0.619032 0.021322
0.399830 0.595177 0.021322
0.371651 0.570950 0.021322
0.347656 0.545718 0.021322
0.328903 0.518532 0.021322
0.316276 0.488787 0.021322
0.310417 0.456577 0.021322
0.311654 0.422788 0.021322
0.319962 0.389071 0.021322
0.334947 0.357769 0.021322
0.355876 0.331736 0.021322
0.381744 0.313891 0.021322
0.411350 0.306485 0.021322
0.443382 0.310291 0.021322
0.476497 0.324184 0.021322
0.509381 0.345492 0.021322
0.569693 0.398312 0.021322
0.595089 0.426128 0.021322
0.616232 0.454501 0.021322
0.632510 0.484023 0.021322
0.643453 0.515171 0.021322
0.681063 0.541209 0.021322
0.681004 0.574285 0.021322
0.676210 0.607793 0.021322
0.666678 0.640205 0.021322
0.652515 0.669581 0.021322
0.633964 0.693721 0.021322
0.611411 0.710494 0.021322
0.585383 0.718334 0.021322
0.556525 0.716767 0.021322
0.525577 0.706704 0.021322
0.493341 0.690272 0.021322
0.460654 0.670185 0.021322
0.428359 0.648875 0.021322
0.397297 0.627808 0.021322
0.368287 0.607251 0.021322
0.342122 0.586534 0.021322
0.319557 0.564565 0.021322
0.301286 0.540350 0.021322
0.287918 0.513303 0.021322
0.279935 0.483358 0.021322
0.277655 0.450931 0.021322
0.281202 0.416861 0.021322
0.290479 0.382389 0.021322
0.305175 0.349179 0.021322
0.324785 0.319299 0.021322
0.348639 0.295090 0.021322
0.375952 0.278805 0.021322
0.405862 0.272070 0.021322
0.437471 0.275336 0.021322
0.469877 0.287605 0.021322
0.502205 0.306648 0.021322
0.533631 0.329685 0.021322
0.563399 0.354249 0.021322
0.590843 0.378836 0.021322
0.615392 0.403081 0.021322
0.636575 0.427486 0.021322
0.654010 0.452925 0.021322
0.667393 0.480178 0.021322
0.676476 0.509640 0.021322
0.713411 0.529143 0.021322
0.713705 0.562684 0.021322
0.702053 0.632362 0.021322
0.690084 0.666043 0.021322
0.674137 0.696756 0.021322
0.654426 0.722527 0.021322
0.631270 0.741387 0.021322
0.605086 0.751784 0.021322
0.576377 0.753048 0.021322
0.545707 0.745713 0.021322
0.513685 0.731513 0.021322
0.480940 0.712974 0.021322
0.448106 0.692718 0.021322
0.415814 0.672748 0.021322
0.384683 0.654005 0.021322
0.355317 0.636329 0.021322
0.328308 0.618786 0.021322
0.283631 0.579287 0.021322
0.267025 0.555514 0.021322
0.254863 0.528561 0.021322
0.247511 0.498560 0.021322
0.245218 0.465936 0.021322
0.248093 0.431323 0.021322
0.256088 0.395555 0.021322
0.269000 0.359721 0.021322
0.286480 0.325239 0.021322
0.308053 0.293902 0.021322
0.333151 0.267786 0.021322
0.361135 0.248974 0.021322
0.391330 0.239115 0.021322
0.423043 0.238922 0.021322
0.455581 0.247848 0.021322
0.488270 0.264109 0.021322
0.520465 0.285129 0.021322
0.551564 0.308249 0.021322
0.581021 0.331428 0.021322
0.608352 0.353655 0.021322
0.633145 0.374967 0.021322
0.655059 0.396132 0.021322
0.673818 0.418205 0.021322
0.689203 0.442136 0.021322
0.701030 0.468532 0.021322
0.709146 0.497594 0.021322
0.745758 0.513235 0.021322
0.746325 0.547014 0.021322
0.743348 0.582367 0.021322
0.736760 0.618593 0.021322
0.726533 0.654777 0.021322
0.712702 0.689720 0.021322
0.695376 0.721893 0.021322
0.674747 0.749498 0.021322
0.651087 0.770670 0.021322
0.624742 0.783833 0.021322
0.596120 0.788112 0.021322
0.565672 0.783684 0.021322
0.533881 0.771881 0.021322
0.501241 0.754959 0.021322
0.468250 0.735561 0.021322
0.435401 0.716056 0.021322
0.403173 0.697986 0.021322
0.372035 0.681813 0.021322
0.342443 0.667016 0.021322
0.314849 0.652449 0.021322
0.289696 0.636780 0.021322
0.267421 0.618869 0.021322
0.248449 0.597971 0.021322
0.233178 0.573788 0.021322
0.221966 0.546387 0.021322
0.215105 0.516080 0.021322
0.212802 0.483306 0.021322
0.215155 0.448562 0.021322
0.222149 0.412395 0.021322
0.233644 0.375456 0.021322
0.249388 0.338605 0.021322
0.269031 0.303016 0.021322
0.292142 0.270244 0.021322
0.318233 0.242165 0.021322
0.346780 0.220755 0.021322
0.377237 0.207711 0.021322
0.409054 0.203996 0.021322
0.441682 0.209478 0.021322
0.474589 0.222828 0.021322
0.507256 0.241769 0.021322
0.539195 0.263626 0.021322
0.569950 0.285992 0.021322
0.599108 0.307263 0.021322
0.626303 0.326874 0.021322
0.651225 0.345203 0.021322
0.673618 0.363229 0.021322
0.693277 0.382123 0.021322
0.710041 0.402910 0.021322
0.723780 0.426274 0.021322
0.734382 0.452512 0.021322
0.741743 0.481590 0.021322
0.778105 0.495584 0.021322
0.778889 0.529421 0.021322
0.776546 0.564844 0.021322
0.770994 0.601421 0.021322
0.762178 0.638621 0.021322
0.750086 0.675726 0.021322
0.734760 0.711732 0.021322
0.716309 0.745291 0.021322
0.694909 0.774748 0.021322
0.670798 0.798312 0.021322
0.644274 0.814356 0.021322
0.615680 0.821804 0.021322
0.585389 0.820490 0.021322
0.553798 0.811339 0.021322
0.521313 0.796272 0.021322
0.455265 0.758562 0.021322
0.422485 0.740505 0.021322
0.390370 0.724723 0.021322
0.329564 0.699219 0.021322
0.301574 0.687342 0.021322
0.275655 0.674214 0.021322
0.252156 0.658693 0.021322
0.213807 0.618034 0.021322
0.199626 0.592714 0.021322
0.189179 0.564429 0.021322
0.182711 0.533617 0.021322
0.180399 0.500725 0.021322
0.182338 0.466153 0.021322
0.188528 0.430247 0.021322
0.198874 0.393348 0.021322
0.213188 0.355880 0.021322
0.231199 0.318473 0.021322
0.252573 0.282082 0.021322
0.276921 0.248057 0.021322
0.303826 0.218114 0.021322
0.332848 0.194155 0.021322
0.363540 0.177935 0.021322
0.395456 0.170650 0.021322
0.428153 0.172559 0.021322
0.461198 0.182786 0.021322
0.494172 0.199421 0.021322
0.526670 0.219920 0.021322
0.558308 0.241683 0.021322
0.588731 0.262634 0.021322
0.617614 0.281610 0.021322
0.644671 0.298458 0.021322
0.669658 0.313854 0.021322
0.692376 0.328950 0.021322
0.712667 0.344999 0.021322
0.730413 0.363052 0.021322
0.745522 0.383802 0.021322
0.757918 0.407550 0.021322
0.767532 0.434275 0.021322
0.774289 0.463737 0.021322
0.811419 0.511739 0.021322
0.809687 0.546266 0.021322
0.805170 0.581863 0.021322
0.797797 0.618298 0.021322
0.787525 0.655261 0.021322
0.774352 0.692270 0.021322
0.758321 0.728567 0.021322
0.739530 0.763058 0.021322
0.718130 0.794318 0.021322
0.694321 0.820703 0.021322
0.668347 0.840578 0.021322
0.640484 0.852644 0.021322
0.611036 0.856272 0.021322
0.580319 0.851758 0.021322
0.548658 0.840381 0.021322
0.516377 0.824220 0.021322
0.483793 0.805756 0.021322
0.451213 0.787351 0.021322
0.418933 0.770767 0.021322
0.387235 0.756870 0.021322
0.356389 0.745565 0.021322
0.326660 0.735977 0.021322
0.298306 0.726786 0.021322
0.271586 0.716579 0.021322
0.246763 0.704158 0.021322
0.224108 0.688715 0.021322
0.203894 0.669875 0.021322
0.186399 0.647655 0.021322
0.171893 0.622348 0.021322
0.160630 0.594404 0.021322
0.152833 0.564318 0.021322
0.148680 0.532545 0.021322
0.148290 0.499453 0.021322
0.151713 0.465299 0.021322
0.158926 0.430246 0.021322
0.169830 0.394406 0.021322
0.184256 0.357918 0.021322
0.201977 0.321053 0.021322
0.222715 0.284334 0.021322
0.246157 0.248635 0.021322
0.271967 0.215228 0.021322
0.299795 0.185734 0.021322
0.329287 0.161933 0.021322
0.360089 0.145472 0.021322
0.391853 0.137490 0.021322
0.424234 0.138294 0.021322
0.456897 0.147170 0.021322
0.489512 0.162448 0.021322
0.521762 0.181795 0.021322
0.553340 0.202701 0.021322
0.583955 0.222995 0.021322
0.613339 0.241246 0.021322
0.641244 0.256946 0.021322
0.667456 0.270459 0.021322
0.691791 0.282761 0.021322
0.714101 0.295114 0.021322
0.734272 0.308743 0.021322
0.752221 0.324609 0.021322
0.767888 0.343304 0.021322
0.781228 0.365048 0.021322
0.792203 0.389760 0.021322
0.800770 0.417160 0.021322
0.806876 0.446874 0.021322
0.842800 0.464276 0.021322
0.843909 0.497391 0.021322
0.842586 0.531403 0.021322
0.838741 0.566199 0.021322
0.832291 0.601723 0.021322
0.823175 0.637926 0.021322
0.811362 0.674676 0.021322
0.796858 0.711659 0.021322
0.779718 0.748282 0.021322
0.760040 0.783595 0.021322
0.737971 0.816285 0.021322
0.713695 0.844761 0.021322
0.687432 0.867352 0.021322
0.659430 0.882605 0.021322
0.629954 0.889613 0.021322
0.599281 0.888301 0.021322
0.567691 0.879558 0.021322
0.535463 0.865160 0.021322
0.502870 0.847468 0.021322
0.470175 0.828970 0.021322
0.437626 0.811793 0.021322
0.405463 0.797307 0.021322
0.373910 0.785939 0.021322
0.343182 0.777214 0.021322
0.313486 0.769990 0.021322
0.285026 0.762800 0.021322
0.258006 0.754194 0.021322
0.232636 0.743002 0.021322
0.209134 0.728477 0.021322
0.187726 0.710323 0.021322
0.168651 0.688631 0.021322
0.152147 0.663768 0.021322
0.138453 0.636262 0.021322
0.127793 0.606686 0.021322
0.120366 0.575581 0.021322
0.116333 0.543396 0.021322
0.115805 0.510461 0.021322
0.118836 0.476970 0.021322
0.125414 0.442995 0.021322
0.135466 0.408506 0.021322
0.148856 0.373428 0.021322
0.165396 0.337719 0.021322
0.184855 0.301470 0.021322
0.206969 0.265031 0.021322
0.231452 0.229107 0.021322
0.258009 0.194824 0.021322
0.286338 0.163699 0.021322
0.316137 0.137490 0.021322
0.347112 0.117932 0.021322
0.378970 0.106395 0.021322
0.411426 0.103539 0.021322
0.444201 0.109078 0.021322
0.477020 0.121732 0.021322
0.509612 0.139424 0.021322
0.541717 0.159665 0.021322
0.573081 0.180047 0.021322
0.603461 0.198702 0.021322
0.632632 0.214598 0.021322
0.660388 0.227628 0.021322
0.686546 0.238470 0.021322
0.710954 0.248310 0.021322
0.733487 0.258508 0.021322
0.754051 0.270310 0.021322
0.772580 0.284652 0.021322
0.789031 0.302071 0.021322
0.803381 0.322724 0.021322
0.815610 0.346461 0.021322
0.825702 0.372932 0.021322
0.833629 0.401687 0.021322
0.839348 0.432271 0.021322
0.875148 0.454746 0.021322
0.876377 0.487698 0.021322
0.875401 0.521057 0.021322
0.872127 0.554775 0.021322
0.866465 0.588902 0.021322
0.858339 0.623546 0.021322
0.847698 0.658816 0.021322
0.834524 0.694738 0.021322
0.818835 0.731156 0.021322
0.800694 0.767631 0.021322
0.780202 0.803355 0.021322
0.757501 0.837129 0.021322
0.732766 0.867424 0.021322
0.706198 0.892548 0.021322
0.678022 0.910914 0.021322
0.648474 0.921358 0.021322
0.617800 0.923448 0.021322
0.586246 0.917670 0.021322
0.554059 0.905443 0.021322
0.521476 0.888915 0.021322
0.488726 0.870580 0.021322
0.456025 0.852809 0.021322
0.423581 0.837409 0.021322
0.391584 0.825324 0.021322
0.360215 0.816553 0.021322
0.329647 0.810272 0.021322
0.300041 0.805109 0.021322
0.271559 0.799491 0.021322
0.244363 0.791962 0.021322
0.218617 0.781405 0.021322
0.194497 0.767160 0.021322
0.172189 0.749023 0.021322
0.151892 0.727170 0.021322
0.133814 0.702051 0.021322
0.118170 0.674262 0.021322
0.105174 0.644447 0.021322
0.095029 0.613219 0.021322
0.087917 0.581107 0.021322
0.083985 0.548528 0.021322
0.083341 0.515773 0.021322
0.086038 0.482998 0.021322
0.092077 0.450229 0.021322
0.101399 0.417372 0.021322
0.113894 0.384245 0.021322
0.129405 0.350619 0.021322
0.147733 0.316298 0.021322
0.168653 0.281218 0.021322
0.191916 0.245566 0.021322
0.217267 0.209885 0.021322
0.244442 0.175153 0.021322
0.273182 0.142774 0.021322
0.303231 0.114465 0.021322
0.334339 0.092028 0.021322
0.366262 0.077029 0.021322
0.398762 0.070456 0.021322
0.431604 0.072438 0.021322
0.464558 0.082120 0.021322
0.497396 0.097753 0.021322
0.529892 0.116983 0.021322
0.561825 0.137298 0.021322
0.592980 0.156495 0.021322
0.623152 0.173063 0.021322
0.652145 0.186388 0.021322
0.679783 0.196742 0.021322
0.705907 0.205090 0.021322
0.730384 0.212791 0.021322
0.753106 0.221278 0.021322
0.773993 0.231791 0.021322
0.792991 0.245214 0.021322
0.810068 0.262013 0.021322
0.825211 0.282264 0.021322
0.838420 0.305740 0.021322
0.849694 0.332012 0.021322
0.859029 0.360556 0.021322
0.866410 0.390836 0.021322
0.871801 0.422365 0.021322
0.907495 0.451180 0.021322
0.908823 0.483562 0.021322
0.905505 0.548027 0.021322
0.900676 0.580174 0.021322
0.893619 0.612466 0.021322
0.884269 0.645130 0.021322
0.872588 0.678402 0.021322
0.858567 0.712450 0.021322
0.842234 0.747286 0.021322
0.823652 0.782661 0.021322
0.802918 0.817981 0.021322
0.780163 0.852261 0.021322
0.755542 0.884144 0.021322
0.729235 0.912022 0.021322
0.701438 0.934242 0.021322
0.672355 0.949388 0.021322
0.642198 0.956584 0.021322
0.611182 0.955731 0.021322
0.579517 0.947630 0.021322
0.547407 0.933912 0.021322
0.515052 0.916799 0.021322
0.482639 0.898716 0.021322
0.450346 0.881861 0.021322
0.418337 0.867825 0.021322
0.386769 0.857354 0.021322
0.355784 0.850300 0.021322
0.325517 0.845753 0.021322
0.296094 0.842305 0.021322
0.267639 0.838368 0.021322
0.240272 0.832464 0.021322
0.214118 0.823449 0.021322
0.189307 0.810616 0.021322
0.165979 0.793713 0.021322
0.144289 0.772878 0.021322
0.124401 0.748535 0.021322
0.106493 0.721283 0.021322
0.090754 0.691789 0.021322
0.077373 0.660711 0.021322
0.066535 0.628649 0.021322
0.058412 0.596111 0.021322
0.053155 0.563500 0.021322
0.050878 0.531113 0.021322
0.051660 0.499135 0.021322
0.055530 0.467641 0.021322
0.062473 0.436593 0.021322
0.072424 0.405843 0.021322
0.085274 0.375149 0.021322
0.100877 0.344195 0.021322
0.119055 0.312647 0.021322
0.139608 0.280228 0.021322
0.186972 0.212568 0.021322
0.213338 0.177998 0.021322
0.241199 0.144066 0.021322
0.270340 0.112144 0.021322
0.300554 0.083916 0.021322
0.331639 0.061150 0.021322
0.363398 0.045411 0.021322
0.395642 0.037740 0.021322
0.428181 0.038389 0.021322
0.460828 0.046688 0.021322
0.493396 0.061095 0.021322
0.525699 0.079434 0.021322
0.557552 0.099272 0.021322
0.588773 0.118353 0.021322
0.619181 0.134981 0.021322
0.648606 0.148268 0.021322
0.676885 0.158192 0.021322
0.703869 0.165488 0.021322
0.729427 0.171403 0.021322
0.753446 0.177394 0.021322
0.775837 0.184854 0.021322
0.796534 0.194900 0.021322
0.815494 0.208258 0.021322
0.832696 0.225243 0.021322
0.848136 0.245806 0.021322
0.861824 0.269623 0.021322
0.873773 0.296200 0.021322
0.883997 0.324960 0.021322
0.892502 0.355326 0.021322
0.899275 0.386767 0.021322
0.904290 0.418835 0.021322
0.939842 0.454048 0.021322
0.941259 0.486306 0.021322
0.940876 0.518029 0.021322
0.938602 0.549201 0.021322
0.934340 0.579900 0.021322
0.928000 0.610304 0.021322
0.919508 0.640676 0.021322
0.908809 0.671339 0.021322
0.895877 0.702635 0.021322
0.880717 0.734852 0.021322
0.863367 0.768131 0.021322
0.843899 0.802371 0.021322
0.822414 0.837124 0.021322
0.799040 0.871539 0.021322
0.773929 0.904361 0.021322
0.747249 0.934016 0.021322
0.719182 0.958796 0.021322
0.689915 0.977116 0.021322
0.659644 0.987818 0.021322
0.628559 0.990433 0.021322
0.596852 0.985362 0.021322
0.564708 0.973884 0.021322
0.532303 0.957994 0.021322
0.499808 0.940084 0.021322
0.467382 0.922529 0.021322
0.435173 0.907280 0.021322
0.403320 0.895547 0.021322
0.371950 0.887651 0.021322
0.341180 0.883053 0.021322
0.311119 0.880546 0.021322
0.281867 0.878546 0.021322
0.253522 0.875403 0.021322
0.226178 0.869674 0.021322
0.199932 0.860307 0.021322
0.174885 0.846717 0.021322
0.151151 0.828775 0.021322
0.128851 0.806732 0.021322
0.108123 0.781100 0.021322
0.089119 0.752546 0.021322
0.072002 0.721781 0.021322
0.056948 0.689494 0.021322
0.044133 0.656305 0.021322
0.033730 0.622741 0.021322
0.025903 0.589230 0.021322
0.020792 0.556107 0.021322
0.018508 0.523620 0.021322
0.019128 0.491929 0.021322
0.022686 0.461111 0.021322
0.029173 0.431152 0.021322
0.038535 0.401939 0.021322
0.050679 0.373257 0.021322
0.065476 0.344789 0.021322
0.082769 0.316142 0.021322
0.102377 0.286889 0.021322
0.124107 0.256637 0.021322
0.147760 0.225134 0.021322
0.173133 0.192376 0.021322
0.200028 0.158723 0.021322
0.228254 0.124973 0.021322
0.257627 0.092376 0.021322
0.287968 0.062553 0.021322
0.319108 0.037311 0.021322
0.350883 0.018375 0.021322
0.383131 0.007067 0.021322
0.415694 0.004022 0.021322
0.448413 0.008994 0.021322
0.481130 0.020823 0.021322
0.513684 0.037586 0.021322
0.545913 0.056915 0.021322
0.577655 0.076400 0.021322
0.608748 0.094006 0.021322
0.639034 0.108392 0.021322
0.696576 0.126410 0.021322
0.723551 0.131434 0.021322
0.749163 0.135582 0.021322
0.773308 0.140393 0.021322
0.795905 0.147253 0.021322
0.816891 0.157212 0.021322
0.836226 0.170899 0.021322
0.853892 0.188521 0.021322
0.869891 0.209928 0.021322
0.884235 0.234710 0.021322
0.896950 0.262300 0.021322
0.908060 0.292067 0.021322
0.917590 0.323387 0.021322
0.925548 0.355689 0.021322
0.931930 0.388483 0.021322
0.936711 0.421371 0.021322
0.972190 0.462972 0.021322
0.973683 0.495145 0.021322
0.973521 0.526443 0.021322
0.971608 0.556831 0.021322
0.967846 0.586355 0.021322
0.954406 0.643444 0.021322
0.944580 0.671560 0.021322
0.932619 0.699891 0.021322
0.918513 0.728863 0.021322
0.902279 0.758869 0.021322
0.883966 0.790180 0.021322
0.863652 0.822837 0.021322
0.841443 0.856550 0.021322
0.817466 0.890619 0.021322
0.791867 0.923912 0.021322
0.764805 0.954922 0.021322
0.736451 0.981922 0.021322
0.706978 1.003197 0.021322
0.676565 1.017339 0.021322
0.645386 1.023534 0.021322
0.613614 1.021776 0.021322
0.581418 1.012955 0.021322
0.548957 0.998769 0.021322
0.516386 0.981478 0.021322
0.483850 0.963529 0.021322
0.451482 0.947144 0.021322
0.419411 0.933951 0.021322
0.387750 0.924746 0.021322
0.356606 0.919426 0.021322
0.326074 0.917088 0.021322
0.296244 0.916274 0.021322
0.267195 0.915270 0.021322
0.239004 0.912413 0.021322
0.211743 0.906331 0.021322
0.185488 0.896097 0.021322
0.160316 0.881269 0.021322
0.136313 0.861860 0.021322
0.113578 0.838238 0.021322
0.092222 0.811012 0.021322
0.072369 0.780906 0.021322
0.054162 0.748671 0.021322
0.037755 0.715009 0.021322
0.023311 0.680536 0.021322
0.010998 0.645769 0.021322
0.000980 0.611124 0.021322
-0.006587 0.576932 0.021322
-0.011570 0.543450 0.021322
-0.013859 0.510874 0.021322
-0.013381 0.479347 0.021322
-0.010099 0.448958 0.021322
-0.004015 0.419729 0.021322
0.004827 0.391612 0.021322
0.016344 0.364464 0.021322
0.030421 0.338038 0.021322
0.046917 0.311981 0.021322
0.065667 0.285844 0.021322
0.086496 0.259125 0.021322
0.109220 0.231333 0.021322
0.133655 0.202086 0.021322
0.159618 0.171227 0.021322
0.186937 0.138945 0.021322
0.215443 0.105866 0.021322
0.244978 0.073089 0.021322
0.275394 0.042141 0.021322
0.306546 0.014826 0.021322
0.338297 -0.007021 0.021322
0.370512 -0.021833 0.021322
0.403057 -0.028622 0.021322
0.435798 -0.027213 0.021322
0.468601 -0.018352 0.021322
0.501326 -0.003634 0.021322
0.533834 0.014734 0.021322
0.565981 0.034300 0.021322
0.597624 0.052782 0.021322
0.628615 0.068436 0.021322
0.658813 0.080314 0.021322
0.688076 0.088342 0.021322
0.716271 0.093238 0.021322
0.743273 0.096296 0.021322
0.768970 0.099096 0.021322
0.793264 0.103222 0.021322
0.816077 0.110014 0.021322
0.837347 0.120426 0.021322
0.857038 0.134967 0.021322
0.875131 0.153718 0.021322
0.891626 0.176421 0.021322
0.906541 0.202573 0.021322
0.919905 0.231541 0.021322
0.931753 0.262647 0.021322
0.942120 0.295241 0.021322
0.951034 0.328733 0.021322
0.958511 0.362622 0.021322
0.964548 0.396497 0.021322
0.969123 0.430030 0.021322
1.004537 0.476775 0.021322
1.006099 0.508922 0.021322
1.006131 0.539981 0.021322
1.004539 0.569894 0.021322
0.996077 0.626331 0.021322
0.989019 0.653072 0.021322
0.979973 0.679129 0.021322
0.968884 0.704854 0.021322
0.955727 0.730686 0.021322
0.940504 0.757122 0.021322
0.923245 0.784649 0.021322
0.904010 0.813659 0.021322
0.882883 0.844340 0.021322
0.859972 0.876568 0.021322
0.835405 0.909810 0.021322
0.809321 0.943082 0.021322
0.781873 0.974977 0.021322
0.753221 1.003788 0.021322
0.723525 1.027715 0.021322
0.692949 1.045143 0.021322
0.661654 1.054938 0.021322
0.629798 1.056699 0.021322
0.597534 1.050903 0.021322
0.565007 1.038897 0.021322
0.532358 1.022720 0.021322
0.499720 1.004789 0.021322
0.467216 0.987499 0.021322
0.434962 0.972827 0.021322
0.403065 0.962021 0.021322
0.371623 0.955447 0.021322
0.340725 0.952589 0.021322
0.310449 0.952223 0.021322
0.280868 0.952686 0.021322
0.252046 0.952188 0.021322
0.224043 0.949098 0.021322
0.196914 0.942157 0.021322
0.170715 0.930588 0.021322
0.145506 0.914118 0.021322
0.121350 0.892911 0.021322
0.098324 0.867463 0.021322
0.076514 0.838472 0.021322
0.056023 0.806724 0.021322
0.036968 0.772993 0.021322
0.019482 0.737982 0.021322
0.003712 0.702289 0.021322
-0.010185 0.666396 0.021322
-0.022050 0.630681 0.021322
-0.031725 0.595434 0.021322
-0.039061 0.560882 0.021322
-0.043929 0.527204 0.021322
-0.046225 0.494551 0.021322
-0.045872 0.463049 0.021322
-0.042833 0.432800 0.021322
-0.037107 0.403875 0.021322
-0.028730 0.376295 0.021322
-0.017773 0.350016 0.021322
-0.004342 0.324900 0.021322
0.011433 0.300699 0.021322
0.029404 0.277046 0.021322
0.049406 0.253460 0.021322
0.094824 0.204225 0.021322
0.119899 0.177493 0.021322
0.146335 0.148875 0.021322
0.173978 0.118379 0.021322
0.202685 0.086443 0.021322
0.232321 0.053993 0.021322
0.262759 0.022426 0.021322
0.325569 -0.030894 0.021322
0.357713 -0.048988 0.021322
0.390199 -0.059479 0.021322
0.422916 -0.061788 0.021322
0.455748 -0.056226 0.021322
0.488576 -0.044009 0.021322
0.521280 -0.027094 0.021322
0.553733 -0.007872 0.021322
0.617372 0.028145 0.021322
0.648293 0.041481 0.021322
0.678439 0.050703 0.021322
0.707682 0.056141 0.021322
0.735895 0.058838 0.021322
0.762962 0.060307 0.021322
0.788777 0.062231 0.021322
0.813246 0.066186 0.021322
0.836293 0.073434 0.021322
0.857857 0.084804 0.021322
0.877900 0.100658 0.021322
0.896401 0.120943 0.021322
0.913359 0.145278 0.021322
0.928792 0.173072 0.021322
0.942731 0.203626 0.021322
0.955214 0.236227 0.021322
0.966287 0.270210 0.021322
0.984356 0.340077 0.021322
0.991404 0.375080 0.021322
0.997135 0.409685 0.021322
1.001528 0.443647 0.021322
