320.04 175.51 16.34
349.98 174.00 16.34
379.92 172.32 16.34
409.86 170.54 16.34
439.80 168.77 16.34
469.73 167.11 16.34
499.67 165.64 16.34
529.61 164.46 16.34
559.55 163.62 16.34
589.49 163.17 16.34
619.43 163.14 16.34
649.36 163.53 16.34
679.30 164.32 16.34
709.24 165.46 16.34
321.24 205.44 16.34
351.18 203.94 16.34
381.12 202.26 16.34
411.06 200.48 16.34
440.99 198.71 16.34
470.93 197.04 16.34
500.87 195.58 16.34
530.81 194.39 16.34
560.75 193.55 16.34
590.69 193.11 16.34
620.62 193.08 16.34
650.56 193.47 16.34
680.50 194.25 16.34
710.44 195.39 16.34
322.01 235.38 16.34
351.95 233.88 16.34
381.89 232.19 16.34
411.83 230.42 16.34
441.77 228.65 16.34
471.70 226.98 16.34
501.64 225.52 16.34
531.58 224.33 16.34
561.52 223.49 16.34
591.46 223.05 16.34
621.40 223.02 16.34
651.33 223.41 16.34
681.27 224.19 16.34
711.21 225.33 16.34
322.34 265.32 16.34
352.28 263.82 16.34
382.22 262.13 16.34
412.15 260.35 16.34
442.09 258.58 16.34
472.03 256.92 16.34
501.97 255.46 16.34
531.91 254.27 16.34
561.85 253.43 16.34
591.78 252.98 16.34
621.72 252.95 16.34
651.66 253.34 16.34
681.60 254.13 16.34
322.21 295.26 16.34
352.15 293.76 16.34
412.03 290.29 16.34
441.96 288.52 16.34
471.90 286.86 16.34
501.84 285.39 16.34
531.78 284.21 16.34
561.72 283.37 16.34
591.66 282.92 16.34
621.59 282.89 16.34
651.53 283.28 16.34
681.47 284.07 16.34
711.41 285.21 16.34
321.63 325.20 16.34
351.57 323.70 16.34
381.51 322.01 16.34
411.45 320.23 16.34
441.38 318.46 16.34
471.32 316.80 16.34
501.26 315.33 16.34
531.20 314.15 16.34
561.14 313.31 16.34
591.08 312.86 16.34
650.95 313.22 16.34
680.89 314.01 16.34
710.83 315.15 16.34
320.61 355.14 16.34
350.55 353.63 16.34
380.49 351.95 16.34
410.43 350.17 16.34
440.37 348.40 16.34
500.24 345.27 16.34
530.18 344.09 16.34
560.12 343.25 16.34
590.06 342.80 16.34
620.00 342.77 16.34
649.94 343.16 16.34
679.87 343.95 16.34
709.81 345.09 16.34
319.19 385.07 16.34
349.13 383.57 16.34
379.06 381.89 16.34
409.00 380.11 16.34
438.94 378.34 16.34
468.88 376.67 16.34
498.82 375.21 16.34
528.76 374.02 16.34
558.69 373.18 16.34
588.63 372.74 16.34
618.57 372.71 16.34
678.45 373.88 16.34
317.39 415.01 16.34
347.33 413.51 16.34
377.27 411.82 16.34
407.21 410.05 16.34
437.15 408.28 16.34
467.08 406.61 16.34
497.02 405.15 16.34
526.96 403.96 16.34
556.90 403.12 16.34
586.84 402.68 16.34
616.78 402.65 16.34
646.71 403.04 16.34
676.65 403.82 16.34
345.21 443.45 16.34
375.15 441.76 16.34
405.09 439.98 16.34
435.03 438.21 16.34
464.97 436.55 16.34
494.90 435.09 16.34
524.84 433.90 16.34
554.78 433.06 16.34
584.72 432.61 16.34
614.66 432.58 16.34
644.60 432.97 16.34
674.53 433.76 16.34
704.47 434.90 16.34
342.83 473.39 16.34
372.77 471.70 16.34
402.71 469.92 16.34
432.64 468.15 16.34
462.58 466.49 16.34
492.52 465.02 16.34
522.46 463.84 16.34
552.40 463.00 16.34
582.34 462.55 16.34
612.27 462.52 16.34
642.21 462.91 16.34
672.15 463.70 16.34
702.09 464.84 16.34
310.31 504.83 16.34
370.18 501.64 16.34
400.12 499.86 16.34
430.06 498.09 16.34
460.00 496.43 16.34
489.94 494.96 16.34
519.87 493.78 16.34
549.81 492.94 16.34
579.75 492.49 16.34
609.69 492.46 16.34
639.63 492.85 16.34
669.57 493.64 16.34
699.50 494.78 16.34
307.59 534.77 16.34
337.53 533.26 16.34
367.47 531.58 16.34
397.40 529.80 16.34
427.34 528.03 16.34
457.28 526.37 16.34
487.22 524.90 16.34
517.16 523.72 16.34
547.10 522.88 16.34
577.03 522.43 16.34
606.97 522.40 16.34
636.91 522.79 16.34
666.85 523.58 16.34
696.79 524.72 16.34
304.81 564.70 16.34
334.75 563.20 16.34
364.69 561.52 16.34
394.63 559.74 16.34
454.50 556.30 16.34
484.44 554.84 16.34
514.38 553.65 16.34
544.32 552.81 16.34
574.26 552.37 16.34
604.20 552.34 16.34
634.13 552.73 16.34
664.07 553.51 16.34
694.01 554.65 16.34
302.05 594.64 16.34
331.99 593.14 16.34
361.93 591.45 16.34
391.87 589.68 16.34
421.81 587.91 16.34
451.75 586.24 16.34
481.68 584.78 16.34
511.62 583.59 16.34
541.56 582.75 16.34
571.50 582.31 16.34
601.44 582.28 16.34
631.38 582.67 16.34
661.31 583.45 16.34
691.25 584.59 16.34
299.38 624.58 16.34
329.32 623.08 16.34
359.26 621.39 16.34
389.20 619.61 16.34
419.14 617.84 16.34
449.08 616.18 16.34
479.01 614.72 16.34
508.95 613.53 16.34
538.89 612.69 16.34
568.83 612.24 16.34
598.77 612.21 16.34
628.71 612.60 16.34
658.64 613.39 16.34
688.58 614.53 16.34
296.88 654.52 16.34
326.81 653.02 16.34
356.75 651.33 16.34
386.69 649.55 16.34
416.63 647.78 16.34
446.57 646.12 16.34
476.51 644.65 16.34
506.44 643.47 16.34
536.38 642.63 16.34
566.32 642.18 16.34
596.26 642.15 16.34
626.20 642.54 16.34
656.14 643.33 16.34
686.07 644.47 16.34
294.60 684.46 16.34
324.54 682.96 16.34
354.47 681.27 16.34
384.41 679.49 16.34
414.35 677.72 16.34
444.29 676.06 16.34
474.23 674.59 16.34
504.17 673.41 16.34
534.10 672.57 16.34
564.04 672.12 16.34
593.98 672.09 16.34
623.92 672.48 16.34
653.86 673.27 16.34
683.80 674.41 16.34
292.61 714.40 16.34
322.55 712.89 16.34
352.49 711.21 16.34
382.42 709.43 16.34
412.36 707.66 16.34
442.30 706.00 16.34
472.24 704.53 16.34
502.18 703.35 16.34
532.12 702.51 16.34
562.05 702.06 16.34
591.99 702.03 16.34
621.93 702.42 16.34
651.87 703.21 16.34
681.81 704.35 16.34
290.96 744.33 16.34
320.90 742.83 16.34
350.84 741.15 16.34
380.78 739.37 16.34
410.72 737.60 16.34
440.66 735.93 16.34
470.59 734.47 16.34
500.53 733.28 16.34
530.47 732.44 16.34
560.41 732.00 16.34
590.35 731.97 16.34
620.29 732.36 16.34
650.22 733.14 16.34
680.16 734.28 16.34
289.71 774.27 16.34
319.65 772.77 16.34
349.58 771.08 16.34
379.52 769.31 16.34
409.46 767.54 16.34
439.40 765.87 16.34
469.34 764.41 16.34
499.28 763.22 16.34
529.21 762.38 16.34
559.15 761.94 16.34
589.09 761.91 16.34
619.03 762.30 16.34
648.97 763.08 16.34
678.91 764.22 16.34
288.87 804.21 16.34
318.81 802.71 16.34
348.75 801.02 16.34
378.69 799.24 16.34
408.63 797.47 16.34
438.56 795.81 16.34
468.50 794.35 16.34
498.44 793.16 16.34
528.38 792.32 16.34
558.32 791.87 16.34
588.26 791.84 16.34
618.19 792.23 16.34
648.13 793.02 16.34
678.07 794.16 16.34
288.48 834.15 16.34
318.42 832.65 16.34
348.36 830.96 16.34
378.30 829.18 16.34
438.17 825.75 16.34
468.11 824.28 16.34
498.05 823.10 16.34
527.99 822.26 16.34
557.93 821.81 16.34
587.86 821.78 16.34
617.80 822.17 16.34
647.74 822.96 16.34
677.68 824.10 16.34
