0.320042 0.175505 0.016344
0.349980 0.174004 0.016344
0.379919 0.172317 0.016344
0.409857 0.170540 0.016344
0.439795 0.168770 0.016344
0.469734 0.167106 0.016344
0.499672 0.165641 0.016344
0.529610 0.164456 0.016344
0.559549 0.163616 0.016344
0.589487 0.163169 0.016344
0.619425 0.163140 0.016344
0.649364 0.163529 0.016344
0.679302 0.164316 0.016344
0.709240 0.165456 0.016344
0.321240 0.205443 0.016344
0.351179 0.203942 0.016344
0.381117 0.202255 0.016344
0.411055 0.200478 0.016344
0.440994 0.198708 0.016344
0.470932 0.197044 0.016344
0.500870 0.195579 0.016344
0.530809 0.194394 0.016344
0.560747 0.193555 0.016344
0.590685 0.193108 0.016344
0.620624 0.193078 0.016344
0.650562 0.193467 0.016344
0.680500 0.194254 0.016344
0.710439 0.195394 0.016344
0.322013 0.235382 0.016344
0.351952 0.233880 0.016344
0.381890 0.232194 0.016344
0.411828 0.230416 0.016344
0.441767 0.228646 0.016344
0.471705 0.226983 0.016344
0.501643 0.225518 0.016344
0.531582 0.224332 0.016344
0.561520 0.223493 0.016344
0.591458 0.223046 0.016344
0.621397 0.223016 0.016344
0.651335 0.223406 0.016344
0.681273 0.224192 0.016344
0.711212 0.225333 0.016344
0.322340 0.265320 0.016344
0.352278 0.263819 0.016344
0.382216 0.262132 0.016344
0.412155 0.260355 0.016344
0.442093 0.258585 0.016344
0.472031 0.256921 0.016344
0.501970 0.255456 0.016344
0.531908 0.254271 0.016344
0.561846 0.253431 0.016344
0.591785 0.252984 0.016344
0.621723 0.252955 0.016344
0.651661 0.253344 0.016344
0.681600 0.254131 0.016344
0.322211 0.295258 0.016344
0.352149 0.293757 0.016344
0.412026 0.290293 0.016344
0.441964 0.288523 0.016344
0.471902 0.286859 0.016344
0.501841 0.285394 0.016344
0.531779 0.284209 0.016344
0.561717 0.283370 0.016344
0.591656 0.282923 0.016344
0.621594 0.282893 0.016344
0.651532 0.283282 0.016344
0.681471 0.284069 0.016344
0.711409 0.285209 0.016344
0.321630 0.325197 0.016344
0.351568 0.323695 0.016344
0.381507 0.322009 0.016344
0.411445 0.320231 0.016344
0.441383 0.318461 0.016344
0.471322 0.316798 0.016344
0.501260 0.315333 0.016344
0.531198 0.314147 0.016344
0.561137 0.313308 0.016344
0.591075 0.312861 0.016344
0.650952 0.313221 0.016344
0.680890 0.314007 0.016344
0.710828 0.315148 0.016344
0.320613 0.355135 0.016344
0.350552 0.353633 0.016344
0.380490 0.351947 0.016344
0.410428 0.350170 0.016344
0.440367 0.348400 0.016344
0.500243 0.345271 0.016344
0.530182 0.344086 0.016344
0.560120 0.343246 0.016344
0.590058 0.342799 0.016344
0.619997 0.342770 0.016344
0.649935 0.343159 0.016344
0.679873 0.343946 0.016344
0.709812 0.345086 0.016344
0.319188 0.385073 0.016344
0.349126 0.383572 0.016344
0.379065 0.381885 0.016344
0.409003 0.380108 0.016344
0.438941 0.378338 0.016344
0.468880 0.376674 0.016344
0.498818 0.375209 0.016344
0.528756 0.374024 0.016344
0.558695 0.373185 0.016344
0.588633 0.372738 0.016344
0.618571 0.372708 0.016344
0.678448 0.373884 0.016344
0.317392 0.415012 0.016344
0.347330 0.413510 0.016344
0.377269 0.411824 0.016344
0.407207 0.410046 0.016344
0.437145 0.408276 0.016344
0.467084 0.406613 0.016344
0.497022 0.405148 0.016344
0.526960 0.403962 0.016344
0.556899 0.403123 0.016344
0.586837 0.402676 0.016344
0.616775 0.402646 0.016344
0.646714 0.403036 0.016344
0.676652 0.403822 0.016344
0.345212 0.443448 0.016344
0.375150 0.441762 0.016344
0.405089 0.439985 0.016344
0.435027 0.438215 0.016344
0.464965 0.436551 0.016344
0.494904 0.435086 0.016344
0.524842 0.433901 0.016344
0.554780 0.433061 0.016344
0.584719 0.432614 0.016344
0.614657 0.432585 0.016344
0.644595 0.432974 0.016344
0.674534 0.433761 0.016344
0.704472 0.434901 0.016344
0.342828 0.473387 0.016344
0.372767 0.471700 0.016344
0.402705 0.469923 0.016344
0.432643 0.468153 0.016344
0.462582 0.466489 0.016344
0.492520 0.465024 0.016344
0.522458 0.463839 0.016344
0.552397 0.463000 0.016344
0.582335 0.462553 0.016344
0.612273 0.462523 0.016344
0.642212 0.462912 0.016344
0.672150 0.463699 0.016344
0.702088 0.464839 0.016344
0.310305 0.504827 0.016344
0.370182 0.501639 0.016344
0.400120 0.499861 0.016344
0.430059 0.498091 0.016344
0.459997 0.496428 0.016344
0.489935 0.494963 0.016344
0.519874 0.493777 0.016344
0.549812 0.492938 0.016344
0.579750 0.492491 0.016344
0.609689 0.492461 0.016344
0.639627 0.492851 0.016344
0.669565 0.493637 0.016344
0.699504 0.494778 0.016344
0.307589 0.534765 0.016344
0.337527 0.533263 0.016344
0.367465 0.531577 0.016344
0.397404 0.529800 0.016344
0.427342 0.528030 0.016344
0.457280 0.526366 0.016344
0.487219 0.524901 0.016344
0.517157 0.523716 0.016344
0.547095 0.522876 0.016344
0.577034 0.522429 0.016344
0.606972 0.522400 0.016344
0.636910 0.522789 0.016344
0.666849 0.523576 0.016344
0.696787 0.524716 0.016344
0.304813 0.564703 0.016344
0.334752 0.563202 0.016344
0.364690 0.561515 0.016344
0.394628 0.559738 0.016344
0.454505 0.556304 0.016344
0.484443 0.554839 0.016344
0.514382 0.553654 0.016344
0.544320 0.552815 0.016344
0.574258 0.552368 0.016344
0.604197 0.552338 0.016344
0.634135 0.552727 0.016344
0.664073 0.553514 0.016344
0.694012 0.554654 0.016344
0.302054 0.594642 0.016344
0.331992 0.593140 0.016344
0.361930 0.591454 0.016344
0.391869 0.589676 0.016344
0.421807 0.587906 0.016344
0.451745 0.586243 0.016344
0.481684 0.584778 0.016344
0.511622 0.583592 0.016344
0.541560 0.582753 0.016344
0.571499 0.582306 0.016344
0.601437 0.582276 0.016344
0.631375 0.582666 0.016344
0.661314 0.583452 0.016344
0.691252 0.584593 0.016344
0.299384 0.624580 0.016344
0.329322 0.623078 0.016344
0.359261 0.621392 0.016344
0.389199 0.619615 0.016344
0.419137 0.617845 0.016344
0.449076 0.616181 0.016344
0.479014 0.614716 0.016344
0.508952 0.613531 0.016344
0.538891 0.612691 0.016344
0.568829 0.612244 0.016344
0.598767 0.612215 0.016344
0.628706 0.612604 0.016344
0.658644 0.613391 0.016344
0.688582 0.614531 0.016344
0.296876 0.654518 0.016344
0.326814 0.653017 0.016344
0.356753 0.651330 0.016344
0.386691 0.649553 0.016344
0.416629 0.647783 0.016344
0.446568 0.646119 0.016344
0.476506 0.644654 0.016344
0.506444 0.643469 0.016344
0.536383 0.642630 0.016344
0.566321 0.642183 0.016344
0.596259 0.642153 0.016344
0.626198 0.642542 0.016344
0.656136 0.643329 0.016344
0.686074 0.644469 0.016344
0.294597 0.684457 0.016344
0.324535 0.682955 0.016344
0.354474 0.681269 0.016344
0.384412 0.679491 0.016344
0.414350 0.677721 0.016344
0.444289 0.676058 0.016344
0.474227 0.674593 0.016344
0.504165 0.673407 0.016344
0.534104 0.672568 0.016344
0.564042 0.672121 0.016344
0.593980 0.672091 0.016344
0.623919 0.672481 0.016344
0.653857 0.673267 0.016344
0.683795 0.674408 0.016344
0.292608 0.714395 0.016344
0.322547 0.712893 0.016344
0.352485 0.711207 0.016344
0.382423 0.709430 0.016344
0.412362 0.707660 0.016344
0.442300 0.705996 0.016344
0.472238 0.704531 0.016344
0.502177 0.703346 0.016344
0.532115 0.702506 0.016344
0.562053 0.702059 0.016344
0.591992 0.702030 0.016344
0.621930 0.702419 0.016344
0.651868 0.703206 0.016344
0.681807 0.704346 0.016344
0.290964 0.744333 0.016344
0.320902 0.742832 0.016344
0.350840 0.741145 0.016344
0.380779 0.739368 0.016344
0.410717 0.737598 0.016344
0.440655 0.735934 0.016344
0.470594 0.734469 0.016344
0.500532 0.733284 0.016344
0.530470 0.732445 0.016344
0.560409 0.731998 0.016344
0.590347 0.731968 0.016344
0.620285 0.732357 0.016344
0.650224 0.733144 0.016344
0.680162 0.734284 0.016344
0.289707 0.774272 0.016344
0.319645 0.772770 0.016344
0.349584 0.771084 0.016344
0.379522 0.769306 0.016344
0.409460 0.767536 0.016344
0.439399 0.765873 0.016344
0.469337 0.764408 0.016344
0.499275 0.763222 0.016344
0.529214 0.762383 0.016344
0.559152 0.761936 0.016344
0.589090 0.761906 0.016344
0.619029 0.762296 0.016344
0.648967 0.763082 0.016344
0.678905 0.764223 0.016344
0.288872 0.804210 0.016344
0.318810 0.802708 0.016344
0.348748 0.801022 0.016344
0.378687 0.799245 0.016344
0.408625 0.797475 0.016344
0.438563 0.795811 0.016344
0.468502 0.794346 0.016344
0.498440 0.793161 0.016344
0.528378 0.792321 0.016344
0.558317 0.791874 0.016344
0.588255 0.791845 0.016344
0.618193 0.792234 0.016344
0.648132 0.793021 0.016344
0.678070 0.794161 0.016344
0.288481 0.834148 0.016344
0.318419 0.832647 0.016344
0.348358 0.830960 0.016344
0.378296 0.829183 0.016344
0.438173 0.825749 0.016344
0.468111 0.824284 0.016344
0.498049 0.823099 0.016344
0.527988 0.822260 0.016344
0.557926 0.821813 0.016344
0.587864 0.821783 0.016344
0.617803 0.822172 0.016344
0.647741 0.822959 0.016344
0.677679 0.824099 0.016344
