0.089876 0.287553 0.019200
0.108335 0.288827 0.019200
0.128372 0.286290 0.019200
0.147422 0.287355 0.019200
0.166424 0.286387 0.019200
0.182137 0.288561 0.019200
0.201970 0.286775 0.019200
0.252508 0.282119 0.019200
0.269813 0.281319 0.019200
0.290338 0.277683 0.019200
0.311216 0.276735 0.019200
0.328468 0.274707 0.019200
0.349121 0.272614 0.019200
0.365383 0.270958 0.019200
0.387042 0.270441 0.019200
0.404242 0.269557 0.019200
0.454318 0.263546 0.019200
0.472298 0.264091 0.019200
0.493587 0.262040 0.019200
0.510566 0.263109 0.019200
0.531036 0.263557 0.019200
0.580364 0.262820 0.019200
0.598724 0.265801 0.019200
0.615714 0.264038 0.019200
0.633846 0.268329 0.019200
0.654348 0.270680 0.019200
0.673836 0.270700 0.019200
0.692633 0.273650 0.019200
0.712930 0.274835 0.019200
0.079066 0.316645 0.019200
0.098303 0.318262 0.019200
0.117868 0.316061 0.019200
0.136340 0.316216 0.019200
0.185891 0.316849 0.019200
0.203502 0.316052 0.019200
0.222855 0.314222 0.019200
0.242091 0.311880 0.019200
0.259185 0.310342 0.019200
0.281170 0.308225 0.019200
0.302270 0.305490 0.019200
0.346788 0.302480 0.019200
0.368220 0.298403 0.019200
0.386202 0.300399 0.019200
0.405522 0.298799 0.019200
0.443927 0.294918 0.019200
0.462458 0.293325 0.019200
0.484375 0.292705 0.019200
0.503057 0.292987 0.019200
0.520969 0.293973 0.019200
0.539531 0.294269 0.019200
0.589001 0.294485 0.019200
0.606166 0.296154 0.019200
0.626975 0.296391 0.019200
0.645762 0.300221 0.019200
0.693702 0.304981 0.019200
0.711359 0.306449 0.019200
0.732028 0.309463 0.019200
0.788400 0.315949 0.019200
0.807748 0.314944 0.019200
0.828496 0.316669 0.019200
0.847127 0.317269 0.019200
0.085333 0.347708 0.019200
0.102527 0.346672 0.019200
0.123676 0.347111 0.019200
0.139535 0.348199 0.019200
0.160556 0.347541 0.019200
0.182264 0.346263 0.019200
0.201077 0.345410 0.019200
0.250371 0.341991 0.019200
0.268194 0.341351 0.019200
0.284510 0.337358 0.019200
0.307012 0.336789 0.019200
0.341208 0.333020 0.019200
0.362644 0.332123 0.019200
0.411044 0.326993 0.019200
0.431037 0.324818 0.019200
0.447978 0.323965 0.019200
0.467853 0.322920 0.019200
0.487796 0.323386 0.019200
0.506582 0.324125 0.019200
0.526657 0.324321 0.019200
0.545278 0.323578 0.019200
0.564074 0.324160 0.019200
0.584523 0.324685 0.019200
0.603352 0.325393 0.019200
0.649241 0.328261 0.019200
0.669062 0.330137 0.019200
0.688171 0.333821 0.019200
0.708462 0.334817 0.019200
0.101827 0.377702 0.019200
0.117658 0.376402 0.019200
0.136609 0.378177 0.019200
0.157881 0.377260 0.019200
0.174956 0.375943 0.019200
0.224143 0.373117 0.019200
0.244222 0.372554 0.019200
0.262703 0.373645 0.019200
0.281515 0.368624 0.019200
0.302829 0.367586 0.019200
0.322239 0.365723 0.019200
0.340261 0.365072 0.019200
0.360961 0.363512 0.019200
0.408547 0.358555 0.019200
0.427343 0.358363 0.019200
0.445634 0.357505 0.019200
0.465618 0.355083 0.019200
0.483255 0.352383 0.019200
0.532866 0.352351 0.019200
0.553650 0.353404 0.019200
0.571396 0.353506 0.019200
0.591880 0.356016 0.019200
0.610289 0.357097 0.019200
0.628393 0.357343 0.019200
0.647741 0.357092 0.019200
0.667254 0.359702 0.019200
0.685471 0.361670 0.019200
0.705518 0.363204 0.019200
0.751484 0.367324 0.019200
0.773196 0.371819 0.019200
0.790554 0.371973 0.019200
0.811427 0.373695 0.019200
0.832223 0.376112 0.019200
0.848961 0.376295 0.019200
0.117786 0.407245 0.019200
0.136236 0.407898 0.019200
0.155628 0.408005 0.019200
0.174830 0.408101 0.019200
0.191629 0.406754 0.019200
0.211254 0.406419 0.019200
0.233504 0.404533 0.019200
0.299527 0.400541 0.019200
0.317971 0.398407 0.019200
0.337259 0.397710 0.019200
0.358884 0.395729 0.019200
0.375049 0.391847 0.019200
0.396698 0.391327 0.019200
0.414391 0.388606 0.019200
0.464077 0.386211 0.019200
0.483928 0.383826 0.019200
0.539393 0.384043 0.019200
0.559121 0.383513 0.019200
0.577481 0.384531 0.019200
0.601372 0.384796 0.019200
0.634258 0.385655 0.019200
0.685471 0.390929 0.019200
0.730058 0.393892 0.019200
0.750814 0.395594 0.019200
0.768758 0.398532 0.019200
0.788282 0.400267 0.019200
0.806018 0.400170 0.019200
0.827909 0.403547 0.019200
0.846980 0.404291 0.019200
0.123282 0.437368 0.019200
0.142486 0.436035 0.019200
0.160403 0.437316 0.019200
0.179435 0.437593 0.019200
0.199606 0.437046 0.019200
0.217972 0.435255 0.019200
0.265377 0.434625 0.019200
0.284002 0.432334 0.019200
0.306870 0.430713 0.019200
0.323749 0.427045 0.019200
0.341444 0.426046 0.019200
0.361407 0.423817 0.019200
0.380973 0.422524 0.019200
0.429939 0.418150 0.019200
0.447058 0.418638 0.019200
0.466502 0.416287 0.019200
0.487109 0.415094 0.019200
0.507975 0.414195 0.019200
0.524630 0.414254 0.019200
0.543813 0.413077 0.019200
0.562341 0.411932 0.019200
0.611500 0.414778 0.019200
0.629854 0.413893 0.019200
0.650602 0.415382 0.019200
0.668017 0.418535 0.019200
0.689124 0.418273 0.019200
0.707038 0.420234 0.019200
0.728769 0.424071 0.019200
0.745558 0.425420 0.019200
0.763791 0.426041 0.019200
0.784532 0.429181 0.019200
0.803515 0.430796 0.019200
0.851813 0.434213 0.019200
0.871121 0.434814 0.019200
0.891444 0.437209 0.019200
0.908474 0.437591 0.019200
0.927726 0.439575 0.019200
0.947363 0.438747 0.019200
0.967467 0.437869 0.019200
0.986187 0.438546 0.019200
1.003455 0.438018 0.019200
1.024328 0.437002 0.019200
0.113639 0.467123 0.019200
0.132514 0.466741 0.019200
0.151230 0.467893 0.019200
0.172367 0.466025 0.019200
0.191314 0.465885 0.019200
0.238109 0.463750 0.019200
0.275633 0.461993 0.019200
0.296759 0.458369 0.019200
0.316193 0.456565 0.019200
0.335096 0.455587 0.019200
0.353975 0.453036 0.019200
0.401620 0.450403 0.019200
0.421264 0.446396 0.019200
0.440776 0.446103 0.019200
0.459669 0.445178 0.019200
0.478789 0.443616 0.019200
0.498870 0.442392 0.019200
0.562117 0.444313 0.019200
0.585010 0.443352 0.019200
0.601863 0.443441 0.019200
0.619676 0.445831 0.019200
0.671108 0.450616 0.019200
0.689802 0.449344 0.019200
0.707763 0.452728 0.019200
0.727020 0.453972 0.019200
0.747145 0.455173 0.019200
0.765366 0.457860 0.019200
0.783985 0.459838 0.019200
0.803890 0.461367 0.019200
0.825273 0.462912 0.019200
0.861519 0.465729 0.019200
0.097366 0.495473 0.019200
0.116480 0.496485 0.019200
0.136057 0.496648 0.019200
0.154345 0.496998 0.019200
0.189732 0.496678 0.019200
0.210796 0.495400 0.019200
0.231748 0.492624 0.019200
0.277996 0.489831 0.019200
0.299092 0.487630 0.019200
0.317504 0.485959 0.019200
0.335302 0.485749 0.019200
0.356628 0.482213 0.019200
0.375184 0.479781 0.019200
0.393377 0.479101 0.019200
0.443211 0.475411 0.019200
0.461289 0.474901 0.019200
0.481269 0.474041 0.019200
0.496731 0.474814 0.019200
0.520006 0.472095 0.019200
0.536307 0.473086 0.019200
0.585036 0.474567 0.019200
0.606038 0.474152 0.019200
0.622811 0.476009 0.019200
0.643693 0.477941 0.019200
0.661762 0.479338 0.019200
0.683234 0.481194 0.019200
0.698963 0.482703 0.019200
0.723073 0.483580 0.019200
0.769269 0.489540 0.019200
0.788730 0.491136 0.019200
0.806440 0.492105 0.019200
0.854112 0.495870 0.019200
0.873571 0.499049 0.019200
0.894004 0.498582 0.019200
0.911934 0.498377 0.019200
0.083446 0.524592 0.019200
0.098836 0.526743 0.019200
0.120216 0.527252 0.019200
0.171015 0.525571 0.019200
0.187847 0.525587 0.019200
0.207343 0.524117 0.019200
0.226003 0.522649 0.019200
0.244286 0.521427 0.019200
0.266113 0.520368 0.019200
0.312376 0.515091 0.019200
0.330810 0.513954 0.019200
0.352435 0.510063 0.019200
0.369167 0.510365 0.019200
0.389026 0.507368 0.019200
0.409019 0.507344 0.019200
0.426861 0.505326 0.019200
0.465946 0.503258 0.019200
0.484162 0.502027 0.019200
0.530924 0.502821 0.019200
0.551472 0.501833 0.019200
0.570920 0.504902 0.019200
0.591470 0.504057 0.019200
0.611263 0.503819 0.019200
0.628397 0.506483 0.019200
0.648321 0.508750 0.019200
0.667263 0.510495 0.019200
0.686427 0.513041 0.019200
0.078504 0.556032 0.019200
0.100620 0.556817 0.019200
0.119764 0.555995 0.019200
0.138482 0.555883 0.019200
0.176606 0.555527 0.019200
0.216043 0.552416 0.019200
0.231488 0.552329 0.019200
0.252239 0.550012 0.019200
0.300595 0.544563 0.019200
0.339723 0.541529 0.019200
0.358588 0.540318 0.019200
0.378205 0.539004 0.019200
0.393709 0.536922 0.019200
0.416332 0.535126 0.019200
0.460621 0.532889 0.019200
0.481568 0.532791 0.019200
0.502516 0.532949 0.019200
0.522958 0.532291 0.019200
0.543176 0.532892 0.019200
0.558267 0.532599 0.019200
0.578699 0.534590 0.019200
0.628095 0.535990 0.019200
0.644448 0.537494 0.019200
0.665608 0.541688 0.019200
0.683822 0.541853 0.019200
0.703626 0.544806 0.019200
0.722336 0.545639 0.019200
0.740563 0.547408 0.019200
0.091194 0.584993 0.019200
0.111383 0.586489 0.019200
0.130089 0.586455 0.019200
0.148319 0.585577 0.019200
0.187126 0.585756 0.019200
0.207129 0.584186 0.019200
0.223478 0.581852 0.019200
0.270474 0.577603 0.019200
0.294096 0.579268 0.019200
0.311933 0.576444 0.019200
0.330947 0.573782 0.019200
0.379982 0.569577 0.019200
0.398529 0.567065 0.019200
0.417614 0.565673 0.019200
0.438002 0.564565 0.019200
0.453716 0.562239 0.019200
0.473865 0.563627 0.019200
0.493529 0.562739 0.019200
0.540945 0.561938 0.019200
0.560910 0.564152 0.019200
0.582331 0.563849 0.019200
0.601139 0.565775 0.019200
0.621369 0.566856 0.019200
0.638929 0.566776 0.019200
0.659082 0.569528 0.019200
0.676599 0.570053 0.019200
0.723728 0.575673 0.019200
0.744487 0.576816 0.019200
0.763655 0.579628 0.019200
0.781408 0.580774 0.019200
0.801591 0.580698 0.019200
0.820824 0.582286 0.019200
0.839396 0.584009 0.019200
0.860305 0.585168 0.019200
0.876772 0.587083 0.019200
0.896476 0.586117 0.019200
0.916460 0.585934 0.019200
0.934665 0.587286 0.019200
0.956886 0.588756 0.019200
0.975646 0.586764 0.019200
0.109671 0.615535 0.019200
0.128350 0.617771 0.019200
0.147963 0.614675 0.019200
0.167093 0.616166 0.019200
0.184744 0.616109 0.019200
0.203206 0.614701 0.019200
0.222996 0.613663 0.019200
0.272459 0.612421 0.019200
0.290610 0.608912 0.019200
0.310679 0.605997 0.019200
0.330839 0.605911 0.019200
0.350818 0.604283 0.019200
0.369524 0.601476 0.019200
0.416181 0.595893 0.019200
0.434206 0.596580 0.019200
0.455635 0.594487 0.019200
0.474659 0.594144 0.019200
0.492120 0.591808 0.019200
0.513089 0.592885 0.019200
0.532491 0.592339 0.019200
0.549608 0.592719 0.019200
0.569472 0.591908 0.019200
0.588233 0.592280 0.019200
0.639115 0.596937 0.019200
0.653452 0.594433 0.019200
0.675811 0.599628 0.019200
0.695786 0.599625 0.019200
0.714424 0.600188 0.019200
0.732249 0.603602 0.019200
0.781911 0.608730 0.019200
0.798522 0.610249 0.019200
0.819604 0.612187 0.019200
0.858564 0.614767 0.019200
0.876691 0.616419 0.019200
0.894945 0.617173 0.019200
0.913710 0.617358 0.019200
0.120463 0.647242 0.019200
0.140076 0.647126 0.019200
0.156986 0.644825 0.019200
0.179913 0.646239 0.019200
0.197407 0.644622 0.019200
0.216597 0.643855 0.019200
0.265675 0.643434 0.019200
0.283605 0.640188 0.019200
0.303062 0.638294 0.019200
0.321739 0.637593 0.019200
0.361384 0.634500 0.019200
0.378810 0.632212 0.019200
0.398373 0.630260 0.019200
0.448537 0.626503 0.019200
0.467976 0.623090 0.019200
0.486829 0.622510 0.019200
0.504174 0.623290 0.019200
0.572303 0.621624 0.019200
0.593141 0.621869 0.019200
0.610260 0.623833 0.019200
0.630678 0.625485 0.019200
0.649323 0.626456 0.019200
0.667286 0.627659 0.019200
0.688311 0.629974 0.019200
0.704235 0.629130 0.019200
0.772751 0.636090 0.019200
0.791751 0.638333 0.019200
0.811807 0.642226 0.019200
0.830627 0.642406 0.019200
0.849448 0.642991 0.019200
0.118024 0.675872 0.019200
0.137068 0.676513 0.019200
0.158256 0.674903 0.019200
0.176727 0.675910 0.019200
0.196053 0.676334 0.019200
0.215510 0.674501 0.019200
0.235374 0.672928 0.019200
0.280835 0.670901 0.019200
0.300687 0.668783 0.019200
0.320869 0.667846 0.019200
0.340028 0.664368 0.019200
0.358201 0.663957 0.019200
0.377018 0.661387 0.019200
0.396899 0.659603 0.019200
0.415894 0.656294 0.019200
0.464512 0.654676 0.019200
0.483852 0.653213 0.019200
0.501572 0.653032 0.019200
0.522552 0.652224 0.019200
0.540904 0.653389 0.019200
0.559411 0.653023 0.019200
0.578539 0.653150 0.019200
0.626539 0.653857 0.019200
0.668592 0.657122 0.019200
0.684825 0.659426 0.019200
0.703739 0.660958 0.019200
0.721922 0.661256 0.019200
0.743514 0.665399 0.019200
0.102998 0.706649 0.019200
0.120536 0.705483 0.019200
0.162551 0.706998 0.019200
0.178721 0.707448 0.019200
0.220331 0.703168 0.019200
0.238645 0.702441 0.019200
0.259031 0.700123 0.019200
0.306793 0.696787 0.019200
0.325971 0.695595 0.019200
0.344399 0.693316 0.019200
0.362707 0.691954 0.019200
0.380560 0.690434 0.019200
0.402532 0.687347 0.019200
0.421314 0.686131 0.019200
0.440255 0.687897 0.019200
0.461549 0.683108 0.019200
0.509682 0.680314 0.019200
0.525948 0.682169 0.019200
0.545504 0.682994 0.019200
0.562556 0.684161 0.019200
0.613983 0.682665 0.019200
0.630854 0.685509 0.019200
0.649068 0.687727 0.019200
0.671235 0.688098 0.019200
0.688646 0.690491 0.019200
0.709806 0.691050 0.019200
0.729787 0.692021 0.019200
0.746634 0.694281 0.019200
0.767385 0.697470 0.019200
0.787872 0.698493 0.019200
0.806083 0.700938 0.019200
0.823314 0.702860 0.019200
0.319359 0.314668 0.006485
0.324392 0.314411 0.006485
0.329919 0.314112 0.006485
0.334720 0.313392 0.006485
0.340474 0.312686 0.006485
0.346268 0.311908 0.006485
0.356677 0.311158 0.006485
0.362231 0.310558 0.006485
0.375575 0.309537 0.006485
0.380670 0.309339 0.006485
0.386297 0.308634 0.006485
0.391761 0.309283 0.006485
0.396935 0.307239 0.006485
0.402047 0.307780 0.006485
0.408471 0.306847 0.006485
0.422176 0.306240 0.006485
0.427145 0.306030 0.006485
0.437909 0.305482 0.006485
0.443001 0.304761 0.006485
0.448440 0.304706 0.006485
0.453649 0.305371 0.006485
0.458503 0.304613 0.006485
0.473059 0.303536 0.006485
0.478167 0.303502 0.006485
0.483430 0.303125 0.006485
0.487919 0.303398 0.006485
0.493439 0.303882 0.006485
0.507688 0.303433 0.006485
0.512462 0.303177 0.006485
0.518094 0.303547 0.006485
0.523160 0.303999 0.006485
0.528617 0.303409 0.006485
0.533800 0.303076 0.006485
0.539290 0.303294 0.006485
0.544835 0.303427 0.006485
0.329020 0.345155 0.006757
0.336225 0.344825 0.006757
0.343278 0.343661 0.006757
0.350424 0.343505 0.006757
0.356830 0.342936 0.006757
0.363752 0.341146 0.006757
0.370486 0.340447 0.006757
0.378135 0.339983 0.006757
0.385319 0.340129 0.006757
0.391746 0.339095 0.006757
0.398476 0.338505 0.006757
0.407183 0.338237 0.006757
0.423219 0.336172 0.006757
0.437759 0.335802 0.006757
0.445434 0.335826 0.006757
0.450765 0.334472 0.006757
0.458017 0.334399 0.006757
0.466225 0.334464 0.006757
0.472827 0.334118 0.006757
0.479434 0.333986 0.006757
0.486990 0.333892 0.006757
0.503004 0.333693 0.006757
0.511047 0.333431 0.006757
0.517731 0.333173 0.006757
0.337238 0.581801 0.008679
0.344589 0.581575 0.008679
0.352907 0.580442 0.008679
0.361043 0.578534 0.008679
0.370575 0.578766 0.008679
0.379836 0.578012 0.008679
0.387144 0.577247 0.008679
0.409389 0.574630 0.008679
0.417827 0.574666 0.008679
0.427360 0.574503 0.008679
0.448615 0.572904 0.008679
0.457461 0.572355 0.008679
0.465738 0.572210 0.008679
0.473703 0.571328 0.008679
0.483083 0.571286 0.008679
0.491266 0.571015 0.008679
0.500810 0.570631 0.008679
0.522020 0.570988 0.008679
0.531008 0.571052 0.008679
0.539889 0.571306 0.008679
0.547204 0.570152 0.008679
0.556798 0.571243 0.008679
0.566016 0.571700 0.008679
0.354543 0.614532 0.007560
0.361240 0.613220 0.007560
0.368628 0.612508 0.007560
0.375200 0.611680 0.007560
0.393455 0.609966 0.007560
0.401298 0.609794 0.007560
0.419855 0.608200 0.007560
0.426951 0.608226 0.007560
0.432390 0.606743 0.007560
0.441029 0.606157 0.007560
0.448483 0.605757 0.007560
