78.07 287.55 19.20
94.10 288.83 19.20
111.51 286.29 19.20
128.06 287.35 19.20
144.56 286.39 19.20
158.21 288.56 19.20
175.44 286.78 19.20
219.34 282.12 19.20
234.37 281.32 19.20
252.20 277.68 19.20
270.34 276.73 19.20
285.32 274.71 19.20
303.26 272.61 19.20
317.39 270.96 19.20
336.20 270.44 19.20
351.14 269.56 19.20
394.64 263.55 19.20
410.26 264.09 19.20
428.75 262.04 19.20
443.50 263.11 19.20
461.28 263.56 19.20
504.13 262.82 19.20
520.08 265.80 19.20
534.84 264.04 19.20
550.59 268.33 19.20
568.40 270.68 19.20
585.33 270.70 19.20
601.65 273.65 19.20
619.29 274.84 19.20
68.68 316.64 19.20
85.39 318.26 19.20
102.39 316.06 19.20
118.43 316.22 19.20
161.47 316.85 19.20
176.77 316.05 19.20
193.58 314.22 19.20
210.29 311.88 19.20
225.14 310.34 19.20
244.24 308.23 19.20
262.57 305.49 19.20
301.24 302.48 19.20
319.85 298.40 19.20
335.47 300.40 19.20
352.26 298.80 19.20
385.62 294.92 19.20
401.71 293.33 19.20
420.75 292.70 19.20
436.98 292.99 19.20
452.54 293.97 19.20
468.66 294.27 19.20
511.63 294.49 19.20
526.54 296.15 19.20
544.62 296.39 19.20
560.94 300.22 19.20
602.58 304.98 19.20
617.92 306.45 19.20
635.87 309.46 19.20
684.84 315.95 19.20
701.65 314.94 19.20
719.67 316.67 19.20
735.86 317.27 19.20
74.12 347.71 19.20
89.06 346.67 19.20
107.43 347.11 19.20
121.21 348.20 19.20
139.47 347.54 19.20
158.32 346.26 19.20
174.67 345.41 19.20
217.48 341.99 19.20
232.97 341.35 19.20
247.14 337.36 19.20
266.69 336.79 19.20
296.39 333.02 19.20
315.01 332.12 19.20
357.05 326.99 19.20
374.42 324.82 19.20
389.14 323.96 19.20
406.40 322.92 19.20
423.72 323.39 19.20
440.04 324.13 19.20
457.48 324.32 19.20
473.65 323.58 19.20
489.98 324.16 19.20
507.74 324.68 19.20
524.10 325.39 19.20
563.96 328.26 19.20
581.18 330.14 19.20
597.78 333.82 19.20
615.40 334.82 19.20
88.45 377.70 19.20
102.20 376.40 19.20
118.66 378.18 19.20
137.14 377.26 19.20
151.98 375.94 19.20
194.70 373.12 19.20
212.14 372.55 19.20
228.20 373.65 19.20
244.54 368.62 19.20
263.05 367.59 19.20
279.91 365.72 19.20
295.57 365.07 19.20
313.55 363.51 19.20
354.88 358.55 19.20
371.21 358.36 19.20
387.10 357.51 19.20
404.46 355.08 19.20
419.78 352.38 19.20
462.87 352.35 19.20
480.93 353.40 19.20
496.34 353.51 19.20
514.14 356.02 19.20
530.13 357.10 19.20
545.85 357.34 19.20
562.66 357.09 19.20
579.61 359.70 19.20
595.43 361.67 19.20
612.85 363.20 19.20
652.78 367.32 19.20
671.64 371.82 19.20
686.71 371.97 19.20
704.84 373.70 19.20
722.91 376.11 19.20
737.45 376.29 19.20
102.31 407.25 19.20
118.34 407.90 19.20
135.19 408.00 19.20
151.87 408.10 19.20
166.46 406.75 19.20
183.51 406.42 19.20
202.83 404.53 19.20
260.18 400.54 19.20
276.20 398.41 19.20
292.96 397.71 19.20
311.74 395.73 19.20
325.79 391.85 19.20
344.59 391.33 19.20
359.96 388.61 19.20
403.12 386.21 19.20
420.36 383.83 19.20
468.54 384.04 19.20
485.68 383.51 19.20
501.63 384.53 19.20
522.38 384.80 19.20
550.95 385.66 19.20
595.43 390.93 19.20
634.16 393.89 19.20
652.19 395.59 19.20
667.78 398.53 19.20
684.74 400.27 19.20
700.15 400.17 19.20
719.16 403.55 19.20
735.73 404.29 19.20
107.09 437.37 19.20
123.77 436.04 19.20
139.33 437.32 19.20
155.87 437.59 19.20
173.39 437.05 19.20
189.34 435.26 19.20
230.52 434.62 19.20
246.70 432.33 19.20
266.56 430.71 19.20
281.22 427.05 19.20
296.59 426.05 19.20
313.94 423.82 19.20
330.93 422.52 19.20
373.47 418.15 19.20
388.34 418.64 19.20
405.23 416.29 19.20
423.13 415.09 19.20
441.25 414.19 19.20
455.72 414.25 19.20
472.38 413.08 19.20
488.48 411.93 19.20
531.18 414.78 19.20
547.12 413.89 19.20
565.14 415.38 19.20
580.27 418.53 19.20
598.61 418.27 19.20
614.17 420.23 19.20
633.04 424.07 19.20
647.63 425.42 19.20
663.47 426.04 19.20
681.48 429.18 19.20
697.97 430.80 19.20
739.93 434.21 19.20
756.70 434.81 19.20
774.35 437.21 19.20
789.14 437.59 19.20
805.87 439.57 19.20
822.92 438.75 19.20
840.39 437.87 19.20
856.65 438.55 19.20
871.65 438.02 19.20
889.78 437.00 19.20
98.71 467.12 19.20
115.11 466.74 19.20
131.37 467.89 19.20
149.73 466.03 19.20
166.18 465.89 19.20
206.83 463.75 19.20
239.43 461.99 19.20
257.78 458.37 19.20
274.66 456.57 19.20
291.08 455.59 19.20
307.48 453.04 19.20
348.87 450.40 19.20
365.93 446.40 19.20
382.88 446.10 19.20
399.29 445.18 19.20
415.90 443.62 19.20
433.34 442.39 19.20
488.28 444.31 19.20
508.17 443.35 19.20
522.81 443.44 19.20
538.28 445.83 19.20
582.96 450.62 19.20
599.19 449.34 19.20
614.80 452.73 19.20
631.52 453.97 19.20
649.01 455.17 19.20
664.83 457.86 19.20
681.01 459.84 19.20
698.30 461.37 19.20
716.87 462.91 19.20
748.36 465.73 19.20
84.58 495.47 19.20
101.18 496.49 19.20
118.19 496.65 19.20
134.07 497.00 19.20
164.81 496.68 19.20
183.11 495.40 19.20
201.31 492.62 19.20
241.48 489.83 19.20
259.81 487.63 19.20
275.80 485.96 19.20
291.26 485.75 19.20
309.78 482.21 19.20
325.90 479.78 19.20
341.71 479.10 19.20
384.99 475.41 19.20
400.70 474.90 19.20
418.05 474.04 19.20
431.48 474.81 19.20
451.70 472.10 19.20
465.86 473.09 19.20
508.19 474.57 19.20
526.43 474.15 19.20
541.00 476.01 19.20
559.14 477.94 19.20
574.84 479.34 19.20
593.49 481.19 19.20
607.15 482.70 19.20
628.10 483.58 19.20
668.22 489.54 19.20
685.13 491.14 19.20
700.51 492.11 19.20
741.92 495.87 19.20
758.83 499.05 19.20
776.57 498.58 19.20
792.15 498.38 19.20
72.49 524.59 19.20
85.85 526.74 19.20
104.43 527.25 19.20
148.55 525.57 19.20
163.17 525.59 19.20
180.11 524.12 19.20
196.32 522.65 19.20
212.20 521.43 19.20
231.16 520.37 19.20
271.34 515.09 19.20
287.36 513.95 19.20
306.14 510.06 19.20
320.68 510.37 19.20
337.93 507.37 19.20
355.29 507.34 19.20
370.79 505.33 19.20
404.74 503.26 19.20
420.57 502.03 19.20
461.19 502.82 19.20
479.04 501.83 19.20
495.93 504.90 19.20
513.78 504.06 19.20
530.97 503.82 19.20
545.86 506.48 19.20
563.16 508.75 19.20
579.62 510.50 19.20
596.26 513.04 19.20
68.19 556.03 19.20
87.40 556.82 19.20
104.03 556.00 19.20
120.29 555.88 19.20
153.41 555.53 19.20
187.67 552.42 19.20
201.08 552.33 19.20
219.11 550.01 19.20
261.11 544.56 19.20
295.10 541.53 19.20
311.49 540.32 19.20
328.53 539.00 19.20
341.99 536.92 19.20
361.65 535.13 19.20
400.12 532.89 19.20
418.31 532.79 19.20
436.51 532.95 19.20
454.27 532.29 19.20
471.83 532.89 19.20
484.94 532.60 19.20
502.69 534.59 19.20
545.59 535.99 19.20
559.80 537.49 19.20
578.18 541.69 19.20
594.00 541.85 19.20
611.20 544.81 19.20
627.46 545.64 19.20
643.29 547.41 19.20
79.22 584.99 19.20
96.75 586.49 19.20
113.00 586.46 19.20
128.84 585.58 19.20
162.55 585.76 19.20
179.92 584.19 19.20
194.12 581.85 19.20
234.95 577.60 19.20
255.47 579.27 19.20
270.96 576.44 19.20
287.48 573.78 19.20
330.07 569.58 19.20
346.18 567.07 19.20
362.76 565.67 19.20
380.47 564.56 19.20
394.12 562.24 19.20
411.62 563.63 19.20
428.70 562.74 19.20
469.89 561.94 19.20
487.23 564.15 19.20
505.84 563.85 19.20
522.18 565.78 19.20
539.75 566.86 19.20
555.00 566.78 19.20
572.51 569.53 19.20
587.73 570.05 19.20
628.66 575.67 19.20
646.70 576.82 19.20
663.35 579.63 19.20
678.77 580.77 19.20
696.30 580.70 19.20
713.01 582.29 19.20
729.14 584.01 19.20
747.30 585.17 19.20
761.61 587.08 19.20
778.72 586.12 19.20
796.08 585.93 19.20
811.90 587.29 19.20
831.20 588.76 19.20
847.49 586.76 19.20
95.27 615.54 19.20
111.49 617.77 19.20
128.53 614.67 19.20
145.15 616.17 19.20
160.48 616.11 19.20
176.51 614.70 19.20
193.71 613.66 19.20
236.67 612.42 19.20
252.44 608.91 19.20
269.87 606.00 19.20
287.38 605.91 19.20
304.74 604.28 19.20
320.99 601.48 19.20
361.51 595.89 19.20
377.17 596.58 19.20
395.79 594.49 19.20
412.31 594.14 19.20
427.48 591.81 19.20
445.69 592.89 19.20
462.55 592.34 19.20
477.42 592.72 19.20
494.67 591.91 19.20
510.97 592.28 19.20
555.17 596.94 19.20
567.62 594.43 19.20
587.04 599.63 19.20
604.39 599.62 19.20
620.58 600.19 19.20
636.07 603.60 19.20
679.20 608.73 19.20
693.63 610.25 19.20
711.95 612.19 19.20
745.79 614.77 19.20
761.54 616.42 19.20
777.39 617.17 19.20
793.69 617.36 19.20
104.64 647.24 19.20
121.68 647.13 19.20
136.37 644.83 19.20
156.28 646.24 19.20
171.48 644.62 19.20
188.15 643.85 19.20
230.78 643.43 19.20
246.35 640.19 19.20
263.25 638.29 19.20
279.48 637.59 19.20
313.92 634.50 19.20
329.05 632.21 19.20
346.05 630.26 19.20
389.62 626.50 19.20
406.51 623.09 19.20
422.88 622.51 19.20
437.95 623.29 19.20
497.13 621.62 19.20
515.23 621.87 19.20
530.10 623.83 19.20
547.84 625.49 19.20
564.03 626.46 19.20
579.64 627.66 19.20
597.90 629.97 19.20
611.73 629.13 19.20
671.25 636.09 19.20
687.75 638.33 19.20
705.17 642.23 19.20
721.52 642.41 19.20
737.87 642.99 19.20
102.52 675.87 19.20
119.06 676.51 19.20
137.47 674.90 19.20
153.51 675.91 19.20
170.30 676.33 19.20
187.20 674.50 19.20
204.46 672.93 19.20
243.95 670.90 19.20
261.19 668.78 19.20
278.72 667.85 19.20
295.36 664.37 19.20
311.15 663.96 19.20
327.50 661.39 19.20
344.77 659.60 19.20
361.27 656.29 19.20
403.50 654.68 19.20
420.30 653.21 19.20
435.69 653.03 19.20
453.91 652.22 19.20
469.85 653.39 19.20
485.93 653.02 19.20
502.55 653.15 19.20
544.24 653.86 19.20
580.77 657.12 19.20
594.87 659.43 19.20
611.30 660.96 19.20
627.10 661.26 19.20
645.85 665.40 19.20
89.47 706.65 19.20
104.70 705.48 19.20
141.20 707.00 19.20
155.25 707.45 19.20
191.39 703.17 19.20
207.30 702.44 19.20
225.01 700.12 19.20
266.50 696.79 19.20
283.15 695.59 19.20
299.16 693.32 19.20
315.06 691.95 19.20
330.57 690.43 19.20
349.66 687.35 19.20
365.97 686.13 19.20
382.43 687.90 19.20
400.92 683.11 19.20
442.73 680.31 19.20
456.86 682.17 19.20
473.85 682.99 19.20
488.66 684.16 19.20
533.33 682.67 19.20
547.99 685.51 19.20
563.81 687.73 19.20
583.07 688.10 19.20
598.19 690.49 19.20
616.57 691.05 19.20
633.93 692.02 19.20
648.56 694.28 19.20
666.59 697.47 19.20
684.38 698.49 19.20
700.20 700.94 19.20
715.17 702.86 19.20
277.41 314.67 6.49
281.78 314.41 6.49
286.58 314.11 6.49
290.75 313.39 6.49
295.75 312.69 6.49
300.79 311.91 6.49
309.83 311.16 6.49
314.65 310.56 6.49
326.24 309.54 6.49
330.67 309.34 6.49
335.56 308.63 6.49
340.30 309.28 6.49
344.80 307.24 6.49
349.24 307.78 6.49
354.82 306.85 6.49
366.72 306.24 6.49
371.04 306.03 6.49
380.39 305.48 6.49
384.81 304.76 6.49
389.54 304.71 6.49
394.06 305.37 6.49
398.28 304.61 6.49
410.92 303.54 6.49
415.36 303.50 6.49
419.93 303.13 6.49
423.83 303.40 6.49
428.63 303.88 6.49
441.00 303.43 6.49
445.15 303.18 6.49
450.04 303.55 6.49
454.44 304.00 6.49
459.18 303.41 6.49
463.68 303.08 6.49
468.45 303.29 6.49
473.27 303.43 6.49
285.80 345.16 6.76
292.06 344.82 6.76
298.19 343.66 6.76
304.39 343.50 6.76
309.96 342.94 6.76
315.97 341.15 6.76
321.82 340.45 6.76
328.47 339.98 6.76
334.71 340.13 6.76
340.29 339.09 6.76
346.14 338.51 6.76
353.70 338.24 6.76
367.63 336.17 6.76
380.26 335.80 6.76
386.93 335.83 6.76
391.56 334.47 6.76
397.86 334.40 6.76
404.99 334.46 6.76
410.72 334.12 6.76
416.46 333.99 6.76
423.02 333.89 6.76
436.93 333.69 6.76
443.92 333.43 6.76
449.73 333.17 6.76
292.94 581.80 8.68
299.33 581.57 8.68
306.55 580.44 8.68
313.62 578.53 8.68
321.90 578.77 8.68
329.94 578.01 8.68
336.29 577.25 8.68
355.61 574.63 8.68
362.94 574.67 8.68
371.22 574.50 8.68
389.69 572.90 8.68
397.37 572.36 8.68
404.56 572.21 8.68
411.48 571.33 8.68
419.63 571.29 8.68
426.74 571.01 8.68
435.03 570.63 8.68
453.45 570.99 8.68
461.26 571.05 8.68
468.97 571.31 8.68
475.33 570.15 8.68
483.66 571.24 8.68
491.67 571.70 8.68
307.97 614.53 7.56
313.79 613.22 7.56
320.21 612.51 7.56
325.92 611.68 7.56
341.77 609.97 7.56
348.59 609.79 7.56
364.71 608.20 7.56
370.87 608.23 7.56
375.59 606.74 7.56
383.10 606.16 7.56
389.57 605.76 7.56
