348.21 202.54 20.38
365.50 206.04 20.38
380.10 208.92 20.38
396.92 211.17 20.38
413.20 212.89 20.38
427.92 214.86 20.38
443.59 214.61 20.38
483.42 215.35 20.38
499.73 213.73 20.38
516.00 213.74 20.38
531.60 213.23 20.38
549.39 211.80 20.38
563.87 210.31 20.38
603.21 204.75 20.38
619.49 205.69 20.38
634.25 204.80 20.38
652.19 205.17 20.38
667.77 205.55 20.38
686.23 207.76 20.38
699.84 208.30 20.38
716.29 209.55 20.38
348.91 239.23 20.38
365.29 239.66 20.38
379.90 242.79 20.38
396.47 246.75 20.38
413.56 249.44 20.38
430.06 250.95 20.38
445.87 251.04 20.38
462.41 252.28 20.38
499.92 252.14 20.38
516.19 248.61 20.38
533.26 248.19 20.38
548.02 247.94 20.38
622.59 241.66 20.38
637.53 241.38 20.38
653.95 239.83 20.38
670.49 241.71 20.38
687.32 243.87 20.38
703.13 243.74 20.38
717.51 245.23 20.38
733.19 249.99 20.38
751.24 250.44 20.38
790.08 256.58 20.38
351.51 274.70 20.38
365.66 277.50 20.38
381.97 279.31 20.38
399.33 283.69 20.38
413.68 285.13 20.38
455.66 287.95 20.38
470.04 287.55 20.38
487.12 286.77 20.38
501.91 285.71 20.38
519.57 286.18 20.38
533.48 284.62 20.38
550.81 283.02 20.38
565.83 281.29 20.38
598.08 278.04 20.38
638.09 277.75 20.38
653.92 277.87 20.38
669.74 276.58 20.38
687.54 278.93 20.38
701.83 279.62 20.38
719.05 284.19 20.38
734.14 284.72 20.38
751.56 285.88 20.38
768.37 293.11 20.38
351.17 312.12 20.38
363.85 312.28 20.38
380.85 316.14 20.38
395.38 319.33 20.38
411.94 322.03 20.38
430.94 321.98 20.38
445.57 321.86 20.38
486.13 322.69 20.38
503.01 321.49 20.38
518.95 320.84 20.38
533.35 320.29 20.38
549.02 320.28 20.38
589.98 314.08 20.38
605.59 316.52 20.38
622.95 313.58 20.38
636.37 314.32 20.38
651.43 314.99 20.38
669.54 316.29 20.38
684.03 316.26 20.38
726.06 319.67 20.38
742.31 322.44 20.38
757.14 325.64 20.38
773.36 326.94 20.38
789.98 330.61 20.38
805.80 332.89 20.38
819.89 337.37 20.38
838.66 339.10 20.38
852.70 339.50 20.38
870.47 341.01 20.38
884.30 344.09 20.38
900.91 344.47 20.38
915.62 343.22 20.38
935.24 342.17 20.38
948.98 340.25 20.38
346.36 347.58 20.38
360.92 351.26 20.38
377.99 353.51 20.38
394.33 355.37 20.38
411.18 356.27 20.38
427.61 357.44 20.38
465.88 359.67 20.38
482.66 358.92 20.38
498.49 357.94 20.38
516.88 358.93 20.38
530.83 357.99 20.38
562.57 352.69 20.38
603.46 350.46 20.38
620.54 350.10 20.38
637.05 349.05 20.38
651.95 349.89 20.38
666.80 351.10 20.38
705.85 353.29 20.38
723.17 354.95 20.38
740.43 360.93 20.38
755.38 361.11 20.38
769.34 365.15 20.38
786.82 366.32 20.38
803.17 368.79 20.38
818.83 370.37 20.38
342.65 382.16 20.38
358.39 386.95 20.38
373.46 387.94 20.38
388.88 391.51 20.38
406.37 391.76 20.38
445.26 395.42 20.38
462.07 398.06 20.38
479.08 394.90 20.38
494.84 397.06 20.38
508.93 393.25 20.38
526.38 392.39 20.38
542.48 390.14 20.38
560.37 388.46 20.38
574.49 389.75 20.38
591.01 386.49 20.38
631.45 384.42 20.38
647.90 386.04 20.38
688.02 390.25 20.38
703.61 391.34 20.38
719.51 393.79 20.38
736.63 395.63 20.38
751.53 396.92 20.38
766.70 399.43 20.38
783.33 401.96 20.38
798.63 402.86 20.38
816.22 407.82 20.38
830.65 411.54 20.38
846.44 413.35 20.38
337.81 419.88 20.38
354.92 421.76 20.38
368.63 424.34 20.38
386.31 425.26 20.38
400.77 427.75 20.38
417.44 429.25 20.38
434.47 429.45 20.38
491.08 431.29 20.38
504.87 430.09 20.38
521.75 429.96 20.38
537.16 428.21 20.38
553.81 427.48 20.38
571.35 424.71 20.38
608.92 422.78 20.38
625.30 422.91 20.38
640.97 421.96 20.38
659.78 420.26 20.38
676.41 423.14 20.38
690.33 425.48 20.38
730.39 432.17 20.38
746.28 435.03 20.38
332.44 455.31 20.38
350.44 459.11 20.38
365.00 461.25 20.38
382.06 462.66 20.38
396.48 463.81 20.38
413.94 466.02 20.38
428.19 465.23 20.38
445.98 466.97 20.38
461.30 468.82 20.38
475.81 467.17 20.38
517.72 465.01 20.38
533.95 463.85 20.38
548.39 463.02 20.38
566.77 460.67 20.38
580.16 459.37 20.38
598.07 457.29 20.38
613.59 456.46 20.38
654.02 458.16 20.38
669.44 458.97 20.38
688.43 460.34 20.38
700.82 466.02 20.38
718.26 463.68 20.38
734.55 466.78 20.38
764.79 474.64 20.38
781.79 476.93 20.38
797.73 478.08 20.38
331.96 491.31 20.38
345.99 493.49 20.38
361.37 497.88 20.38
379.28 499.28 20.38
393.70 501.15 20.38
409.90 501.82 20.38
449.27 503.06 20.38
464.69 504.48 20.38
480.97 502.17 20.38
499.30 501.23 20.38
513.94 499.69 20.38
530.94 500.13 20.38
546.96 498.41 20.38
586.22 493.76 20.38
602.72 493.70 20.38
617.68 492.26 20.38
633.01 493.41 20.38
650.56 493.46 20.38
667.24 495.35 20.38
705.43 500.65 20.38
721.96 503.29 20.38
737.20 504.03 20.38
754.50 508.95 20.38
771.79 510.82 20.38
328.70 526.92 20.38
346.21 529.48 20.38
361.85 531.62 20.38
376.41 535.94 20.38
408.82 538.56 20.38
423.69 539.69 20.38
442.15 540.12 20.38
456.85 540.33 20.38
495.95 539.28 20.38
512.59 535.19 20.38
529.16 534.97 20.38
546.28 533.26 20.38
561.82 534.39 20.38
593.34 529.66 20.38
609.26 529.74 20.38
648.58 530.74 20.38
663.19 530.56 20.38
680.72 532.03 20.38
698.58 535.08 20.38
713.05 536.64 20.38
728.79 538.41 20.38
744.54 541.39 20.38
760.37 542.51 20.38
327.53 563.84 20.38
344.47 566.11 20.38
361.11 566.82 20.38
377.81 570.70 20.38
416.60 573.76 20.38
432.56 575.20 20.38
447.08 576.52 20.38
463.88 575.26 20.38
480.08 576.36 20.38
521.40 572.92 20.38
537.40 569.41 20.38
552.00 569.35 20.38
568.22 567.17 20.38
609.22 565.68 20.38
626.29 565.81 20.38
641.91 566.49 20.38
655.77 566.86 20.38
713.63 574.28 20.38
728.17 575.70 20.38
329.98 600.62 20.38
345.35 603.56 20.38
363.43 605.83 20.38
376.77 604.73 20.38
394.91 609.21 20.38
409.07 611.59 20.38
424.87 610.98 20.38
442.25 610.84 20.38
457.73 613.13 20.38
474.12 612.89 20.38
491.06 610.79 20.38
503.54 608.82 20.38
546.55 606.19 20.38
563.33 604.13 20.38
578.51 604.29 20.38
594.07 603.79 20.38
610.68 603.14 20.38
626.75 602.56 20.38
641.87 601.80 20.38
682.86 605.81 20.38
699.41 607.12 20.38
714.14 608.08 20.38
730.03 610.69 20.38
744.28 613.30 20.38
763.63 617.53 20.38
778.22 619.81 20.38
792.17 623.59 20.38
807.63 624.42 20.38
825.76 627.56 20.38
332.20 635.35 20.38
349.14 638.30 20.38
364.02 641.73 20.38
381.23 643.22 20.38
394.72 643.60 20.38
413.01 647.22 20.38
427.98 650.88 20.38
443.68 646.87 20.38
483.80 647.26 20.38
500.37 647.00 20.38
515.97 646.05 20.38
531.91 644.69 20.38
548.61 642.70 20.38
563.76 642.83 20.38
604.56 636.12 20.38
620.78 637.84 20.38
636.64 638.48 20.38
651.98 638.91 20.38
668.20 641.41 20.38
684.16 642.63 20.38
701.06 644.23 20.38
714.24 646.56 20.38
731.49 648.89 20.38
746.81 649.58 20.38
333.87 671.67 20.38
347.02 673.76 20.38
365.86 678.30 20.38
380.20 680.87 20.38
397.15 681.20 20.38
412.19 683.19 20.38
444.65 682.67 20.38
484.69 683.32 20.38
501.39 681.34 20.38
515.76 682.09 20.38
533.92 677.85 20.38
550.19 678.53 20.38
562.91 674.53 20.38
579.39 676.34 20.38
596.96 675.98 20.38
612.50 673.63 20.38
628.69 674.62 20.38
671.29 676.62 20.38
686.34 678.90 20.38
700.41 679.56 20.38
715.65 681.48 20.38
732.24 683.91 20.38
748.02 686.73 20.38
765.23 689.92 20.38
778.71 691.63 20.38
794.98 695.34 20.38
332.28 707.72 20.38
349.90 709.95 20.38
363.46 712.37 20.38
379.32 716.61 20.38
397.40 716.97 20.38
411.15 717.75 20.38
429.11 721.19 20.38
468.59 719.29 20.38
483.64 719.71 20.38
499.07 717.96 20.38
517.67 716.57 20.38
533.30 715.79 20.38
548.22 715.50 20.38
563.72 714.20 20.38
578.32 712.97 20.38
593.99 711.35 20.38
650.54 711.23 20.38
668.92 712.09 20.38
685.09 714.12 20.38
700.03 713.70 20.38
328.78 743.92 20.38
346.11 747.22 20.38
361.52 749.21 20.38
395.78 753.58 20.38
410.18 754.75 20.38
425.21 755.56 20.38
439.97 756.37 20.38
482.64 755.68 20.38
496.42 753.64 20.38
514.78 752.39 20.38
530.27 752.46 20.38
546.31 751.42 20.38
561.19 748.70 20.38
578.92 747.74 20.38
591.34 748.30 20.38
609.16 747.43 20.38
651.31 747.59 20.38
692.37 751.34 20.38
706.63 754.18 20.38
721.02 753.78 20.38
739.26 758.45 20.38
753.69 760.70 20.38
767.43 762.91 20.38
784.90 767.03 20.38
475.09 444.43 7.91
482.71 443.52 7.91
488.91 442.17 7.91
495.37 442.41 7.91
511.69 441.71 7.91
518.77 440.94 7.91
524.97 440.74 7.91
531.45 440.57 7.91
538.46 440.10 7.91
544.67 439.57 7.91
550.98 438.01 7.91
567.79 436.60 7.91
574.24 437.08 7.91
581.19 435.83 7.91
588.22 435.42 7.91
594.78 435.81 7.91
600.97 434.36 7.91
608.34 434.79 7.91
630.44 434.33 7.91
636.98 434.16 7.91
643.21 434.68 7.91
650.77 434.37 7.91
767.24 837.65 22.78
783.59 837.38 22.78
801.46 840.66 22.78
817.55 845.40 22.78
836.59 846.33 22.78
853.48 847.47 22.78
873.15 847.95 22.78
886.87 849.58 22.78
931.46 844.66 22.78
950.10 843.76 22.78
965.31 839.64 22.78
981.16 839.06 22.78
1027.72 831.87 22.78
1047.67 828.73 22.78
1063.87 826.29 22.78
1077.98 825.91 22.78
1095.37 825.80 22.78
1140.32 828.36 22.78
1158.61 830.11 22.78
1175.14 830.68 22.78
1193.02 835.58 22.78
1208.94 840.17 22.78
1224.99 843.93 22.78
1244.05 846.39 22.78
1261.20 847.56 22.78
1278.44 853.11 22.78
1296.72 855.44 22.78
1310.96 855.77 22.78
1333.02 858.35 22.78
763.07 862.51 22.78
781.52 865.64 22.78
798.54 868.61 22.78
815.46 871.39 22.78
832.14 876.21 22.78
848.97 873.80 22.78
867.01 877.46 22.78
883.62 875.55 22.78
902.79 874.56 22.78
943.87 870.02 22.78
962.54 866.98 22.78
978.85 865.07 22.78
996.28 861.99 22.78
1041.30 854.43 22.78
1059.72 854.73 22.78
1077.53 852.80 22.78
1093.95 852.75 22.78
1111.48 853.04 22.78
1128.65 854.38 22.78
1143.99 854.71 22.78
1161.51 857.46 22.78
1182.31 860.01 22.78
763.18 890.73 22.78
780.70 891.93 22.78
795.21 896.42 22.78
814.25 898.15 22.78
858.50 902.11 22.78
877.14 900.73 22.78
890.42 902.56 22.78
907.64 899.85 22.78
926.24 899.42 22.78
944.45 896.45 22.78
960.65 894.92 22.78
983.16 890.76 22.78
996.21 886.43 22.78
1012.70 885.13 22.78
1030.21 882.94 22.78
1075.02 880.14 22.78
1108.79 879.66 22.78
1125.75 878.82 22.78
1144.44 881.05 22.78
1161.57 882.62 22.78
760.04 915.67 22.78
779.12 917.49 22.78
796.43 922.23 22.78
814.66 925.02 22.78
831.44 926.77 22.78
848.66 926.01 22.78
881.95 928.40 22.78
925.70 924.45 22.78
942.41 924.37 22.78
959.15 920.93 22.78
980.38 917.99 22.78
995.25 913.09 22.78
1011.14 911.47 22.78
1029.31 908.61 22.78
1047.12 907.29 22.78
1091.53 904.87 22.78
1106.88 907.23 22.78
1124.35 906.92 22.78
1143.10 908.65 22.78
1162.10 911.17 22.78
1176.80 914.22 22.78
1193.98 916.37 22.78
1210.49 918.36 22.78
761.50 942.21 22.78
777.63 943.98 22.78
796.62 948.61 22.78
813.66 950.90 22.78
831.13 952.43 22.78
848.00 953.40 22.78
865.99 954.97 22.78
883.20 953.02 22.78
899.29 954.08 22.78
919.48 952.11 22.78
960.51 946.33 22.78
978.18 945.25 22.78
995.89 941.08 22.78
1014.13 937.26 22.78
1031.16 936.10 22.78
1046.55 934.32 22.78
1092.44 934.64 22.78
1109.84 933.08 22.78
1125.97 931.59 22.78
1143.38 935.19 22.78
1161.47 937.25 22.78
1177.99 939.09 22.78
1195.36 943.59 22.78
1213.67 945.38 22.78
763.34 968.05 22.78
779.72 971.41 22.78
799.41 973.84 22.78
815.08 977.58 22.78
833.33 976.39 22.78
852.68 981.15 22.78
868.44 980.86 22.78
882.96 981.71 22.78
901.78 980.73 22.78
948.57 976.98 22.78
964.70 972.60 22.78
981.99 969.84 22.78
996.45 969.38 22.78
1016.77 964.49 22.78
1056.03 957.32 22.78
1078.60 960.75 22.78
1093.72 957.07 22.78
1110.78 959.26 22.78
1127.79 959.49 22.78
1145.58 960.28 22.78
1162.38 963.48 22.78
1179.16 966.39 22.78
1196.96 969.36 22.78
1216.30 972.98 22.78
1232.86 974.65 22.78
1248.73 979.98 22.78
766.77 993.49 22.78
784.41 997.69 22.78
802.13 1000.88 22.78
818.87 1003.97 22.78
836.29 1005.85 22.78
850.95 1007.99 22.78
870.05 1008.44 22.78
888.13 1006.51 22.78
930.46 1004.52 22.78
949.61 1001.75 22.78
966.27 999.40 22.78
983.39 998.64 22.78
1001.87 993.78 22.78
1018.07 990.40 22.78
1035.13 989.23 22.78
1096.99 985.41 22.78
1115.11 985.69 22.78
1129.46 987.97 22.78
1149.23 987.02 22.78
1164.24 990.17 22.78
1208.31 998.34 22.78
1226.39 1000.42 22.78
1241.72 1004.55 22.78
1260.97 1008.90 22.78
1277.01 1011.77 22.78
1296.57 1014.81 22.78
1310.29 1016.60 22.78
1331.63 1016.89 22.78
768.92 1022.09 22.78
785.13 1024.22 22.78
804.14 1030.10 22.78
821.92 1031.33 22.78
861.72 1032.50 22.78
880.82 1033.75 22.78
922.83 1031.37 22.78
941.18 1029.01 22.78
984.73 1023.21 22.78
1005.34 1019.75 22.78
1020.61 1018.40 22.78
1038.19 1015.60 22.78
1054.95 1013.50 22.78
1071.47 1012.40 22.78
1091.86 1012.52 22.78
1107.22 1012.08 22.78
1123.13 1011.37 22.78
1142.63 1014.86 22.78
769.52 1046.36 22.78
785.54 1051.03 22.78
803.85 1053.02 22.78
820.29 1055.36 22.78
838.90 1056.46 22.78
854.55 1057.76 22.78
873.51 1058.50 22.78
890.44 1062.28 22.78
932.89 1057.41 22.78
951.00 1054.87 22.78
968.44 1052.50 22.78
986.67 1049.77 22.78
1003.14 1047.42 22.78
1021.81 1043.47 22.78
1038.21 1043.19 22.78
1054.42 1042.08 22.78
1071.51 1038.18 22.78
1089.34 1040.20 22.78
1107.17 1037.01 22.78
1151.91 1039.91 22.78
1166.98 1042.36 22.78
1187.20 1046.09 22.78
1204.56 1048.34 22.78
1221.31 1051.88 22.78
1237.64 1056.30 22.78
1255.40 1060.03 22.78
1271.07 1063.81 22.78
1291.14 1065.64 22.78
1304.38 1068.82 22.78
