0.306160 0.202539 0.020381
0.321367 0.206037 0.020381
0.334201 0.208919 0.020381
0.348995 0.211166 0.020381
0.363302 0.212886 0.020381
0.376248 0.214860 0.020381
0.390022 0.214611 0.020381
0.425045 0.215350 0.020381
0.439389 0.213734 0.020381
0.453693 0.213738 0.020381
0.467405 0.213234 0.020381
0.483051 0.211798 0.020381
0.495781 0.210308 0.020381
0.530373 0.204750 0.020381
0.544685 0.205690 0.020381
0.557667 0.204798 0.020381
0.573439 0.205167 0.020381
0.587137 0.205546 0.020381
0.603367 0.207763 0.020381
0.615332 0.208298 0.020381
0.629799 0.209545 0.020381
0.306776 0.239230 0.020381
0.321179 0.239657 0.020381
0.334027 0.242788 0.020381
0.348594 0.246745 0.020381
0.363619 0.249443 0.020381
0.378134 0.250952 0.020381
0.392034 0.251043 0.020381
0.406571 0.252276 0.020381
0.439558 0.252142 0.020381
0.453856 0.248608 0.020381
0.468865 0.248191 0.020381
0.481849 0.247943 0.020381
0.547409 0.241660 0.020381
0.560548 0.241382 0.020381
0.574989 0.239832 0.020381
0.589523 0.241708 0.020381
0.604326 0.243870 0.020381
0.618229 0.243741 0.020381
0.630866 0.245234 0.020381
0.644656 0.249989 0.020381
0.660529 0.250441 0.020381
0.694676 0.256584 0.020381
0.309066 0.274701 0.020381
0.321508 0.277501 0.020381
0.335843 0.279315 0.020381
0.351107 0.283687 0.020381
0.363727 0.285133 0.020381
0.400635 0.287947 0.020381
0.413284 0.287547 0.020381
0.428303 0.286771 0.020381
0.441301 0.285706 0.020381
0.456833 0.286175 0.020381
0.469060 0.284619 0.020381
0.484301 0.283019 0.020381
0.497508 0.281290 0.020381
0.525865 0.278035 0.020381
0.561038 0.277754 0.020381
0.574957 0.277874 0.020381
0.588870 0.276585 0.020381
0.604522 0.278926 0.020381
0.617079 0.279621 0.020381
0.632224 0.284191 0.020381
0.645496 0.284717 0.020381
0.660804 0.285877 0.020381
0.675588 0.293108 0.020381
0.308767 0.312124 0.020381
0.319913 0.312276 0.020381
0.334858 0.316143 0.020381
0.347637 0.319335 0.020381
0.362194 0.322026 0.020381
0.378907 0.321978 0.020381
0.391770 0.321859 0.020381
0.427429 0.322689 0.020381
0.442275 0.321486 0.020381
0.456285 0.320838 0.020381
0.468947 0.320290 0.020381
0.482727 0.320278 0.020381
0.518742 0.314082 0.020381
0.532460 0.316523 0.020381
0.547726 0.313580 0.020381
0.559527 0.314323 0.020381
0.572766 0.314993 0.020381
0.588692 0.316291 0.020381
0.601436 0.316255 0.020381
0.638391 0.319672 0.020381
0.652674 0.322445 0.020381
0.665718 0.325644 0.020381
0.679972 0.326937 0.020381
0.694589 0.330611 0.020381
0.708497 0.332894 0.020381
0.720884 0.337365 0.020381
0.737389 0.339099 0.020381
0.749739 0.339501 0.020381
0.765363 0.341005 0.020381
0.777518 0.344087 0.020381
0.792122 0.344474 0.020381
0.805061 0.343216 0.020381
0.822309 0.342175 0.020381
0.834387 0.340247 0.020381
0.304536 0.347585 0.020381
0.317343 0.351255 0.020381
0.332349 0.353505 0.020381
0.346711 0.355371 0.020381
0.361533 0.356270 0.020381
0.375974 0.357439 0.020381
0.409626 0.359668 0.020381
0.424379 0.358918 0.020381
0.438293 0.357942 0.020381
0.454470 0.358932 0.020381
0.466735 0.357992 0.020381
0.494643 0.352691 0.020381
0.530592 0.350464 0.020381
0.545609 0.350096 0.020381
0.560125 0.349055 0.020381
0.573227 0.349890 0.020381
0.586282 0.351099 0.020381
0.620617 0.353295 0.020381
0.635844 0.354950 0.020381
0.651021 0.360931 0.020381
0.664168 0.361107 0.020381
0.676442 0.365150 0.020381
0.691809 0.366325 0.020381
0.706185 0.368794 0.020381
0.719959 0.370375 0.020381
0.301276 0.382160 0.020381
0.315114 0.386950 0.020381
0.328363 0.387941 0.020381
0.341925 0.391508 0.020381
0.357300 0.391757 0.020381
0.391490 0.395422 0.020381
0.406277 0.398059 0.020381
0.421231 0.394902 0.020381
0.435084 0.397063 0.020381
0.447473 0.393248 0.020381
0.462817 0.392392 0.020381
0.476977 0.390145 0.020381
0.492701 0.388460 0.020381
0.505121 0.389751 0.020381
0.519644 0.386494 0.020381
0.555200 0.384421 0.020381
0.569663 0.386041 0.020381
0.604944 0.390245 0.020381
0.618645 0.391343 0.020381
0.632627 0.393789 0.020381
0.647680 0.395626 0.020381
0.660785 0.396921 0.020381
0.674122 0.399432 0.020381
0.688742 0.401955 0.020381
0.702195 0.402860 0.020381
0.717656 0.407824 0.020381
0.730344 0.411544 0.020381
0.744231 0.413350 0.020381
0.297020 0.419882 0.020381
0.312062 0.421757 0.020381
0.324119 0.424342 0.020381
0.339659 0.425261 0.020381
0.352378 0.427747 0.020381
0.367030 0.429251 0.020381
0.382004 0.429446 0.020381
0.431785 0.431291 0.020381
0.443907 0.430085 0.020381
0.458751 0.429959 0.020381
0.472298 0.428212 0.020381
0.486937 0.427479 0.020381
0.502360 0.424711 0.020381
0.535394 0.422775 0.020381
0.549792 0.422910 0.020381
0.563575 0.421957 0.020381
0.580108 0.420262 0.020381
0.594731 0.423138 0.020381
0.606972 0.425482 0.020381
0.642195 0.432172 0.020381
0.656166 0.435032 0.020381
0.292301 0.455306 0.020381
0.308127 0.459107 0.020381
0.320926 0.461250 0.020381
0.335924 0.462662 0.020381
0.348606 0.463809 0.020381
0.363953 0.466018 0.020381
0.376487 0.465234 0.020381
0.392129 0.466975 0.020381
0.405595 0.468817 0.020381
0.418358 0.467173 0.020381
0.455201 0.465009 0.020381
0.469473 0.463854 0.020381
0.482170 0.463019 0.020381
0.498328 0.460666 0.020381
0.510103 0.459370 0.020381
0.525853 0.457286 0.020381
0.539498 0.456458 0.020381
0.575048 0.458156 0.020381
0.588608 0.458970 0.020381
0.605304 0.460338 0.020381
0.616191 0.466018 0.020381
0.631529 0.463679 0.020381
0.645854 0.466777 0.020381
0.672440 0.474637 0.020381
0.687386 0.476930 0.020381
0.701403 0.478082 0.020381
0.291877 0.491306 0.020381
0.304213 0.493492 0.020381
0.317734 0.497885 0.020381
0.333478 0.499279 0.020381
0.346157 0.501154 0.020381
0.360406 0.501815 0.020381
0.395020 0.503064 0.020381
0.408578 0.504485 0.020381
0.422890 0.502171 0.020381
0.439011 0.501231 0.020381
0.451879 0.499688 0.020381
0.466831 0.500131 0.020381
0.480912 0.498415 0.020381
0.515430 0.493761 0.020381
0.529938 0.493700 0.020381
0.543098 0.492258 0.020381
0.556573 0.493409 0.020381
0.572003 0.493456 0.020381
0.586666 0.495354 0.020381
0.620252 0.500649 0.020381
0.634779 0.503292 0.020381
0.648179 0.504029 0.020381
0.663393 0.508947 0.020381
0.678593 0.510818 0.020381
0.289010 0.526923 0.020381
0.304406 0.529484 0.020381
0.318157 0.531623 0.020381
0.330955 0.535942 0.020381
0.359456 0.538558 0.020381
0.372530 0.539688 0.020381
0.388758 0.540117 0.020381
0.401686 0.540331 0.020381
0.436065 0.539285 0.020381
0.450690 0.535189 0.020381
0.465267 0.534975 0.020381
0.480315 0.533262 0.020381
0.493984 0.534387 0.020381
0.521695 0.529656 0.020381
0.535694 0.529735 0.020381
0.570266 0.530742 0.020381
0.583109 0.530565 0.020381
0.598520 0.532031 0.020381
0.614229 0.535078 0.020381
0.626949 0.536640 0.020381
0.640787 0.538408 0.020381
0.654635 0.541389 0.020381
0.668555 0.542514 0.020381
0.287978 0.563837 0.020381
0.302874 0.566114 0.020381
0.317501 0.566818 0.020381
0.332192 0.570697 0.020381
0.366294 0.573760 0.020381
0.380326 0.575200 0.020381
0.393095 0.576524 0.020381
0.407870 0.575265 0.020381
0.422113 0.576359 0.020381
0.458441 0.572922 0.020381
0.472506 0.569415 0.020381
0.485343 0.569350 0.020381
0.499603 0.567167 0.020381
0.535654 0.565683 0.020381
0.550666 0.565805 0.020381
0.564402 0.566494 0.020381
0.576582 0.566858 0.020381
0.627459 0.574278 0.020381
0.640245 0.575696 0.020381
0.290137 0.600624 0.020381
0.303647 0.603562 0.020381
0.319546 0.605827 0.020381
0.331272 0.604727 0.020381
0.347225 0.609213 0.020381
0.359677 0.611591 0.020381
0.373562 0.610976 0.020381
0.388849 0.610843 0.020381
0.402463 0.613133 0.020381
0.416866 0.612893 0.020381
0.431768 0.610792 0.020381
0.442735 0.608821 0.020381
0.480556 0.606193 0.020381
0.495304 0.604126 0.020381
0.508658 0.604287 0.020381
0.522335 0.603792 0.020381
0.536942 0.603139 0.020381
0.551065 0.602559 0.020381
0.564366 0.601804 0.020381
0.600405 0.605811 0.020381
0.614955 0.607119 0.020381
0.627910 0.608084 0.020381
0.641875 0.610691 0.020381
0.654409 0.613304 0.020381
0.671417 0.617530 0.020381
0.684248 0.619814 0.020381
0.696511 0.623589 0.020381
0.710111 0.624417 0.020381
0.726046 0.627564 0.020381
0.292085 0.635351 0.020381
0.306980 0.638303 0.020381
0.320063 0.641731 0.020381
0.335196 0.643215 0.020381
0.347058 0.643604 0.020381
0.363136 0.647223 0.020381
0.376304 0.650879 0.020381
0.390107 0.646868 0.020381
0.425384 0.647259 0.020381
0.439951 0.646996 0.020381
0.453665 0.646048 0.020381
0.467682 0.644687 0.020381
0.482369 0.642702 0.020381
0.495686 0.642831 0.020381
0.531561 0.636122 0.020381
0.545822 0.637844 0.020381
0.559763 0.638478 0.020381
0.573255 0.638906 0.020381
0.587513 0.641409 0.020381
0.601544 0.642627 0.020381
0.616405 0.644234 0.020381
0.627999 0.646560 0.020381
0.643165 0.648890 0.020381
0.656628 0.649578 0.020381
0.293557 0.671667 0.020381
0.305120 0.673761 0.020381
0.321686 0.678301 0.020381
0.334287 0.680872 0.020381
0.349192 0.681204 0.020381
0.362418 0.683186 0.020381
0.390956 0.682668 0.020381
0.426167 0.683322 0.020381
0.440845 0.681339 0.020381
0.453485 0.682095 0.020381
0.469452 0.677848 0.020381
0.483752 0.678529 0.020381
0.494938 0.674533 0.020381
0.509425 0.676337 0.020381
0.524875 0.675975 0.020381
0.538543 0.673631 0.020381
0.552775 0.674618 0.020381
0.590233 0.676618 0.020381
0.603462 0.678903 0.020381
0.615834 0.679564 0.020381
0.629237 0.681477 0.020381
0.643817 0.683910 0.020381
0.657698 0.686726 0.020381
0.672827 0.689923 0.020381
0.684677 0.691630 0.020381
0.698985 0.695337 0.020381
0.292153 0.707720 0.020381
0.307651 0.709952 0.020381
0.319573 0.712369 0.020381
0.333513 0.716607 0.020381
0.349417 0.716967 0.020381
0.361504 0.717755 0.020381
0.377296 0.721195 0.020381
0.412004 0.719293 0.020381
0.425242 0.719706 0.020381
0.438807 0.717963 0.020381
0.455159 0.716569 0.020381
0.468901 0.715791 0.020381
0.482020 0.715496 0.020381
0.495649 0.714196 0.020381
0.508491 0.712969 0.020381
0.522265 0.711347 0.020381
0.571990 0.711228 0.020381
0.588151 0.712093 0.020381
0.602361 0.714124 0.020381
0.615503 0.713701 0.020381
0.289082 0.743915 0.020381
0.304315 0.747222 0.020381
0.317869 0.749210 0.020381
0.347990 0.753577 0.020381
0.360650 0.754748 0.020381
0.373864 0.755562 0.020381
0.386844 0.756368 0.020381
0.424364 0.755676 0.020381
0.436477 0.753644 0.020381
0.452621 0.752388 0.020381
0.466239 0.752463 0.020381
0.480345 0.751417 0.020381
0.493423 0.748704 0.020381
0.509019 0.747741 0.020381
0.519933 0.748302 0.020381
0.535604 0.747426 0.020381
0.572667 0.747595 0.020381
0.608763 0.751340 0.020381
0.621304 0.754178 0.020381
0.633952 0.753779 0.020381
0.649997 0.758448 0.020381
0.662685 0.760697 0.020381
0.674765 0.762906 0.020381
0.690122 0.767032 0.020381
0.417723 0.444429 0.007913
0.424426 0.443522 0.007913
0.429872 0.442172 0.007913
0.435549 0.442412 0.007913
0.449904 0.441710 0.007913
0.456127 0.440941 0.007913
0.461577 0.440742 0.007913
0.467278 0.440572 0.007913
0.473440 0.440102 0.007913
0.478896 0.439571 0.007913
0.484448 0.438009 0.007913
0.499228 0.436604 0.007913
0.504898 0.437082 0.007913
0.511008 0.435827 0.007913
0.517194 0.435419 0.007913
0.522960 0.435809 0.007913
0.528401 0.434357 0.007913
0.534882 0.434787 0.007913
0.554312 0.434329 0.007913
0.560066 0.434157 0.007913
0.565540 0.434676 0.007913
0.572187 0.434373 0.007913
0.674592 0.837654 0.022780
0.688971 0.837380 0.022780
0.704679 0.840656 0.022780
0.718831 0.845398 0.022780
0.735568 0.846327 0.022780
0.750423 0.847472 0.022780
0.767719 0.847952 0.022780
0.779782 0.849582 0.022780
0.818989 0.844661 0.022780
0.835373 0.843762 0.022780
0.848749 0.839638 0.022780
0.862687 0.839061 0.022780
0.903625 0.831874 0.022780
0.921166 0.828729 0.022780
0.935404 0.826287 0.022780
0.947812 0.825907 0.022780
0.963100 0.825798 0.022780
1.002622 0.828358 0.022780
1.018708 0.830107 0.022780
1.033244 0.830681 0.022780
1.048962 0.835584 0.022780
1.062959 0.840165 0.022780
1.077072 0.843931 0.022780
1.093827 0.846390 0.022780
1.108905 0.847556 0.022780
1.124064 0.853108 0.022780
1.140142 0.855440 0.022780
1.152664 0.855768 0.022780
1.172059 0.858350 0.022780
0.670926 0.862508 0.022780
0.687147 0.865637 0.022780
0.702119 0.868614 0.022780
0.716991 0.871391 0.022780
0.731654 0.876206 0.022780
0.746457 0.873805 0.022780
0.762315 0.877463 0.022780
0.776923 0.875548 0.022780
0.793772 0.874565 0.022780
0.829898 0.870017 0.022780
0.846308 0.866985 0.022780
0.860656 0.865075 0.022780
0.875982 0.861992 0.022780
0.915565 0.854432 0.022780
0.931759 0.854735 0.022780
0.947413 0.852799 0.022780
0.961853 0.852751 0.022780
0.977267 0.853044 0.022780
0.992363 0.854375 0.022780
1.005853 0.854714 0.022780
1.021254 0.857458 0.022780
1.039544 0.860007 0.022780
0.671024 0.890733 0.022780
0.686426 0.891928 0.022780
0.699188 0.896416 0.022780
0.715931 0.898154 0.022780
0.754833 0.902113 0.022780
0.771225 0.900725 0.022780
0.782896 0.902555 0.022780
0.798043 0.899854 0.022780
0.814394 0.899422 0.022780
0.830407 0.896447 0.022780
0.844647 0.894922 0.022780
0.864438 0.890763 0.022780
0.875914 0.886434 0.022780
0.890416 0.885128 0.022780
0.905808 0.882939 0.022780
0.945209 0.880144 0.022780
0.974903 0.879660 0.022780
0.989817 0.878820 0.022780
1.006252 0.881049 0.022780
1.021305 0.882616 0.022780
0.668261 0.915672 0.022780
0.685040 0.917491 0.022780
0.700256 0.922232 0.022780
0.716285 0.925020 0.022780
0.731042 0.926775 0.022780
0.746183 0.926015 0.022780
0.775451 0.928399 0.022780
0.813922 0.924452 0.022780
0.828614 0.924370 0.022780
0.843328 0.920926 0.022780
0.862000 0.917992 0.022780
0.875072 0.913091 0.022780
0.889042 0.911474 0.022780
0.905021 0.908608 0.022780
0.920677 0.907285 0.022780
0.959726 0.904869 0.022780
0.973218 0.907233 0.022780
0.988585 0.906921 0.022780
1.005068 0.908646 0.022780
1.021773 0.911171 0.022780
1.034704 0.914222 0.022780
1.049808 0.916367 0.022780
1.064321 0.918357 0.022780
0.669552 0.942206 0.022780
0.683726 0.943978 0.022780
0.700431 0.948611 0.022780
0.715412 0.950903 0.022780
0.730773 0.952427 0.022780
0.745605 0.953403 0.022780
0.761418 0.954972 0.022780
0.776549 0.953021 0.022780
0.790703 0.954081 0.022780
0.808450 0.952106 0.022780
0.844527 0.946332 0.022780
0.860063 0.945246 0.022780
0.875632 0.941078 0.022780
0.891669 0.937259 0.022780
0.906644 0.936100 0.022780
0.920180 0.934317 0.022780
0.960523 0.934640 0.022780
0.975824 0.933080 0.022780
0.990011 0.931587 0.022780
1.005314 0.935192 0.022780
1.021217 0.937253 0.022780
1.035743 0.939090 0.022780
1.051020 0.943595 0.022780
1.067115 0.945378 0.022780
0.671162 0.968052 0.022780
0.685564 0.971413 0.022780
0.702883 0.973839 0.022780
0.716658 0.977577 0.022780
0.732700 0.976391 0.022780
0.749717 0.981145 0.022780
0.763577 0.980860 0.022780
0.776343 0.981710 0.022780
0.792892 0.980729 0.022780
0.834027 0.976981 0.022780
0.848213 0.972597 0.022780
0.863411 0.969842 0.022780
0.876126 0.969376 0.022780
0.893994 0.964490 0.022780
0.928509 0.957317 0.022780
0.948358 0.960753 0.022780
0.961650 0.957074 0.022780
0.976652 0.959263 0.022780
0.991609 0.959488 0.022780
1.007254 0.960284 0.022780
1.022017 0.963484 0.022780
1.036771 0.966394 0.022780
1.052428 0.969362 0.022780
1.069426 0.972977 0.022780
1.083994 0.974647 0.022780
1.097940 0.979982 0.022780
0.674181 0.993494 0.022780
0.689690 0.997692 0.022780
0.705271 1.000880 0.022780
0.719991 1.003973 0.022780
0.735305 1.005849 0.022780
0.748200 1.007990 0.022780
0.764994 1.008439 0.022780
0.780886 1.006506 0.022780
0.818101 1.004523 0.022780
0.834948 1.001747 0.022780
0.849596 0.999403 0.022780
0.864644 0.998636 0.022780
0.880891 0.993777 0.022780
0.895135 0.990401 0.022780
0.910137 0.989232 0.022780
0.964527 0.985412 0.022780
0.980455 0.985695 0.022780
0.993073 0.987967 0.022780
1.010455 0.987020 0.022780
1.023654 0.990165 0.022780
1.062407 0.998340 0.022780
1.078301 1.000423 0.022780
1.091777 1.004549 0.022780
1.108710 1.008896 0.022780
1.122811 1.011766 0.022780
1.140004 1.014807 0.022780
1.152074 1.016597 0.022780
1.170831 1.016892 0.022780
0.676074 1.022090 0.022780
0.690327 1.024224 0.022780
0.707038 1.030104 0.022780
0.722668 1.031328 0.022780
0.757662 1.032504 0.022780
0.774457 1.033746 0.022780
0.811401 1.031367 0.022780
0.827534 1.029015 0.022780
0.865827 1.023206 0.022780
0.883943 1.019750 0.022780
0.897369 1.018399 0.022780
0.912825 1.015595 0.022780
0.927565 1.013499 0.022780
0.942086 1.012397 0.022780
0.960016 1.012520 0.022780
0.973518 1.012079 0.022780
0.987514 1.011369 0.022780
1.004655 1.014858 0.022780
0.676603 1.046362 0.022780
0.690689 1.051030 0.022780
0.706788 1.053024 0.022780
0.721236 1.055357 0.022780
0.737602 1.056455 0.022780
0.751359 1.057764 0.022780
0.768028 1.058496 0.022780
0.782922 1.062283 0.022780
0.820246 1.057410 0.022780
0.836165 1.054875 0.022780
0.851499 1.052505 0.022780
0.867527 1.049768 0.022780
0.882009 1.047417 0.022780
0.898424 1.043472 0.022780
0.912848 1.043192 0.022780
0.927095 1.042077 0.022780
0.942125 1.038179 0.022780
0.957797 1.040204 0.022780
0.973481 1.037007 0.022780
1.012814 1.039915 0.022780
1.026069 1.042356 0.022780
1.043841 1.046094 0.022780
1.059108 1.048335 0.022780
1.073836 1.051876 0.022780
1.088196 1.056304 0.022780
1.103805 1.060027 0.022780
1.117590 1.063814 0.022780
1.135229 1.065642 0.022780
1.146873 1.068823 0.022780
