236.87 116.90 19.05
250.07 118.27 19.05
265.68 118.02 19.05
281.67 121.61 19.05
297.04 123.08 19.05
309.89 122.41 19.05
348.48 127.77 19.05
364.30 128.24 19.05
378.12 130.19 19.05
392.96 131.69 19.05
431.61 133.79 19.05
445.52 136.03 19.05
460.91 136.77 19.05
475.92 139.35 19.05
491.51 140.10 19.05
507.30 141.57 19.05
521.42 143.44 19.05
537.38 144.31 19.05
574.64 148.28 19.05
589.53 149.25 19.05
604.86 151.49 19.05
642.10 153.29 19.05
657.23 158.09 19.05
671.46 156.74 19.05
686.45 157.57 19.05
703.36 158.93 19.05
738.56 164.03 19.05
754.15 163.60 19.05
784.21 166.47 19.05
799.32 167.11 19.05
814.93 168.04 19.05
828.93 171.75 19.05
844.66 173.02 19.05
882.30 176.41 19.05
898.07 176.43 19.05
911.06 178.95 19.05
927.07 178.16 19.05
942.50 179.60 19.05
955.97 183.90 19.05
973.83 183.07 19.05
232.70 151.54 19.05
248.60 154.14 19.05
260.99 153.53 19.05
278.57 155.83 19.05
293.78 157.57 19.05
308.19 158.12 19.05
323.11 161.09 19.05
337.76 161.26 19.05
368.10 165.01 19.05
404.89 169.49 19.05
420.90 168.16 19.05
437.34 170.67 19.05
451.58 171.57 19.05
465.74 172.83 19.05
479.73 174.18 19.05
496.17 177.53 19.05
511.34 174.91 19.05
547.99 179.19 19.05
563.25 181.96 19.05
576.92 182.02 19.05
593.65 184.26 19.05
229.12 186.80 19.05
243.97 188.13 19.05
259.65 190.62 19.05
275.44 191.90 19.05
289.53 192.05 19.05
326.72 195.99 19.05
341.39 195.42 19.05
359.55 197.77 19.05
373.05 200.22 19.05
388.57 199.57 19.05
402.74 200.77 19.05
439.28 203.51 19.05
455.15 206.79 19.05
469.72 208.63 19.05
485.72 210.19 19.05
500.17 210.14 19.05
516.02 212.65 19.05
531.17 214.78 19.05
569.31 217.61 19.05
582.71 217.92 19.05
598.50 221.34 19.05
612.79 222.71 19.05
626.09 222.62 19.05
642.99 223.52 19.05
660.24 225.72 19.05
672.59 226.94 19.05
686.16 227.42 19.05
703.99 229.17 19.05
717.11 232.22 19.05
755.72 234.71 19.05
772.21 235.35 19.05
785.80 237.53 19.05
800.25 239.26 19.05
816.27 240.32 19.05
830.36 240.95 19.05
844.36 241.80 19.05
860.10 242.93 19.05
875.92 246.59 19.05
227.57 220.62 19.05
243.13 223.18 19.05
257.25 224.78 19.05
273.69 225.79 19.05
286.85 228.27 19.05
303.04 227.99 19.05
317.09 229.77 19.05
332.57 229.69 19.05
369.68 233.71 19.05
384.47 235.81 19.05
399.51 237.06 19.05
413.37 237.43 19.05
429.54 239.67 19.05
444.16 240.99 19.05
459.67 243.43 19.05
474.57 244.32 19.05
489.14 245.81 19.05
504.99 247.54 19.05
520.35 248.67 19.05
534.62 249.64 19.05
550.81 250.26 19.05
587.13 254.04 19.05
603.72 254.54 19.05
616.72 254.39 19.05
631.87 257.89 19.05
646.72 260.68 19.05
676.88 263.36 19.05
714.21 264.64 19.05
730.52 265.58 19.05
745.31 269.39 19.05
760.30 269.77 19.05
775.40 271.52 19.05
788.99 274.36 19.05
826.75 276.56 19.05
841.70 276.81 19.05
858.41 279.85 19.05
871.83 279.44 19.05
886.77 282.21 19.05
918.18 284.28 19.05
223.44 259.42 19.05
239.19 257.18 19.05
255.40 257.27 19.05
268.82 262.16 19.05
305.69 262.95 19.05
320.87 265.34 19.05
337.62 267.53 19.05
352.00 266.56 19.05
389.34 271.56 19.05
402.06 271.64 19.05
420.13 274.12 19.05
432.45 277.42 19.05
448.95 277.04 19.05
464.43 277.73 19.05
478.16 281.36 19.05
494.92 281.64 19.05
509.68 281.24 19.05
525.34 282.82 19.05
552.11 286.38 19.05
568.49 285.66 19.05
584.42 291.04 19.05
614.04 292.57 19.05
652.84 296.41 19.05
666.95 298.18 19.05
681.14 299.39 19.05
727.04 302.40 19.05
743.59 302.89 19.05
779.38 307.00 19.05
794.09 308.74 19.05
809.33 308.70 19.05
823.31 310.07 19.05
839.46 312.24 19.05
854.41 314.10 19.05
892.39 315.33 19.05
905.95 319.26 19.05
920.05 320.68 19.05
235.28 293.00 19.05
250.53 293.29 19.05
264.70 296.29 19.05
278.26 296.94 19.05
317.33 300.97 19.05
333.31 301.63 19.05
348.09 301.91 19.05
364.90 303.90 19.05
377.79 306.30 19.05
392.68 306.04 19.05
408.33 308.04 19.05
423.39 311.41 19.05
461.09 312.82 19.05
475.76 314.77 19.05
490.44 314.61 19.05
508.81 316.51 19.05
521.11 316.88 19.05
558.81 322.30 19.05
571.58 324.67 19.05
587.16 325.80 19.05
625.50 327.86 19.05
640.90 327.28 19.05
657.04 330.63 19.05
693.70 332.65 19.05
707.59 334.59 19.05
724.34 336.49 19.05
737.92 339.95 19.05
753.83 339.85 19.05
768.23 340.27 19.05
781.38 342.97 19.05
834.12 345.40 19.05
851.00 347.93 19.05
864.67 351.49 19.05
881.36 351.61 19.05
895.39 353.12 19.05
910.78 353.56 19.05
218.79 325.32 19.05
232.78 327.05 19.05
245.82 329.66 19.05
262.37 330.52 19.05
276.87 330.97 19.05
291.65 333.65 19.05
330.20 334.40 19.05
345.58 337.75 19.05
361.86 339.68 19.05
374.66 340.82 19.05
388.90 340.41 19.05
405.65 340.80 19.05
420.21 343.21 19.05
435.36 344.54 19.05
450.58 346.98 19.05
466.51 348.42 19.05
479.49 349.36 19.05
493.89 351.29 19.05
532.05 355.33 19.05
548.25 355.85 19.05
562.23 359.46 19.05
576.95 358.76 19.05
591.89 361.55 19.05
608.67 360.72 19.05
623.24 362.94 19.05
637.23 364.70 19.05
677.06 366.74 19.05
689.71 367.83 19.05
705.75 368.90 19.05
720.07 369.46 19.05
735.62 372.46 19.05
764.05 376.29 19.05
779.57 378.48 19.05
796.18 377.49 19.05
809.47 380.25 19.05
847.79 381.50 19.05
861.89 384.75 19.05
877.79 385.97 19.05
894.03 386.24 19.05
907.71 388.80 19.05
922.17 391.31 19.05
938.80 391.74 19.05
212.69 359.42 19.05
229.91 361.93 19.05
241.72 364.18 19.05
259.59 363.84 19.05
275.40 365.41 19.05
312.60 368.75 19.05
327.26 370.57 19.05
342.41 372.28 19.05
354.02 373.40 19.05
372.53 375.34 19.05
402.24 378.04 19.05
417.95 379.40 19.05
431.36 377.94 19.05
212.05 395.01 19.05
226.42 397.79 19.05
242.94 398.88 19.05
256.27 399.33 19.05
271.77 400.69 19.05
310.68 403.94 19.05
323.18 404.96 19.05
340.59 404.38 19.05
352.59 410.78 19.05
369.45 408.64 19.05
407.12 412.47 19.05
420.49 412.67 19.05
434.92 414.81 19.05
450.19 417.36 19.05
465.48 415.45 19.05
504.05 421.75 19.05
517.90 424.18 19.05
534.33 424.30 19.05
549.04 425.99 19.05
563.08 427.42 19.05
578.41 427.84 19.05
592.42 429.68 19.05
609.53 430.92 19.05
626.26 433.96 19.05
640.12 435.13 19.05
676.62 438.96 19.05
691.78 439.85 19.05
705.70 439.30 19.05
723.02 442.03 19.05
735.97 442.52 19.05
750.96 443.80 19.05
790.06 448.05 19.05
804.84 448.92 19.05
817.32 450.78 19.05
834.71 452.66 19.05
849.51 453.13 19.05
863.27 455.24 19.05
879.55 455.66 19.05
895.23 456.78 19.05
908.42 460.39 19.05
924.98 460.00 19.05
939.39 461.80 19.05
207.21 430.85 19.05
223.81 431.45 19.05
252.96 434.08 19.05
267.86 435.75 19.05
283.89 435.80 19.05
297.23 436.52 19.05
335.07 441.81 19.05
367.04 445.71 19.05
381.06 444.88 19.05
396.77 445.83 19.05
412.15 448.86 19.05
423.17 449.34 19.05
441.31 451.10 19.05
478.39 453.21 19.05
491.94 455.95 19.05
510.03 458.14 19.05
521.85 455.69 19.05
538.93 460.13 19.05
554.39 460.79 19.05
568.50 463.73 19.05
582.86 463.82 19.05
622.70 467.28 19.05
635.25 468.94 19.05
650.89 470.06 19.05
665.79 471.75 19.05
681.18 470.93 19.05
697.61 474.54 19.05
734.72 476.26 19.05
747.27 477.35 19.05
762.40 479.81 19.05
776.90 481.21 19.05
791.55 482.27 19.05
809.49 485.27 19.05
837.04 486.30 19.05
853.30 489.70 19.05
205.41 464.06 19.05
220.02 465.36 19.05
234.37 469.59 19.05
250.08 467.83 19.05
265.18 469.05 19.05
278.85 470.59 19.05
294.41 473.90 19.05
310.42 474.96 19.05
323.93 475.18 19.05
340.25 476.58 19.05
378.12 479.23 19.05
391.49 481.05 19.05
406.67 483.15 19.05
422.96 485.92 19.05
437.83 485.65 19.05
450.52 487.30 19.05
490.00 490.09 19.05
505.48 492.58 19.05
518.91 494.61 19.05
535.30 493.31 19.05
549.99 496.57 19.05
603.32 500.29 19.05
619.20 503.12 19.05
632.30 503.16 19.05
648.01 503.63 19.05
663.38 505.72 19.05
678.03 507.47 19.05
692.46 508.56 19.05
707.34 512.45 19.05
201.28 498.96 19.05
216.85 500.61 19.05
230.68 501.95 19.05
247.05 503.59 19.05
260.29 505.91 19.05
274.17 505.80 19.05
316.18 508.68 19.05
329.63 511.66 19.05
344.57 512.17 19.05
360.20 512.58 19.05
374.27 514.81 19.05
388.62 517.07 19.05
405.36 517.86 19.05
442.19 520.02 19.05
455.23 523.14 19.05
471.05 524.46 19.05
487.71 524.48 19.05
500.38 528.45 19.05
517.24 527.98 19.05
555.34 530.05 19.05
570.44 534.02 19.05
585.61 534.56 19.05
600.51 534.57 19.05
615.18 536.57 19.05
627.97 537.40 19.05
644.53 539.20 19.05
659.97 539.66 19.05
672.33 543.83 19.05
704.39 546.42 19.05
741.31 548.84 19.05
757.02 549.98 19.05
793.48 554.33 19.05
808.64 554.74 19.05
198.24 535.06 19.05
214.85 534.96 19.05
227.96 535.71 19.05
280.25 540.87 19.05
295.10 544.74 19.05
312.08 544.62 19.05
326.20 545.26 19.05
341.98 547.12 19.05
379.40 550.70 19.05
392.90 552.75 19.05
408.93 552.22 19.05
423.35 554.82 19.05
438.05 557.65 19.05
454.00 559.00 19.05
468.92 559.13 19.05
506.27 559.71 19.05
520.65 564.80 19.05
534.61 565.14 19.05
552.80 565.97 19.05
566.35 566.68 19.05
582.79 569.35 19.05
596.18 571.94 19.05
611.96 571.25 19.05
625.61 573.81 19.05
662.10 575.61 19.05
679.57 580.39 19.05
694.51 579.52 19.05
708.49 579.97 19.05
725.80 582.28 19.05
740.72 585.16 19.05
752.25 584.24 19.05
195.61 569.75 19.05
211.61 571.56 19.05
225.53 570.81 19.05
239.82 573.03 19.05
255.66 574.22 19.05
269.60 574.82 19.05
308.48 578.81 19.05
322.07 581.88 19.05
338.72 582.83 19.05
353.99 581.75 19.05
369.20 585.40 19.05
383.88 586.74 19.05
398.04 587.40 19.05
413.35 588.76 19.05
428.94 588.96 19.05
464.82 593.57 19.05
481.38 594.59 19.05
496.20 597.39 19.05
511.52 598.14 19.05
528.53 600.56 19.05
561.63 602.80 19.05
578.49 604.97 19.05
593.51 605.98 19.05
607.17 606.62 19.05
621.84 606.14 19.05
638.88 608.89 19.05
653.85 612.04 19.05
667.49 612.78 19.05
682.67 611.84 19.05
721.49 617.43 19.05
736.11 617.57 19.05
749.87 620.61 19.05
767.32 621.78 19.05
779.81 622.78 19.05
798.00 624.21 19.05
192.06 604.98 19.05
207.79 606.66 19.05
220.34 606.77 19.05
237.99 606.68 19.05
251.66 608.58 19.05
267.10 612.35 19.05
284.22 611.58 19.05
320.89 614.68 19.05
335.44 617.88 19.05
349.97 619.43 19.05
364.94 619.90 19.05
380.08 619.16 19.05
416.75 624.72 19.05
433.33 625.15 19.05
447.25 628.04 19.05
460.50 628.37 19.05
476.95 629.79 19.05
516.59 633.54 19.05
531.50 635.61 19.05
545.18 636.08 19.05
559.30 637.50 19.05
575.76 638.91 19.05
589.63 639.95 19.05
626.27 643.28 19.05
641.58 644.67 19.05
659.10 645.16 19.05
671.00 646.82 19.05
687.69 649.72 19.05
702.79 651.63 19.05
738.93 654.28 19.05
755.64 656.55 19.05
769.43 657.47 19.05
786.46 656.56 19.05
800.54 660.33 19.05
814.91 659.57 19.05
831.05 661.05 19.05
844.90 663.42 19.05
860.81 664.31 19.05
189.11 637.48 19.05
204.71 640.13 19.05
220.19 640.91 19.05
232.51 642.68 19.05
272.10 646.17 19.05
285.57 647.41 19.05
300.60 649.38 19.05
317.22 651.84 19.05
331.86 652.65 19.05
346.36 652.63 19.05
362.09 654.15 19.05
376.96 654.86 19.05
390.73 657.74 19.05
407.56 657.72 19.05
422.33 659.50 19.05
459.13 661.11 19.05
474.03 664.20 19.05
503.57 667.98 19.05
519.95 668.18 19.05
533.94 668.06 19.05
548.25 670.78 19.05
585.33 674.28 19.05
601.40 675.95 19.05
616.71 679.09 19.05
632.62 678.24 19.05
647.37 681.14 19.05
660.95 682.57 19.05
676.77 681.86 19.05
713.58 687.14 19.05
729.27 688.15 19.05
782.27 691.86 19.05
797.56 694.06 19.05
812.46 694.97 19.05
826.71 697.03 19.05
842.09 698.75 19.05
856.47 698.30 19.05
873.24 703.49 19.05
887.46 701.14 19.05
901.15 704.14 19.05
918.32 704.06 19.05
931.81 706.64 19.05
186.59 673.42 19.05
199.90 674.87 19.05
215.93 677.16 19.05
231.19 678.10 19.05
246.19 678.85 19.05
282.79 681.71 19.05
299.71 684.64 19.05
313.05 685.02 19.05
328.32 686.54 19.05
343.66 690.34 19.05
358.56 689.90 19.05
371.89 690.02 19.05
389.59 692.48 19.05
399.24 693.62 19.05
420.47 693.00 19.05
435.16 693.60 19.05
449.38 697.54 19.05
502.58 703.48 19.05
514.28 702.01 19.05
530.38 703.41 19.05
546.06 706.74 19.05
559.63 708.34 19.05
598.77 712.12 19.05
613.47 712.81 19.05
628.48 713.25 19.05
644.15 714.77 19.05
658.98 716.68 19.05
673.37 717.65 19.05
688.29 717.75 19.05
703.99 720.98 19.05
719.50 721.66 19.05
755.17 727.15 19.05
770.87 726.59 19.05
787.50 729.00 19.05
803.27 730.04 19.05
815.89 730.37 19.05
829.49 731.93 19.05
847.26 734.39 19.05
183.61 708.85 19.05
197.75 710.45 19.05
212.42 714.06 19.05
227.82 712.61 19.05
263.41 716.10 19.05
281.00 715.57 19.05
296.24 719.39 19.05
311.26 720.59 19.05
325.82 721.85 19.05
353.91 723.21 19.05
370.12 725.77 19.05
408.40 725.62 19.05
425.05 730.94 19.05
437.08 733.34 19.05
452.48 733.03 19.05
467.23 735.83 19.05
482.73 735.80 19.05
520.41 740.35 19.05
534.83 740.14 19.05
549.03 740.57 19.05
564.91 743.10 19.05
582.03 745.22 19.05
594.61 745.16 19.05
632.68 749.52 19.05
647.17 751.04 19.05
662.63 750.72 19.05
678.53 754.57 19.05
692.71 754.44 19.05
707.08 755.96 19.05
722.54 756.55 19.05
775.90 762.71 19.05
805.69 764.90 19.05
818.71 766.77 19.05
858.07 767.98 19.05
874.02 770.59 19.05
888.18 771.25 19.05
902.57 773.66 19.05
918.05 775.80 19.05
934.41 777.53 19.05
948.91 779.53 19.05
195.72 745.01 19.05
211.41 746.17 19.05
226.83 747.57 19.05
239.66 747.35 19.05
255.64 749.55 19.05
268.82 752.46 19.05
285.56 753.84 19.05
322.72 757.78 19.05
338.88 758.75 19.05
352.14 758.62 19.05
367.51 761.83 19.05
382.49 762.03 19.05
397.20 762.62 19.05
411.97 764.41 19.05
428.79 765.58 19.05
465.22 768.99 19.05
480.15 770.79 19.05
494.73 771.95 19.05
510.15 772.95 19.05
562.34 778.49 19.05
576.60 779.05 19.05
592.36 779.21 19.05
606.24 780.91 19.05
622.96 783.75 19.05
638.01 783.12 19.05
675.51 791.37 19.05
687.58 790.07 19.05
703.05 791.22 19.05
719.61 792.44 19.05
733.89 794.37 19.05
748.35 796.13 19.05
787.34 799.95 19.05
802.77 800.07 19.05
817.19 801.17 19.05
833.62 802.72 19.05
847.07 803.40 19.05
862.00 803.96 19.05
876.57 808.06 19.05
175.53 776.39 19.05
191.41 780.79 19.05
206.65 779.31 19.05
221.57 781.94 19.05
237.13 783.99 19.05
248.49 784.97 19.05
265.55 784.64 19.05
304.02 788.68 19.05
317.89 791.76 19.05
332.39 793.11 19.05
387.78 797.52 19.05
401.23 797.76 19.05
416.13 800.25 19.05
430.64 801.78 19.05
448.51 802.62 19.05
460.33 802.47 19.05
477.24 805.24 19.05
492.39 806.17 19.05
507.32 807.89 19.05
520.87 808.89 19.05
535.23 812.49 19.05
173.70 813.39 19.05
187.15 813.01 19.05
202.26 814.03 19.05
218.91 817.10 19.05
233.49 815.67 19.05
250.23 818.82 19.05
286.40 823.65 19.05
302.51 823.79 19.05
316.06 824.44 19.05
330.47 826.49 19.05
346.11 829.39 19.05
361.78 829.04 19.05
376.73 831.16 19.05
428.09 836.03 19.05
442.61 837.63 19.05
487.75 843.24 19.05
504.22 843.73 19.05
518.13 843.82 19.05
556.86 846.22 19.05
571.59 848.95 19.05
585.08 848.20 19.05
600.65 853.00 19.05
617.48 853.49 19.05
632.79 854.51 19.05
646.88 855.40 19.05
683.11 860.82 19.05
700.60 859.14 19.05
713.23 860.89 19.05
729.40 863.63 19.05
742.88 864.65 19.05
757.91 867.50 19.05
773.97 868.06 19.05
786.00 868.45 19.05
444.58 182.81 6.55
449.61 182.92 6.55
455.27 183.46 6.55
461.06 184.22 6.55
465.93 184.52 6.55
472.07 184.76 6.55
476.99 185.42 6.55
482.34 185.44 6.55
488.18 186.25 6.55
501.40 187.62 6.55
506.54 187.96 6.55
512.22 188.47 6.55
517.78 189.10 6.55
522.65 189.90 6.55
528.06 190.04 6.55
533.39 190.92 6.55
547.47 191.86 6.55
552.18 192.28 6.55
557.23 192.46 6.55
562.81 193.68 6.55
576.93 195.01 6.55
581.58 194.86 6.55
441.05 217.54 7.19
448.34 218.02 7.19
454.30 218.72 7.19
460.09 219.31 7.19
468.41 219.83 7.19
473.68 220.62 7.19
480.75 221.35 7.19
496.08 222.93 7.19
502.84 222.81 7.19
508.89 222.89 7.19
515.24 224.18 7.19
522.51 224.60 7.19
529.18 225.15 7.19
535.00 225.55 7.19
541.79 227.32 7.19
547.33 226.94 7.19
438.83 252.40 7.45
445.51 252.28 7.45
452.24 252.87 7.45
460.20 253.77 7.45
467.72 254.98 7.45
485.78 256.75 7.45
492.48 257.47 7.45
499.82 258.04 7.45
506.70 259.30 7.45
524.82 260.58 7.45
533.10 260.83 7.45
539.68 261.33 7.45
546.70 262.81 7.45
553.78 262.46 7.45
572.46 264.64 7.45
579.45 265.01 7.45
586.34 266.05 7.45
593.49 266.62 7.45
601.90 267.75 7.45
607.88 267.54 7.45
615.81 268.44 7.45
633.35 270.34 7.45
641.43 270.44 7.45
648.29 270.91 7.45
655.38 272.39 7.45
662.56 272.63 7.45
669.55 273.12 7.45
688.37 274.08 7.45
695.36 275.70 7.45
703.04 276.78 7.45
709.30 277.45 7.45
716.94 277.35 7.45
724.32 278.28 7.45
732.04 279.19 7.45
738.77 280.01 7.45
746.34 280.66 7.45
753.70 281.26 7.45
760.46 282.11 7.45
432.14 321.13 8.69
438.88 322.47 8.69
455.47 323.73 8.69
461.50 324.04 8.69
467.57 323.76 8.69
474.09 325.09 8.69
480.10 325.42 8.69
487.43 326.24 8.69
493.78 326.76 8.69
509.53 328.33 8.69
524.36 330.24 8.69
530.49 331.48 8.69
536.83 330.90 8.69
543.48 331.19 8.69
549.64 331.72 8.69
556.30 332.32 8.69
562.32 333.34 8.69
569.18 332.94 8.69
575.11 333.82 8.69
412.94 529.15 7.55
419.93 530.63 7.55
426.83 530.84 7.55
433.10 531.56 7.55
440.55 531.18 7.55
446.16 532.77 7.55
452.83 533.27 7.55
469.92 534.93 7.55
476.01 535.66 7.55
483.17 536.61 7.55
490.27 537.23 7.55
496.42 537.20 7.55
397.56 704.18 7.33
401.47 704.67 7.33
406.19 704.82 7.33
411.20 705.97 7.33
415.19 706.24 7.33
419.94 706.71 7.33
423.95 706.75 7.33
428.95 707.49 7.33
440.42 708.29 7.33
445.37 708.54 7.33
449.49 708.73 7.33
454.56 709.74 7.33
458.36 709.90 7.33
463.37 710.31 7.33
474.51 711.30 7.33
479.17 712.11 7.33
483.92 712.48 7.33
488.17 712.45 7.33
492.43 712.83 7.33
497.38 713.21 7.33
509.26 714.43 7.33
513.18 715.33 7.33
517.13 716.02 7.33
523.39 714.87 7.33
526.96 715.93 7.33
531.44 716.45 7.33
536.38 717.01 7.33
