0.223367 0.116896 0.019054
0.235809 0.118269 0.019054
0.250535 0.118024 0.019054
0.265614 0.121608 0.019054
0.280110 0.123085 0.019054
0.292220 0.122411 0.019054
0.328609 0.127767 0.019054
0.343534 0.128244 0.019054
0.356566 0.130189 0.019054
0.370561 0.131694 0.019054
0.407003 0.133791 0.019054
0.420124 0.136028 0.019054
0.434634 0.136769 0.019054
0.448783 0.139346 0.019054
0.463484 0.140096 0.019054
0.478376 0.141571 0.019054
0.491697 0.143444 0.019054
0.506747 0.144308 0.019054
0.541882 0.148280 0.019054
0.555921 0.149246 0.019054
0.570374 0.151493 0.019054
0.605491 0.153289 0.019054
0.619759 0.158094 0.019054
0.633176 0.156737 0.019054
0.647311 0.157569 0.019054
0.663260 0.158933 0.019054
0.696450 0.164028 0.019054
0.711159 0.163603 0.019054
0.739504 0.166472 0.019054
0.753746 0.167107 0.019054
0.768474 0.168038 0.019054
0.781667 0.171749 0.019054
0.796503 0.173021 0.019054
0.831994 0.176409 0.019054
0.846868 0.176429 0.019054
0.859121 0.178949 0.019054
0.874213 0.178164 0.019054
0.888763 0.179602 0.019054
0.901473 0.183896 0.019054
0.918314 0.183067 0.019054
0.219430 0.151536 0.019054
0.234425 0.154137 0.019054
0.246108 0.153530 0.019054
0.262692 0.155834 0.019054
0.277034 0.157571 0.019054
0.290619 0.158124 0.019054
0.304689 0.161087 0.019054
0.318505 0.161263 0.019054
0.347115 0.165006 0.019054
0.381805 0.169492 0.019054
0.396902 0.168160 0.019054
0.412409 0.170670 0.019054
0.425833 0.171566 0.019054
0.439187 0.172826 0.019054
0.452381 0.174180 0.019054
0.467879 0.177532 0.019054
0.482185 0.174912 0.019054
0.516748 0.179190 0.019054
0.531135 0.181964 0.019054
0.544026 0.182023 0.019054
0.559804 0.184257 0.019054
0.216062 0.186797 0.019054
0.230057 0.188128 0.019054
0.244847 0.190620 0.019054
0.259741 0.191896 0.019054
0.273025 0.192051 0.019054
0.308093 0.195987 0.019054
0.321924 0.195415 0.019054
0.339050 0.197770 0.019054
0.351784 0.200225 0.019054
0.366419 0.199569 0.019054
0.379781 0.200768 0.019054
0.414240 0.203507 0.019054
0.429199 0.206791 0.019054
0.442944 0.208634 0.019054
0.458026 0.210189 0.019054
0.471659 0.210143 0.019054
0.486600 0.212653 0.019054
0.500889 0.214778 0.019054
0.536857 0.217609 0.019054
0.549491 0.217919 0.019054
0.564376 0.221343 0.019054
0.577850 0.222713 0.019054
0.590397 0.222621 0.019054
0.606331 0.223519 0.019054
0.622599 0.225724 0.019054
0.634248 0.226938 0.019054
0.647038 0.227422 0.019054
0.663852 0.229173 0.019054
0.676226 0.232223 0.019054
0.712635 0.234714 0.019054
0.728187 0.235354 0.019054
0.741004 0.237531 0.019054
0.754630 0.239261 0.019054
0.769738 0.240322 0.019054
0.783025 0.240952 0.019054
0.796219 0.241798 0.019054
0.811066 0.242929 0.019054
0.825980 0.246590 0.019054
0.214592 0.220618 0.019054
0.229270 0.223184 0.019054
0.242583 0.224782 0.019054
0.258090 0.225788 0.019054
0.270492 0.228266 0.019054
0.285761 0.227992 0.019054
0.299012 0.229766 0.019054
0.313610 0.229693 0.019054
0.348600 0.233709 0.019054
0.362550 0.235809 0.019054
0.376733 0.237062 0.019054
0.389806 0.237435 0.019054
0.405052 0.239671 0.019054
0.418834 0.240992 0.019054
0.433461 0.243426 0.019054
0.447511 0.244315 0.019054
0.461254 0.245809 0.019054
0.476204 0.247535 0.019054
0.490683 0.248669 0.019054
0.504137 0.249641 0.019054
0.519403 0.250258 0.019054
0.553654 0.254040 0.019054
0.569301 0.254542 0.019054
0.581564 0.254392 0.019054
0.595844 0.257892 0.019054
0.609849 0.260684 0.019054
0.638286 0.263355 0.019054
0.673497 0.264643 0.019054
0.688876 0.265575 0.019054
0.702817 0.269393 0.019054
0.716953 0.269767 0.019054
0.731190 0.271517 0.019054
0.744004 0.274362 0.019054
0.779615 0.276557 0.019054
0.793714 0.276815 0.019054
0.809470 0.279852 0.019054
0.822122 0.279441 0.019054
0.836210 0.282205 0.019054
0.865830 0.284283 0.019054
0.210701 0.259418 0.019054
0.225553 0.257185 0.019054
0.240841 0.257266 0.019054
0.253495 0.262158 0.019054
0.288262 0.262955 0.019054
0.302580 0.265340 0.019054
0.318375 0.267528 0.019054
0.331933 0.266558 0.019054
0.367139 0.271557 0.019054
0.379138 0.271643 0.019054
0.396178 0.274117 0.019054
0.407800 0.277419 0.019054
0.423356 0.277036 0.019054
0.437954 0.277728 0.019054
0.450896 0.281360 0.019054
0.466703 0.281645 0.019054
0.480623 0.281244 0.019054
0.495391 0.282825 0.019054
0.520634 0.286376 0.019054
0.536078 0.285661 0.019054
0.551103 0.291045 0.019054
0.579035 0.292565 0.019054
0.615618 0.296409 0.019054
0.628923 0.298183 0.019054
0.642311 0.299385 0.019054
0.685591 0.302396 0.019054
0.701201 0.302885 0.019054
0.734950 0.307003 0.019054
0.748816 0.308740 0.019054
0.763189 0.308705 0.019054
0.776368 0.310071 0.019054
0.791599 0.312237 0.019054
0.805703 0.314105 0.019054
0.841516 0.315331 0.019054
0.854301 0.319262 0.019054
0.867596 0.320677 0.019054
0.221869 0.292996 0.019054
0.236247 0.293291 0.019054
0.249612 0.296292 0.019054
0.262400 0.296944 0.019054
0.299241 0.300968 0.019054
0.314304 0.301629 0.019054
0.328247 0.301915 0.019054
0.344097 0.303897 0.019054
0.356248 0.306301 0.019054
0.370289 0.306040 0.019054
0.385049 0.308036 0.019054
0.399255 0.311410 0.019054
0.434799 0.312817 0.019054
0.448633 0.314768 0.019054
0.462476 0.314613 0.019054
0.479800 0.316510 0.019054
0.491401 0.316885 0.019054
0.526949 0.322296 0.019054
0.538992 0.324673 0.019054
0.553689 0.325799 0.019054
0.589839 0.327858 0.019054
0.604359 0.327284 0.019054
0.619580 0.330628 0.019054
0.654152 0.332646 0.019054
0.667248 0.334595 0.019054
0.683044 0.336493 0.019054
0.695852 0.339948 0.019054
0.710853 0.339852 0.019054
0.724437 0.340270 0.019054
0.736837 0.342966 0.019054
0.786562 0.345398 0.019054
0.802482 0.347933 0.019054
0.815372 0.351491 0.019054
0.831110 0.351606 0.019054
0.844344 0.353122 0.019054
0.858858 0.353563 0.019054
0.206314 0.325320 0.019054
0.219511 0.327052 0.019054
0.231806 0.329660 0.019054
0.247413 0.330516 0.019054
0.261088 0.330966 0.019054
0.275025 0.333654 0.019054
0.311372 0.334401 0.019054
0.325880 0.337748 0.019054
0.341229 0.339681 0.019054
0.353299 0.340820 0.019054
0.366725 0.340414 0.019054
0.382525 0.340797 0.019054
0.396254 0.343213 0.019054
0.410536 0.344538 0.019054
0.424889 0.346975 0.019054
0.439916 0.348416 0.019054
0.452150 0.349356 0.019054
0.465735 0.351293 0.019054
0.501721 0.355327 0.019054
0.516990 0.355848 0.019054
0.530181 0.359456 0.019054
0.544058 0.358761 0.019054
0.558150 0.361546 0.019054
0.573969 0.360718 0.019054
0.587711 0.362942 0.019054
0.600903 0.364695 0.019054
0.638458 0.366736 0.019054
0.650384 0.367825 0.019054
0.665518 0.368902 0.019054
0.679017 0.369462 0.019054
0.693679 0.372459 0.019054
0.720495 0.376292 0.019054
0.735125 0.378476 0.019054
0.750789 0.377494 0.019054
0.763320 0.380248 0.019054
0.799456 0.381499 0.019054
0.812755 0.384752 0.019054
0.827750 0.385969 0.019054
0.843059 0.386241 0.019054
0.855959 0.388804 0.019054
0.869592 0.391311 0.019054
0.885282 0.391736 0.019054
0.200566 0.359419 0.019054
0.216802 0.361934 0.019054
0.227940 0.364179 0.019054
0.244794 0.363836 0.019054
0.259704 0.365412 0.019054
0.294778 0.368748 0.019054
0.308598 0.370569 0.019054
0.322887 0.372280 0.019054
0.333837 0.373397 0.019054
0.351293 0.375340 0.019054
0.379304 0.378039 0.019054
0.394119 0.379400 0.019054
0.406763 0.377942 0.019054
0.199962 0.395012 0.019054
0.213508 0.397795 0.019054
0.229093 0.398882 0.019054
0.241659 0.399334 0.019054
0.256277 0.400688 0.019054
0.292968 0.403941 0.019054
0.304754 0.404958 0.019054
0.321172 0.404381 0.019054
0.332492 0.410779 0.019054
0.348384 0.408644 0.019054
0.383909 0.412468 0.019054
0.396521 0.412671 0.019054
0.410128 0.414813 0.019054
0.424529 0.417362 0.019054
0.438945 0.415448 0.019054
0.475316 0.421745 0.019054
0.488372 0.424182 0.019054
0.503870 0.424303 0.019054
0.517742 0.425992 0.019054
0.530976 0.427419 0.019054
0.545433 0.427845 0.019054
0.558642 0.429682 0.019054
0.574782 0.430921 0.019054
0.590554 0.433957 0.019054
0.603626 0.435134 0.019054
0.638046 0.438964 0.019054
0.652337 0.439846 0.019054
0.665463 0.439303 0.019054
0.681803 0.442027 0.019054
0.694014 0.442516 0.019054
0.708151 0.443799 0.019054
0.745022 0.448048 0.019054
0.758960 0.448919 0.019054
0.770720 0.450781 0.019054
0.787119 0.452660 0.019054
0.801076 0.453125 0.019054
0.814057 0.455241 0.019054
0.829404 0.455660 0.019054
0.844195 0.456782 0.019054
0.856628 0.460394 0.019054
0.872243 0.459995 0.019054
0.885834 0.461800 0.019054
0.195394 0.430845 0.019054
0.211051 0.431452 0.019054
0.238539 0.434080 0.019054
0.252590 0.435754 0.019054
0.267707 0.435797 0.019054
0.280288 0.436517 0.019054
0.315966 0.441810 0.019054
0.346114 0.445706 0.019054
0.359339 0.444885 0.019054
0.374153 0.445830 0.019054
0.388651 0.448856 0.019054
0.399045 0.449343 0.019054
0.416146 0.451095 0.019054
0.451113 0.453213 0.019054
0.463897 0.455949 0.019054
0.480957 0.458141 0.019054
0.492095 0.455687 0.019054
0.508202 0.460128 0.019054
0.522785 0.460787 0.019054
0.536089 0.463725 0.019054
0.549633 0.463817 0.019054
0.587200 0.467277 0.019054
0.599032 0.468937 0.019054
0.613780 0.470055 0.019054
0.627829 0.471745 0.019054
0.642343 0.470931 0.019054
0.657843 0.474543 0.019054
0.692834 0.476258 0.019054
0.704666 0.477347 0.019054
0.718931 0.479812 0.019054
0.732606 0.481208 0.019054
0.746425 0.482273 0.019054
0.763339 0.485267 0.019054
0.789323 0.486303 0.019054
0.804648 0.489705 0.019054
0.193702 0.464058 0.019054
0.207481 0.465362 0.019054
0.221010 0.469591 0.019054
0.235819 0.467826 0.019054
0.250061 0.469045 0.019054
0.262955 0.470589 0.019054
0.277622 0.473899 0.019054
0.292724 0.474963 0.019054
0.305464 0.475176 0.019054
0.320851 0.476580 0.019054
0.356560 0.479229 0.019054
0.369175 0.481054 0.019054
0.383489 0.483149 0.019054
0.398847 0.485921 0.019054
0.412865 0.485649 0.019054
0.424837 0.487300 0.019054
0.462067 0.490089 0.019054
0.476661 0.492583 0.019054
0.489324 0.494610 0.019054
0.504781 0.493305 0.019054
0.518633 0.496567 0.019054
0.568925 0.500288 0.019054
0.583897 0.503120 0.019054
0.596255 0.503162 0.019054
0.611065 0.503634 0.019054
0.625556 0.505721 0.019054
0.639379 0.507471 0.019054
0.652984 0.508560 0.019054
0.667013 0.512448 0.019054
0.189803 0.498963 0.019054
0.204486 0.500612 0.019054
0.217528 0.501946 0.019054
0.232965 0.503586 0.019054
0.245455 0.505910 0.019054
0.258540 0.505801 0.019054
0.298154 0.508681 0.019054
0.310834 0.511656 0.019054
0.324930 0.512172 0.019054
0.339664 0.512577 0.019054
0.352937 0.514813 0.019054
0.366462 0.517070 0.019054
0.382248 0.517857 0.019054
0.416979 0.520021 0.019054
0.429281 0.523138 0.019054
0.444192 0.524462 0.019054
0.459902 0.524476 0.019054
0.471853 0.528449 0.019054
0.487755 0.527983 0.019054
0.523681 0.530052 0.019054
0.537915 0.534017 0.019054
0.552220 0.534565 0.019054
0.566276 0.534566 0.019054
0.580103 0.536572 0.019054
0.592170 0.537401 0.019054
0.607781 0.539197 0.019054
0.622346 0.539663 0.019054
0.634001 0.543833 0.019054
0.664236 0.546418 0.019054
0.699049 0.548837 0.019054
0.713865 0.549978 0.019054
0.748238 0.554329 0.019054
0.762539 0.554735 0.019054
0.186942 0.535057 0.019054
0.202598 0.534957 0.019054
0.214965 0.535712 0.019054
0.264277 0.540875 0.019054
0.278278 0.544743 0.019054
0.294291 0.544624 0.019054
0.307600 0.545259 0.019054
0.322481 0.547115 0.019054
0.357772 0.550699 0.019054
0.370504 0.552746 0.019054
0.385613 0.552220 0.019054
0.399210 0.554816 0.019054
0.413073 0.557653 0.019054
0.428121 0.559003 0.019054
0.442186 0.559127 0.019054
0.477411 0.559709 0.019054
0.490972 0.564797 0.019054
0.504133 0.565145 0.019054
0.521280 0.565967 0.019054
0.534061 0.566682 0.019054
0.549569 0.569349 0.019054
0.562191 0.571944 0.019054
0.577076 0.571250 0.019054
0.589947 0.573805 0.019054
0.624349 0.575605 0.019054
0.640830 0.580385 0.019054
0.654913 0.579523 0.019054
0.668101 0.579971 0.019054
0.684421 0.582283 0.019054
0.698495 0.585157 0.019054
0.709366 0.584238 0.019054
0.184455 0.569753 0.019054
0.199549 0.571563 0.019054
0.212674 0.570814 0.019054
0.226149 0.573027 0.019054
0.241086 0.574224 0.019054
0.254234 0.574815 0.019054
0.290897 0.578813 0.019054
0.303713 0.581879 0.019054
0.319406 0.582827 0.019054
0.333807 0.581752 0.019054
0.348150 0.585405 0.019054
0.361997 0.586739 0.019054
0.375344 0.587395 0.019054
0.389785 0.588756 0.019054
0.404490 0.588958 0.019054
0.438324 0.593568 0.019054
0.453937 0.594587 0.019054
0.467912 0.597393 0.019054
0.482359 0.598137 0.019054
0.498394 0.600561 0.019054
0.529613 0.602799 0.019054
0.545511 0.604971 0.019054
0.559672 0.605984 0.019054
0.572551 0.606620 0.019054
0.586392 0.606142 0.019054
0.602454 0.608890 0.019054
0.616574 0.612036 0.019054
0.629434 0.612783 0.019054
0.643749 0.611836 0.019054
0.680361 0.617427 0.019054
0.694143 0.617569 0.019054
0.707119 0.620615 0.019054
0.723578 0.621778 0.019054
0.735356 0.622781 0.019054
0.752503 0.624212 0.019054
0.181107 0.604980 0.019054
0.195943 0.606660 0.019054
0.207776 0.606774 0.019054
0.224424 0.606680 0.019054
0.237314 0.608583 0.019054
0.251872 0.612351 0.019054
0.268014 0.611575 0.019054
0.302594 0.614682 0.019054
0.316314 0.617876 0.019054
0.330018 0.619430 0.019054
0.344133 0.619904 0.019054
0.358408 0.619161 0.019054
0.392988 0.624717 0.019054
0.408626 0.625154 0.019054
0.421749 0.628044 0.019054
0.434250 0.628367 0.019054
0.449758 0.629793 0.019054
0.487137 0.633539 0.019054
0.501201 0.635611 0.019054
0.514101 0.636078 0.019054
0.527410 0.637500 0.019054
0.542931 0.638915 0.019054
0.556018 0.639952 0.019054
0.590565 0.643279 0.019054
0.605006 0.644672 0.019054
0.621522 0.645163 0.019054
0.632743 0.646816 0.019054
0.648483 0.649724 0.019054
0.662726 0.651631 0.019054
0.696801 0.654284 0.019054
0.712557 0.656555 0.019054
0.725566 0.657468 0.019054
0.741625 0.656561 0.019054
0.754896 0.660333 0.019054
0.768447 0.659567 0.019054
0.783675 0.661050 0.019054
0.796730 0.663421 0.019054
0.811731 0.664310 0.019054
0.178332 0.637483 0.019054
0.193038 0.640126 0.019054
0.207633 0.640911 0.019054
0.219258 0.642679 0.019054
0.256585 0.646165 0.019054
0.269286 0.647413 0.019054
0.283467 0.649383 0.019054
0.299133 0.651845 0.019054
0.312943 0.652651 0.019054
0.326612 0.652631 0.019054
0.341447 0.654152 0.019054
0.355473 0.654863 0.019054
0.368458 0.657741 0.019054
0.384325 0.657724 0.019054
0.398248 0.659503 0.019054
0.432953 0.661114 0.019054
0.447000 0.664204 0.019054
0.474863 0.667982 0.019054
0.490311 0.668176 0.019054
0.503495 0.668057 0.019054
0.516993 0.670780 0.019054
0.551963 0.674277 0.019054
0.567113 0.675949 0.019054
0.581549 0.679094 0.019054
0.596558 0.678236 0.019054
0.610459 0.681137 0.019054
0.623267 0.682575 0.019054
0.638182 0.681855 0.019054
0.672901 0.687144 0.019054
0.687695 0.688149 0.019054
0.737668 0.691859 0.019054
0.752093 0.694064 0.019054
0.766144 0.694967 0.019054
0.779576 0.697028 0.019054
0.794077 0.698745 0.019054
0.807642 0.698299 0.019054
0.823454 0.703494 0.019054
0.836865 0.701142 0.019054
0.849777 0.704144 0.019054
0.865962 0.704061 0.019054
0.878690 0.706639 0.019054
0.175956 0.673417 0.019054
0.188500 0.674871 0.019054
0.203622 0.677164 0.019054
0.218014 0.678102 0.019054
0.232155 0.678848 0.019054
0.266672 0.681711 0.019054
0.282624 0.684644 0.019054
0.295202 0.685020 0.019054
0.309601 0.686544 0.019054
0.324065 0.690337 0.019054
0.338118 0.689904 0.019054
0.350686 0.690021 0.019054
0.367376 0.692483 0.019054
0.376480 0.693623 0.019054
0.396494 0.693004 0.019054
0.410354 0.693601 0.019054
0.423762 0.697540 0.019054
0.473932 0.703479 0.019054
0.484957 0.702015 0.019054
0.500138 0.703407 0.019054
0.514926 0.706737 0.019054
0.527729 0.708341 0.019054
0.564629 0.712123 0.019054
0.578497 0.712809 0.019054
0.592648 0.713254 0.019054
0.607428 0.714771 0.019054
0.621411 0.716680 0.019054
0.634976 0.717651 0.019054
0.649054 0.717751 0.019054
0.663852 0.720977 0.019054
0.678485 0.721662 0.019054
0.712115 0.727153 0.019054
0.726925 0.726595 0.019054
0.742603 0.728998 0.019054
0.757473 0.730043 0.019054
0.769372 0.730370 0.019054
0.782201 0.731929 0.019054
0.798959 0.734388 0.019054
0.173139 0.708846 0.019054
0.186475 0.710446 0.019054
0.200312 0.714062 0.019054
0.214829 0.712610 0.019054
0.248394 0.716101 0.019054
0.264983 0.715567 0.019054
0.279352 0.719393 0.019054
0.293518 0.720588 0.019054
0.307249 0.721855 0.019054
0.333730 0.723212 0.019054
0.349018 0.725765 0.019054
0.385115 0.725622 0.019054
0.400814 0.730943 0.019054
0.412166 0.733342 0.019054
0.426688 0.733028 0.019054
0.440592 0.735826 0.019054
0.455210 0.735802 0.019054
0.490745 0.740347 0.019054
0.504339 0.740141 0.019054
0.517727 0.740569 0.019054
0.532700 0.743095 0.019054
0.548851 0.745223 0.019054
0.560709 0.745160 0.019054
0.596609 0.749522 0.019054
0.610275 0.751040 0.019054
0.624848 0.750722 0.019054
0.639845 0.754575 0.019054
0.653214 0.754437 0.019054
0.666767 0.755964 0.019054
0.681348 0.756550 0.019054
0.731669 0.762708 0.019054
0.759759 0.764901 0.019054
0.772032 0.766768 0.019054
0.809153 0.767977 0.019054
0.824193 0.770587 0.019054
0.837540 0.771249 0.019054
0.851110 0.773658 0.019054
0.865712 0.775796 0.019054
0.881142 0.777530 0.019054
0.894811 0.779533 0.019054
0.184562 0.745009 0.019054
0.199358 0.746168 0.019054
0.213896 0.747573 0.019054
0.225998 0.747349 0.019054
0.241062 0.749549 0.019054
0.253497 0.752457 0.019054
0.269278 0.753840 0.019054
0.304319 0.757776 0.019054
0.319561 0.758752 0.019054
0.332064 0.758618 0.019054
0.346556 0.761828 0.019054
0.360681 0.762026 0.019054
0.374556 0.762619 0.019054
0.388480 0.764408 0.019054
0.404346 0.765583 0.019054
0.438699 0.768986 0.019054
0.452773 0.770793 0.019054
0.466520 0.771954 0.019054
0.481061 0.772946 0.019054
0.530280 0.778491 0.019054
0.543723 0.779051 0.019054
0.558587 0.779205 0.019054
0.571682 0.780914 0.019054
0.587446 0.783745 0.019054
0.601633 0.783122 0.019054
0.636996 0.791369 0.019054
0.648382 0.790066 0.019054
0.662973 0.791219 0.019054
0.678583 0.792444 0.019054
0.692053 0.794368 0.019054
0.705688 0.796127 0.019054
0.742452 0.799953 0.019054
0.756999 0.800068 0.019054
0.770601 0.801166 0.019054
0.786095 0.802715 0.019054
0.798774 0.803397 0.019054
0.812854 0.803957 0.019054
0.826595 0.808060 0.019054
0.165527 0.776392 0.019054
0.180493 0.780788 0.019054
0.194872 0.779312 0.019054
0.208937 0.781943 0.019054
0.223608 0.783993 0.019054
0.234322 0.784969 0.019054
0.250409 0.784643 0.019054
0.286687 0.788679 0.019054
0.299767 0.791755 0.019054
0.313442 0.793114 0.019054
0.365674 0.797517 0.019054
0.378352 0.797761 0.019054
0.392408 0.800249 0.019054
0.406093 0.801776 0.019054
0.422944 0.802621 0.019054
0.434090 0.802471 0.019054
0.450036 0.805241 0.019054
0.464318 0.806169 0.019054
0.478399 0.807889 0.019054
0.491174 0.808891 0.019054
0.504717 0.812487 0.019054
0.163799 0.813389 0.019054
0.176482 0.813006 0.019054
0.190727 0.814030 0.019054
0.206429 0.817099 0.019054
0.220177 0.815670 0.019054
0.235960 0.818821 0.019054
0.270069 0.823654 0.019054
0.285262 0.823786 0.019054
0.298039 0.824443 0.019054
0.311634 0.826494 0.019054
0.326377 0.829389 0.019054
0.341153 0.829038 0.019054
0.355248 0.831164 0.019054
0.403684 0.836028 0.019054
0.417378 0.837632 0.019054
0.459947 0.843238 0.019054
0.475473 0.843731 0.019054
0.488594 0.843822 0.019054
0.525108 0.846219 0.019054
0.539004 0.848949 0.019054
0.551720 0.848203 0.019054
0.566410 0.853002 0.019054
0.582273 0.853491 0.019054
0.596716 0.854505 0.019054
0.610000 0.855399 0.019054
0.644167 0.860820 0.019054
0.660655 0.859138 0.019054
0.672567 0.860889 0.019054
0.687814 0.863626 0.019054
0.700531 0.864651 0.019054
0.714701 0.867495 0.019054
0.729848 0.868056 0.019054
0.741186 0.868447 0.019054
0.419230 0.182813 0.006553
0.423978 0.182918 0.006553
0.429317 0.183461 0.006553
0.434772 0.184217 0.006553
0.439365 0.184523 0.006553
0.445154 0.184764 0.006553
0.449795 0.185423 0.006553
0.454845 0.185438 0.006553
0.460347 0.186252 0.006553
0.472816 0.187617 0.006553
0.477663 0.187963 0.006553
0.483018 0.188470 0.006553
0.488259 0.189101 0.006553
0.492851 0.189898 0.006553
0.497955 0.190044 0.006553
0.502978 0.190921 0.006553
0.516256 0.191859 0.006553
0.520700 0.192284 0.006553
0.525465 0.192460 0.006553
0.530719 0.193682 0.006553
0.544039 0.195009 0.006553
0.548421 0.194857 0.006553
0.415908 0.217536 0.007194
0.422779 0.218017 0.007194
0.428399 0.218723 0.007194
0.433863 0.219310 0.007194
0.441701 0.219830 0.007194
0.446671 0.220623 0.007194
0.453345 0.221352 0.007194
0.467802 0.222934 0.007194
0.474170 0.222811 0.007194
0.479874 0.222888 0.007194
0.485862 0.224183 0.007194
0.492722 0.224603 0.007194
0.499011 0.225155 0.007194
0.504496 0.225554 0.007194
0.510899 0.227320 0.007194
0.516129 0.226943 0.007194
0.413810 0.252397 0.007447
0.420108 0.252277 0.007447
0.426457 0.252871 0.007447
0.433967 0.253774 0.007447
0.441055 0.254980 0.007447
0.458087 0.256748 0.007447
0.464407 0.257466 0.007447
0.471327 0.258038 0.007447
0.477810 0.259296 0.007447
0.494900 0.260576 0.007447
0.502708 0.260831 0.007447
0.508909 0.261332 0.007447
0.515531 0.262807 0.007447
0.522212 0.262461 0.007447
0.539828 0.264637 0.007447
0.546417 0.265007 0.007447
0.552915 0.266053 0.007447
0.559652 0.266624 0.007447
0.567582 0.267754 0.007447
0.573221 0.267543 0.007447
0.580706 0.268441 0.007447
0.597240 0.270335 0.007447
0.604858 0.270444 0.007447
0.611328 0.270911 0.007447
0.618011 0.272386 0.007447
0.624784 0.272635 0.007447
0.631380 0.273123 0.007447
0.649129 0.274082 0.007447
0.655719 0.275700 0.007447
0.662961 0.276779 0.007447
0.668863 0.277453 0.007447
0.676062 0.277346 0.007447
0.683027 0.278282 0.007447
0.690305 0.279188 0.007447
0.696647 0.280011 0.007447
0.703788 0.280657 0.007447
0.710734 0.281263 0.007447
0.717102 0.282115 0.007447
0.407504 0.321127 0.008690
0.413861 0.322467 0.008690
0.429505 0.323727 0.008690
0.435191 0.324038 0.008690
0.440909 0.323760 0.008690
0.447059 0.325093 0.008690
0.452733 0.325425 0.008690
0.459637 0.326235 0.008690
0.465631 0.326760 0.008690
0.480482 0.328326 0.008690
0.494466 0.330242 0.008690
0.500248 0.331477 0.008690
0.506223 0.330903 0.008690
0.512496 0.331195 0.008690
0.518305 0.331718 0.008690
0.524582 0.332322 0.008690
0.530258 0.333336 0.008690
0.536728 0.332940 0.008690
0.542320 0.333821 0.008690
0.389402 0.529145 0.007546
0.395993 0.530630 0.007546
0.402492 0.530837 0.007546
0.408412 0.531562 0.007546
0.415435 0.531178 0.007546
0.420727 0.532766 0.007546
0.427010 0.533273 0.007546
0.443129 0.534926 0.007546
0.448876 0.535659 0.007546
0.455627 0.536615 0.007546
0.462320 0.537227 0.007546
0.468122 0.537204 0.007546
0.374893 0.704175 0.007333
0.378580 0.704670 0.007333
0.383032 0.704816 0.007333
0.387755 0.705969 0.007333
0.391519 0.706244 0.007333
0.395996 0.706705 0.007333
0.399781 0.706752 0.007333
0.404497 0.707491 0.007333
0.415308 0.708295 0.007333
0.419975 0.708541 0.007333
0.423860 0.708732 0.007333
0.428647 0.709741 0.007333
0.432228 0.709900 0.007333
0.436949 0.710306 0.007333
0.447456 0.711296 0.007333
0.451851 0.712114 0.007333
0.456327 0.712475 0.007333
0.460335 0.712450 0.007333
0.464356 0.712829 0.007333
0.469026 0.713210 0.007333
0.480224 0.714433 0.007333
0.483927 0.715334 0.007333
0.487647 0.716023 0.007333
0.493556 0.714874 0.007333
0.496915 0.715930 0.007333
0.501146 0.716450 0.007333
0.505804 0.717013 0.007333
