1499.06 846.48 12
1519.04 848.68 12
1538.72 853.26 13
1555.93 853.46 13
1577.73 855.19 12
1595.14 857.35 13
1614.25 861.11 12
1635.80 862.17 12
1653.42 865.97 12
1673.73 866.49 12
1693.60 869.81 13
1712.57 871.09 12
1730.16 874.70 12
1749.90 877.17 12
1769.21 878.95 12
1789.49 880.84 12
1808.75 882.87 12
1828.76 885.55 12
1847.55 887.03 12
1867.24 889.72 12
1885.36 893.30 12
1904.62 894.36 12
1922.71 896.86 13
1942.79 900.24 13
1961.12 901.69 13
1981.28 903.88 13
1994.30 909.43 12
2020.90 908.91 13
2040.03 911.13 13
2059.18 913.28 13
2078.06 916.38 12
2097.73 918.90 12
2118.27 918.55 12
2135.38 923.58 13
2155.12 925.12 13
2174.21 926.61 13
2194.01 929.81 12
2216.28 930.82 13
2234.77 934.26 13
2254.15 937.20 13
2270.34 938.07 12
2289.64 938.95 13
2311.07 943.22 12
2328.60 945.07 12
2366.69 950.41 13
2388.38 953.74 13
956.69 351.10 23
939.51 369.91 23
922.15 387.32 23
906.02 412.93 23
890.92 433.81 23
874.09 455.36 23
860.66 480.14 22
845.18 503.26 22
831.23 525.22 22
818.59 552.18 23
804.19 574.43 22
788.45 596.96 22
774.75 620.84 23
763.02 646.43 22
749.35 672.45 23
735.91 695.66 23
722.38 718.89 23
708.73 743.75 23
697.30 766.66 23
681.23 793.69 22
668.89 817.29 22
654.85 838.78 23
639.83 862.19 23
624.27 883.27 22
609.65 907.98 22
593.17 929.30 22
576.27 953.00 22
560.78 973.83 23
542.95 995.81 23
524.95 1012.97 22
508.67 1034.92 23
489.48 1055.22 23
469.40 1073.30 23
448.31 1092.48 23
428.95 1111.56 23
409.97 1129.25 23
389.16 1147.40 22
366.59 1165.27 22
346.03 1182.78 22
322.42 1198.79 23
301.17 1212.97 23
280.36 1236.42 23
259.90 1249.51 23
237.71 1266.71 22
216.03 1282.80 23
192.37 1300.71 23
168.67 1316.62 22
146.37 1333.12 22
126.19 1351.45 22
983.09 383.32 23
966.94 405.17 22
950.42 426.95 23
933.37 445.61 23
917.29 471.24 23
902.48 493.61 22
887.10 513.39 22
872.58 537.14 23
859.37 562.73 22
844.87 587.88 23
830.72 609.48 23
816.69 635.07 22
804.93 661.88 23
790.39 682.41 22
777.69 709.07 22
763.94 732.73 22
749.95 756.10 23
736.89 779.36 22
722.50 804.33 22
707.54 829.24 23
697.62 853.71 22
683.56 874.02 23
666.87 897.16 23
652.33 919.83 22
637.43 941.91 22
620.05 963.93 23
604.41 987.16 23
589.71 1009.01 22
570.74 1029.67 23
554.11 1050.23 23
533.04 1071.36 22
516.62 1090.16 22
498.34 1107.36 22
479.28 1127.73 22
460.20 1145.75 22
437.47 1166.28 23
414.39 1182.13 23
394.27 1200.08 22
374.12 1217.46 22
352.15 1234.80 22
331.62 1251.08 22
307.57 1267.35 23
1012.58 419.65 22
994.38 442.86 22
978.32 462.14 23
964.10 483.53 22
946.21 507.03 22
929.05 528.79 23
915.17 551.45 22
902.16 575.15 23
886.22 598.93 23
875.05 620.19 23
858.42 644.57 22
846.01 665.57 22
833.21 691.12 22
820.35 715.41 22
804.95 739.36 22
791.76 767.83 23
778.72 792.58 22
765.70 814.64 23
752.71 838.20 22
737.46 863.22 23
725.33 887.58 22
711.42 910.67 22
695.33 935.86 22
679.19 957.26 23
663.33 979.02 22
647.64 1001.59 22
632.08 1026.52 23
617.53 1042.12 23
597.72 1065.17 23
581.28 1085.84 23
562.54 1109.09 23
544.88 1127.53 22
525.76 1146.26 23
505.72 1165.84 22
487.64 1183.49 23
465.19 1197.53 23
443.08 1219.57 23
424.16 1234.65 22
403.23 1254.03 23
384.61 1269.59 22
359.17 1287.21 22
335.66 1304.02 22
314.55 1319.69 22
292.34 1337.04 22
268.34 1353.71 23
247.89 1370.74 23
223.20 1386.23 23
1041.96 454.41 23
1023.87 476.00 22
1008.88 497.51 22
989.28 517.36 23
975.70 541.63 22
960.29 562.00 22
946.82 585.36 23
929.81 611.56 22
915.72 632.09 23
901.73 655.18 22
887.81 680.33 23
859.06 728.25 23
847.54 751.37 23
832.38 776.35 22
822.59 803.06 23
805.91 826.33 22
796.06 850.91 22
781.54 871.21 22
767.22 896.15 23
751.73 923.42 22
737.79 946.80 23
725.01 967.17 23
709.06 990.87 22
693.51 1015.52 23
679.25 1037.10 22
661.64 1056.95 23
645.55 1081.04 23
626.98 1099.78 22
609.72 1121.95 22
593.13 1140.91 22
573.43 1163.74 22
555.03 1180.22 23
533.78 1199.68 23
513.90 1221.10 23
472.22 1252.95 23
456.02 1270.12 22
429.79 1291.04 22
410.98 1304.13 23
388.04 1320.26 23
1069.83 488.22 22
1052.74 511.50 23
1036.03 528.04 23
1020.76 554.76 23
1003.63 574.22 23
989.72 595.96 22
973.24 619.26 22
958.81 645.78 22
945.35 666.18 23
930.04 689.09 22
918.96 715.13 22
904.37 737.39 23
889.84 760.55 23
874.83 787.51 22
849.24 834.10 22
835.81 857.81 23
824.82 884.03 22
810.97 910.36 22
796.36 933.55 23
782.68 957.68 23
768.41 980.63 22
753.26 1003.88 23
737.00 1025.53 22
723.88 1049.17 23
707.90 1070.92 23
689.40 1093.63 23
673.59 1116.61 23
658.52 1136.33 23
639.08 1154.80 22
623.46 1174.64 23
602.91 1192.34 23
586.72 1214.18 23
564.90 1232.88 23
543.20 1251.04 23
523.19 1268.67 22
502.08 1286.27 22
479.61 1304.01 22
459.08 1321.56 22
440.35 1337.37 23
415.26 1358.32 23
393.99 1373.30 23
372.83 1389.36 22
349.35 1405.14 23
328.88 1422.12 23
306.65 1438.52 22
283.55 1455.71 22
262.14 1473.89 22
240.18 1490.66 23
218.43 1506.83 23
1100.60 523.30 23
1083.17 543.91 23
1067.81 561.76 22
1051.42 585.23 22
1035.18 606.26 22
1019.62 629.24 23
1005.46 654.28 22
989.99 674.82 23
972.82 699.05 23
961.67 723.17 23
949.06 748.17 23
934.20 771.71 23
918.84 795.61 22
906.69 817.33 23
894.10 844.56 22
882.34 867.75 23
868.33 893.76 22
853.53 918.00 22
841.47 939.91 22
825.77 965.97 23
813.46 988.90 22
799.27 1012.47 23
782.64 1034.80 23
769.37 1055.58 23
753.33 1082.03 23
738.11 1103.70 22
724.44 1125.31 22
704.54 1148.65 22
686.80 1166.32 22
670.75 1188.84 22
652.33 1207.32 23
631.82 1226.50 22
613.44 1245.30 22
596.83 1268.50 22
574.25 1284.71 23
553.55 1303.22 22
534.84 1320.52 23
512.42 1337.66 22
492.95 1353.49 22
469.68 1372.47 23
449.12 1389.34 22
421.93 1407.92 23
403.61 1424.51 23
379.61 1440.92 23
359.60 1456.93 23
334.78 1473.34 23
312.06 1489.31 23
289.46 1506.19 22
1131.81 553.76 23
1115.47 571.72 23
1098.56 592.97 23
1082.12 615.39 22
1065.25 636.71 23
1050.89 662.73 23
1034.35 687.75 23
1021.99 710.42 23
1006.56 731.09 23
993.20 750.61 23
978.99 776.77 23
963.01 801.50 23
950.80 826.08 23
939.38 855.08 22
925.46 875.68 23
913.99 902.23 22
898.55 927.00 22
885.43 949.99 22
872.90 972.67 22
861.41 993.50 23
842.00 1020.68 23
832.27 1043.40 22
813.93 1068.62 23
804.03 1088.63 23
785.06 1114.06 23
769.38 1135.27 22
753.23 1157.63 22
735.02 1182.63 22
717.52 1202.29 23
700.85 1220.18 23
683.94 1240.88 23
666.03 1260.37 22
645.21 1276.51 23
627.79 1292.91 22
604.99 1317.95 23
586.21 1336.32 23
564.04 1350.28 23
544.84 1370.00 22
523.08 1387.03 22
500.17 1404.80 22
479.09 1419.70 23
455.98 1440.88 22
434.38 1452.41 23
413.21 1470.32 23
387.96 1488.51 23
369.35 1504.65 22
346.52 1521.78 22
325.52 1539.36 23
300.14 1554.22 22
1166.50 581.24 23
1147.12 602.94 22
1132.44 626.09 23
1114.50 645.82 22
1098.47 669.34 22
1084.21 692.88 23
1067.76 717.48 22
1055.86 736.93 22
1040.00 762.29 23
1025.11 782.41 22
1011.17 808.81 22
1001.29 833.05 22
984.51 858.11 22
971.02 879.95 22
944.86 927.47 22
930.69 955.74 23
920.82 980.09 23
905.45 1004.33 23
890.68 1027.03 22
877.43 1050.64 22
863.18 1074.26 23
847.55 1099.00 22
832.88 1121.13 22
817.56 1140.37 22
804.42 1165.55 23
788.06 1187.74 23
770.37 1208.78 23
751.59 1232.06 23
736.98 1249.72 23
718.42 1269.16 22
699.31 1290.49 22
675.76 1310.32 23
641.24 1346.16 23
620.20 1363.12 23
603.74 1377.80 22
576.98 1401.06 22
555.47 1415.50 22
532.39 1436.15 22
511.17 1452.95 23
488.18 1469.33 23
469.26 1484.33 23
445.20 1501.42 22
422.29 1518.35 23
401.99 1533.51 22
377.18 1553.86 22
355.05 1563.33 23
330.66 1586.66 22
314.68 1603.08 22
1181.56 630.27 23
1166.61 653.49 23
1149.02 675.10 22
1134.46 698.06 23
1119.89 721.69 22
1103.44 743.12 23
1089.25 764.69 23
1074.12 787.93 23
1059.22 814.95 22
1048.81 837.70 22
1031.66 861.23 23
1020.33 882.31 22
1005.45 910.48 22
991.75 935.86 22
979.13 960.73 23
966.87 983.82 23
952.84 1005.85 23
940.30 1032.01 23
925.93 1054.17 23
911.74 1078.03 23
899.67 1103.37 22
881.98 1124.85 23
869.62 1148.62 23
852.96 1174.90 22
837.85 1193.34 22
821.38 1213.51 22
803.38 1235.69 22
787.94 1257.00 22
769.68 1277.95 22
752.80 1297.82 23
731.54 1316.67 23
714.85 1338.12 22
691.61 1357.26 23
673.82 1373.85 23
651.33 1395.18 22
631.48 1411.54 22
612.25 1427.45 22
590.20 1444.20 23
567.91 1463.19 23
544.83 1478.90 23
523.86 1495.78 23
500.26 1511.86 23
477.72 1530.00 23
457.48 1546.06 23
431.71 1563.41 22
1234.95 637.03 23
1218.61 659.05 23
1199.64 679.97 23
1184.39 700.36 22
1170.68 720.89 22
1155.12 745.09 23
1137.77 769.19 23
1124.04 790.14 22
1109.69 816.57 22
1096.60 841.08 22
1080.74 866.23 23
1070.76 888.58 23
1056.81 911.37 23
1041.69 940.40 23
1029.44 960.44 23
1017.12 985.67 22
1002.49 1007.51 22
988.99 1033.28 22
977.35 1056.25 23
961.74 1081.22 23
947.47 1107.10 23
935.14 1130.17 22
916.04 1154.04 23
903.76 1176.62 22
886.40 1198.68 22
871.90 1220.78 23
856.55 1240.14 22
839.36 1263.00 22
805.40 1308.00 22
786.04 1323.91 23
767.49 1345.43 23
748.67 1365.24 22
730.16 1382.99 22
711.16 1402.41 22
685.94 1422.58 23
671.63 1436.44 23
647.14 1454.62 23
624.63 1471.77 23
604.34 1486.27 22
579.51 1504.68 22
557.93 1522.54 22
536.28 1539.13 22
511.07 1559.64 23
1274.01 663.83 23
1253.59 685.29 22
1238.44 704.48 22
1220.12 726.59 22
1207.44 749.72 22
1192.14 772.45 23
1174.62 795.75 23
1161.97 818.57 23
1145.65 841.33 23
1134.79 865.51 22
1120.84 888.50 22
1103.58 911.86 22
1079.16 963.38 22
1064.39 986.34 22
1051.32 1010.77 22
1039.80 1036.60 23
1026.87 1059.46 23
1011.51 1085.95 22
995.83 1108.44 22
983.39 1130.44 22
971.58 1154.69 22
955.28 1179.19 23
940.48 1199.46 23
922.87 1223.51 22
911.80 1246.13 22
895.30 1267.83 22
877.15 1289.12 22
860.09 1312.42 22
842.94 1329.28 22
822.34 1351.19 22
804.55 1370.67 23
785.58 1389.14 22
767.44 1406.23 23
746.40 1425.00 23
724.40 1444.63 23
705.58 1463.43 23
680.47 1480.29 22
660.10 1498.18 22
639.44 1514.98 23
617.66 1530.29 23
594.98 1546.64 23
572.55 1566.80 22
553.86 1582.11 23
1312.22 686.85 23
1295.26 710.17 22
1275.28 729.08 23
1261.17 752.72 22
1245.99 774.85 23
1227.05 796.51 23
1212.89 818.31 22
1199.35 843.93 22
1184.22 866.51 22
1169.73 891.02 22
1165.58 912.25 23
1129.71 961.47 22
1118.63 983.59 23
1104.32 1012.53 23
1092.94 1034.03 23
1075.27 1058.65 22
1063.36 1083.04 23
1051.18 1108.40 23
1035.22 1131.98 22
1020.81 1154.55 23
1007.57 1178.24 22
993.96 1203.32 22
977.87 1226.90 22
961.36 1248.71 22
944.18 1270.85 23
932.49 1291.74 22
916.48 1312.13 23
899.76 1333.85 22
878.82 1354.37 23
863.95 1373.93 23
843.35 1392.85 22
824.39 1415.37 23
802.46 1434.35 22
782.28 1449.65 22
761.03 1467.96 23
741.31 1488.12 22
720.06 1505.96 22
701.66 1522.01 23
678.92 1539.36 22
657.24 1554.44 22
631.90 1573.56 23
613.19 1587.72 22
590.96 1605.60 22
566.80 1621.43 23
1350.12 710.94 23
1333.52 732.93 22
1314.34 754.81 23
1300.14 772.59 22
1280.38 797.57 23
1266.13 820.24 22
1251.55 841.55 23
1239.91 864.50 22
1223.07 889.20 22
1210.47 913.23 22
1195.37 936.78 22
1182.06 958.70 23
1168.19 987.73 23
1154.98 1007.05 22
1143.30 1035.41 22
1131.25 1057.57 22
1115.72 1082.38 23
1102.46 1106.29 22
1088.39 1131.97 23
1075.93 1156.00 22
1059.91 1179.98 23
1046.69 1203.07 23
1030.70 1225.25 23
1017.09 1249.23 22
1000.05 1270.86 23
984.02 1293.10 22
969.73 1315.29 23
954.79 1335.56 23
933.33 1357.53 22
918.51 1377.62 22
900.81 1399.39 22
883.08 1418.03 23
860.13 1436.69 22
844.01 1455.55 22
820.50 1474.73 22
803.59 1491.45 23
778.53 1509.84 22
761.70 1527.62 22
740.38 1544.92 22
713.76 1563.40 23
695.64 1579.24 22
671.32 1596.37 23
651.04 1613.14 23
1387.95 733.10 22
1371.15 755.52 23
1352.74 776.05 23
1338.65 799.13 23
1319.95 818.37 22
1307.13 844.06 22
1292.05 863.71 22
1277.87 889.99 23
1262.53 913.31 23
1247.89 935.84 23
1236.15 959.04 23
1219.97 984.51 23
1208.37 1006.61 22
1193.61 1030.60 23
1179.80 1056.71 22
1169.28 1082.38 22
1153.64 1106.15 23
1140.55 1131.27 23
1129.45 1155.35 23
1114.77 1176.81 22
1098.83 1203.90 23
1084.11 1223.16 22
1069.73 1249.24 22
1055.90 1270.98 23
1039.92 1294.67 23
1024.53 1315.02 22
1007.93 1339.72 22
991.78 1359.53 22
976.98 1379.65 22
957.37 1400.29 22
941.07 1421.41 22
917.11 1439.84 23
900.10 1461.11 23
882.82 1478.02 23
860.77 1496.92 22
842.25 1515.27 22
819.48 1532.78 22
799.39 1550.10 23
778.19 1567.09 22
752.92 1585.25 22
733.14 1601.54 23
713.52 1617.66 22
691.65 1636.18 22
670.91 1650.98 22
1428.70 755.56 22
1408.81 779.30 23
1396.81 799.58 23
1377.26 822.10 23
1361.93 843.09 22
1345.34 865.17 23
1313.32 911.40 23
1302.05 932.25 22
1287.50 961.64 22
1270.52 982.85 23
1261.70 1006.34 23
1247.28 1034.56 22
1230.91 1054.76 22
1219.87 1080.29 23
1205.34 1106.10 23
1196.35 1126.50 22
1181.11 1153.31 22
1167.85 1177.52 22
1152.44 1200.80 22
1139.96 1222.14 23
1124.69 1247.11 22
1111.01 1269.13 23
1096.39 1292.89 23
1076.36 1314.27 23
1066.13 1336.47 23
1049.15 1361.03 22
1031.90 1381.99 23
1015.32 1401.77 23
997.45 1423.01 22
978.85 1442.89 23
962.62 1463.75 22
939.21 1482.64 22
918.08 1500.08 23
901.13 1520.99 22
861.46 1552.77 22
840.06 1574.13 23
816.33 1591.54 22
795.82 1608.29 22
775.10 1623.30 22
748.96 1642.17 23
729.62 1658.12 23
706.76 1676.00 23
686.42 1691.11 23
636.21 1724.31 22
1467.44 781.38 23
1449.54 798.55 22
1433.26 821.79 22
1417.36 845.12 22
1400.76 864.83 23
1385.02 888.07 22
1370.05 908.88 22
1352.68 933.15 23
1341.39 956.99 23
1326.57 980.35 23
1312.89 1005.01 23
1300.10 1031.45 23
1286.88 1052.51 23
1273.15 1077.25 23
1259.16 1100.46 23
1248.82 1126.53 22
1232.90 1152.40 22
1221.48 1175.13 22
1206.81 1202.17 22
1192.82 1224.20 23
1177.61 1247.88 23
1163.64 1272.93 23
1149.71 1294.33 23
1134.87 1316.15 23
1120.83 1337.35 23
1104.69 1362.28 22
1087.32 1381.81 22
1072.55 1404.51 22
1054.39 1424.55 23
1035.46 1448.13 23
1018.39 1465.68 23
1000.75 1486.70 22
981.02 1504.74 22
958.16 1525.14 23
940.84 1543.95 22
918.73 1560.33 22
898.53 1579.70 22
876.45 1596.82 22
857.07 1612.23 22
834.99 1630.71 22
813.47 1646.55 23
793.60 1663.79 22
768.40 1679.99 23
746.66 1698.56 23
721.76 1713.88 22
699.14 1730.24 22
445.81 1862.30 11
465.61 1862.48 13
484.23 1862.33 11
503.22 1859.12 13
521.61 1863.22 11
541.77 1862.00 11
562.67 1863.66 13
576.36 1866.45 13
595.94 1860.98 12
615.18 1862.38 12
635.45 1862.90 11
653.49 1859.45 12
672.40 1862.00 15
693.42 1863.27 10
707.18 1861.98 13
727.34 1864.97 14
745.71 1864.83 12
763.40 1864.35 13
782.80 1863.97 12
822.27 1864.75 13
835.58 1860.56 13
860.91 1863.29 11
874.65 1861.73 12
893.62 1860.72 12
912.16 1863.26 12
936.58 1861.47 12
952.31 1863.63 13
970.27 1864.38 11
989.80 1863.42 13
1008.03 1864.52 13
1028.57 1864.16 14
1045.77 1863.23 14
1065.76 1862.20 12
1082.13 1864.40 12
1097.06 1866.09 12
1117.42 1864.89 13
1137.18 1862.21 12
1151.27 1857.18 14
1176.66 1863.95 11
344.72 227.07 15
356.64 228.03 15
370.61 227.07 15
382.14 226.66 15
394.47 227.03 15
405.38 227.52 14
419.90 226.69 14
430.33 228.38 15
443.95 225.65 15
453.25 226.16 15
466.68 226.65 14
482.56 228.19 15
491.18 225.80 14
501.56 226.29 14
515.88 227.20 14
526.93 226.94 14
539.67 226.75 14
550.80 227.79 14
563.90 227.50 14
577.30 226.08 14
587.82 226.80 14
600.01 226.86 14
611.91 226.17 14
625.76 226.80 14
638.90 227.88 14
649.26 227.04 14
662.29 227.50 14
673.73 226.60 15
697.32 227.82 15
709.11 225.89 14
721.63 227.78 14
735.75 226.51 15
746.11 226.04 15
756.56 229.75 15
771.85 227.90 14
782.85 226.91 14
812.20 241.97 14
806.24 227.56 14
819.68 226.48 14
831.94 227.19 14
842.72 228.02 14
854.56 227.07 15
866.56 228.04 15
879.56 225.24 15
893.94 227.17 15
1589.12 207.06 10
1597.98 210.78 10
1606.91 210.86 10
1616.83 213.80 9
1626.92 215.41 9
1636.35 217.45 9
1653.70 221.48 10
1661.50 223.27 10
1672.38 224.58 9
1681.93 229.36 10
1690.45 230.60 10
1701.02 234.00 10
1710.15 236.62 9
1719.17 237.68 10
1726.84 239.89 10
1738.30 244.46 10
1748.53 246.26 10
1758.31 249.68 9
1767.60 252.78 9
1775.34 254.55 10
1786.04 257.95 10
1804.49 262.30 10
1812.56 265.57 10
1822.77 268.31 10
1832.76 271.22 9
1839.96 275.35 10
1851.73 276.30 10
1861.06 280.59 10
1870.33 281.17 9
1878.31 284.56 9
1887.34 285.72 9
1899.16 290.19 9
1908.20 293.04 9
1917.35 296.42 9
1927.36 296.54 10
1940.74 285.88 10
1944.68 300.10 9
1953.54 303.10 9
1514.42 179.77 9
1522.77 180.35 10
1530.94 182.97 9
1540.20 183.98 10
1550.19 184.59 9
1560.10 185.32 10
1569.22 186.84 10
1579.42 189.77 9
1588.42 188.83 9
1596.41 190.53 9
1605.31 192.81 9
1617.25 195.00 9
1625.90 196.79 10
1633.34 199.01 9
1643.63 200.43 9
1653.83 203.39 10
1663.18 205.64 9
1672.51 206.33 9
1682.13 208.91 9
1691.24 212.95 9
1701.87 216.28 9
1710.05 216.34 9
1719.65 220.61 9
1727.43 222.07 10
1739.36 225.23 10
1748.08 226.69 9
1757.32 230.57 9
1767.63 233.84 10
1775.93 235.85 9
1785.46 239.09 9
1794.01 241.27 9
1804.25 244.82 9
1813.83 246.88 10
1823.89 250.21 10
1833.14 253.02 10
1842.31 255.49 9
1850.17 258.05 10
1860.32 261.42 10
1870.41 265.13 9
1879.53 267.09 10
1887.75 269.43 10
1900.46 272.22 10
1908.34 274.03 9
1918.26 277.09 9
1928.36 277.63 9
1936.25 281.27 10
1944.99 283.58 10
1955.50 285.76 9
1588.47 171.17 9
1597.12 172.46 9
1605.84 175.04 9
1627.87 181.33 10
1624.47 177.28 9
1632.77 180.21 10
1644.04 182.49 10
1652.60 184.99 10
1662.17 186.71 10
1672.54 191.49 9
1680.37 189.58 10
1690.64 192.83 9
1699.42 197.69 10
1708.15 198.14 10
1718.47 202.01 10
1729.26 202.95 9
1737.86 206.65 9
1748.20 210.16 9
1757.08 211.43 10
1767.43 214.26 10
1775.30 216.75 9
1786.54 222.33 10
1795.38 223.72 9
1804.59 226.99 10
1814.48 230.80 9
1824.10 230.96 10
1832.47 234.04 9
1839.94 237.25 10
1858.80 241.60 10
1869.01 245.03 9
1880.12 248.69 9
1888.81 250.49 9
1899.36 255.13 10
1906.27 255.19 9
1916.10 258.24 9
1925.72 260.52 10
1933.59 261.66 10
1944.37 264.35 10
1954.71 264.34 10
1522.36 143.85 9
1530.51 144.87 9
1539.69 146.91 10
1549.86 145.95 10
1559.15 147.44 9
1577.89 152.58 9
1587.70 152.54 10
1596.88 154.80 9
1606.61 155.35 9
1614.18 157.96 9
1624.51 160.05 10
1633.69 161.77 9
1644.39 163.67 9
1652.09 164.61 10
1662.76 168.98 10
1669.91 168.61 10
1681.50 173.13 9
1688.75 174.78 10
1699.76 176.66 9
1708.87 180.84 9
1717.24 183.76 9
1727.93 186.63 9
1736.62 188.55 9
1746.37 189.49 10
1753.91 193.31 9
1764.17 194.40 9
1773.47 197.63 10
1783.80 202.64 10
1793.65 204.08 9
1802.96 207.71 10
1802.25 211.07 9
1822.35 213.19 9
1830.20 216.43 9
1841.17 217.79 9
1851.54 221.83 9
1861.12 224.20 10
1868.18 225.04 9
1877.53 229.79 9
1887.67 232.17 10
1895.69 233.78 9
1904.86 235.86 10
1915.45 239.28 9
1924.97 241.39 10
1934.44 243.05 10
1942.72 245.54 9
1953.60 247.36 10
1521.69 125.14 10
1528.45 125.37 9
1538.86 125.69 9
1548.87 129.27 10
1557.35 129.86 10
1568.17 130.24 9
1576.41 133.13 9
1584.98 134.51 9
1595.99 135.71 9
1603.82 137.29 9
1614.50 138.31 10
1624.01 139.99 10
1632.87 142.94 9
1642.09 146.94 10
1651.86 148.42 10
1658.40 147.82 10
1656.45 162.35 9
1678.85 154.16 9
1688.37 155.78 9
1698.00 158.25 10
1707.21 159.93 9
1716.53 162.99 10
1726.61 166.14 9
1734.26 167.54 10
1744.39 171.66 9
1754.46 174.64 9
1764.41 178.84 10
1774.20 181.13 10
1783.71 184.04 10
1790.51 186.52 9
1801.96 187.81 9
1810.04 192.48 9
1819.81 194.91 10
1831.11 197.62 10
1838.55 200.44 9
1848.41 203.86 9
1858.29 203.61 10
1865.83 206.95 10
1878.87 211.03 10
1895.46 215.60 10
1905.23 218.76 10
1914.37 219.16 9
1925.25 224.02 10
1934.08 224.38 9
1943.45 228.09 10
1953.67 229.97 10
1566.34 113.25 10
1573.50 113.70 10
1585.27 115.79 10
1592.57 115.56 9
1602.16 117.70 10
1612.49 120.39 10
1621.40 122.57 10
1630.57 125.83 9
1639.72 124.79 9
1649.32 128.50 9
1659.69 130.47 10
1668.71 132.58 9
1679.25 134.71 10
1686.03 136.02 10
1696.86 141.07 9
1705.59 141.84 10
1714.22 144.79 10
1722.56 146.49 9
1734.59 150.79 9
1743.65 154.25 9
1754.47 156.01 9
1762.78 160.11 9
1773.21 162.38 9
1781.30 164.11 10
1791.23 168.58 10
1800.56 170.13 9
1810.45 173.41 10
1817.96 174.12 9
1829.05 178.84 9
1837.78 181.90 9
1847.27 183.26 9
1857.60 187.61 9
1866.82 189.25 10
1876.58 189.87 9
1884.61 192.51 10
1894.81 195.99 9
1903.75 199.48 9
1912.74 201.64 9
1922.15 204.27 10
1932.55 206.40 10
1941.89 209.40 10
1950.45 210.46 9
1508.20 86.47 10
1517.04 88.43 10
1526.01 89.97 9
1535.30 89.09 9
1543.96 89.94 9
1531.26 93.32 9
1563.89 94.57 10
1573.01 94.46 9
1582.50 98.80 10
1591.59 97.15 9
1601.92 99.43 9
1611.84 103.33 10
1619.91 103.41 9
1629.77 105.14 9
1639.47 109.12 10
1646.38 109.75 10
1660.13 111.06 10
1669.80 116.39 9
1675.32 116.07 9
1686.01 119.25 9
1699.53 116.39 9
1704.85 122.55 10
1713.95 125.07 9
1722.68 128.87 9
1731.01 131.30 9
1742.95 135.04 10
1753.35 137.95 10
1761.80 140.78 9
1770.51 141.53 10
1780.20 146.43 10
1789.74 147.67 9
1799.53 152.30 9
1809.84 154.37 10
1816.84 157.18 9
1827.76 159.87 9
1835.60 162.10 10
1846.78 164.37 10
1855.53 167.25 9
1865.50 169.82 10
1874.07 172.11 10
1884.73 176.59 9
1894.77 178.18 9
1903.80 182.37 10
1911.58 181.89 10
1920.28 184.76 9
1931.30 188.43 9
1940.07 191.45 10
1948.75 191.87 10
1507.61 67.50 10
1515.20 68.58 10
1526.87 69.78 9
1534.72 69.48 10
1543.32 72.49 10
1552.37 74.01 9
1561.50 73.81 10
1570.94 75.23 10
1580.09 77.04 9
1591.21 80.23 9
1598.85 80.91 10
1609.59 83.23 10
1617.68 83.57 10
1628.20 87.39 10
1637.14 87.56 10
1647.08 91.04 10
1655.88 92.09 10
1664.37 94.76 9
1675.45 99.18 9
1683.71 98.80 10
1692.65 101.50 9
1702.06 106.24 10
1710.68 108.25 9
1721.41 109.87 10
1730.54 113.85 10
1741.64 116.26 10
1750.75 119.49 9
1758.62 120.98 9
1768.41 125.25 10
1777.28 124.15 10
1787.37 129.16 9
1796.24 131.64 9
1806.79 134.60 10
1814.69 136.86 9
1825.66 142.64 9
1835.25 142.90 9
1844.69 148.30 9
1854.41 149.16 10
1862.52 151.44 9
1871.79 153.31 9
1882.98 160.46 10
1891.89 158.77 10
1900.88 161.34 9
1910.89 164.43 9
1918.29 165.33 10
1928.34 169.04 10
1937.75 170.52 9
1948.29 173.46 9
1559.64 56.96 9
1568.62 55.12 10
1577.83 59.28 10
1588.60 62.51 9
1598.11 61.65 9
1607.75 62.96 10
1616.82 65.47 9
1624.83 66.85 9
1634.57 70.22 10
1644.89 72.51 10
1653.45 74.28 10
1664.05 76.16 10
1673.63 77.25 10
1683.53 81.20 10
1692.42 83.50 9
1703.22 86.90 10
1710.89 88.58 10
1731.46 94.33 9
1738.60 98.34 9
1748.83 98.68 10
1756.60 101.75 9
1766.21 104.56 10
1773.03 103.74 10
1784.76 109.38 10
1795.65 112.99 9
1804.86 116.60 10
1815.39 120.08 9
1823.07 121.72 9
1832.95 124.21 9
1842.39 128.06 9
1851.46 130.27 9
1862.05 134.36 9
1870.83 136.51 10
1878.71 138.33 10
1888.92 140.67 10
1897.24 143.38 9
1907.82 144.43 10
1917.81 146.93 10
1927.05 149.32 10
1938.23 153.51 9
1944.68 153.30 10
1483.37 27.32 9
1493.77 29.13 9
1502.75 28.24 9
1511.05 31.29 10
1520.31 31.22 9
1530.82 31.52 9
1540.18 35.62 9
1552.63 36.55 9
1558.98 36.51 9
1567.66 39.85 10
1578.85 39.94 9
1587.22 43.10 9
1596.46 44.06 10
1604.94 43.78 10
1615.90 46.99 10
1623.71 48.01 9
1633.50 49.97 9
1643.46 52.80 10
1652.42 56.16 9
1660.83 56.76 9
1681.53 62.29 10
1692.86 66.16 10
1697.76 66.53 10
1706.42 70.16 10
1717.39 71.18 9
1727.25 76.48 10
1736.54 77.36 10
1745.34 80.66 9
1755.99 83.71 9
1765.30 85.43 10
1773.18 88.60 9
1783.18 91.26 9
1794.21 95.13 10
1803.07 97.34 10
1814.05 101.27 10
1821.70 105.14 10
1832.05 105.76 10
1840.14 108.69 9
1851.53 113.00 9
1859.99 114.43 10
1868.80 118.33 9
1878.49 120.46 9
1886.75 122.36 10
1898.02 124.43 10
1905.74 127.13 9
1915.73 130.19 10
1925.25 131.51 10
1935.52 132.10 10
1943.88 135.25 9
1576.83 21.52 10
1585.63 23.89 9
1594.08 23.92 9
1603.73 27.49 10
1613.92 28.10 10
1623.98 30.96 9
1633.09 33.53 9
1641.38 33.36 10
1651.93 36.46 10
1659.28 38.12 9
1668.17 39.92 10
1679.43 43.59 9
1691.20 46.70 10
1698.14 48.12 9
1706.65 50.66 9
1718.12 54.33 9
1726.17 55.54 9
1734.78 59.31 9
1744.90 60.88 10
1753.58 64.10 10
1765.63 68.52 10
1771.56 69.38 10
1784.21 74.06 9
1792.21 76.35 9
1802.71 78.72 9
1811.60 82.37 10
1819.69 83.51 9
1831.68 88.28 9
1839.92 91.59 10
1848.30 92.25 9
1857.96 95.82 10
1866.88 98.55 10
1875.75 101.47 9
1884.89 102.77 9
1894.17 105.70 9
1906.03 108.15 9
1915.82 110.77 9
1925.95 112.45 9
1931.39 113.70 9
1940.03 114.98 10
2334.00 1828.06 18
2329.97 1811.93 17
2321.79 1794.08 18
2317.66 1773.93 20
2310.60 1758.44 19
2306.54 1734.14 19
2303.89 1720.98 18
2297.40 1702.09 17
2291.98 1684.10 17
2287.79 1663.52 20
2281.70 1647.44 19
2273.32 1629.47 18
2269.19 1614.43 19
2263.93 1593.41 18
2260.58 1577.36 18
2254.67 1559.57 18
2248.56 1540.16 17
2243.67 1520.97 19
2238.65 1504.98 17
2227.73 1486.16 19
2229.45 1468.32 18
2221.46 1447.02 19
2215.81 1434.52 17
2211.10 1415.29 19
2205.36 1397.89 18
2200.97 1375.26 19
2192.70 1360.45 18
2188.67 1343.16 19
2184.21 1321.96 18
2177.13 1303.10 17
2172.62 1286.80 20
2167.82 1270.68 22
2160.38 1250.08 18
2156.81 1234.78 18
2154.27 1216.29 18
2148.64 1201.37 16
2139.89 1182.13 19
2138.22 1161.53 18
2130.96 1145.05 20
2126.07 1128.25 19
2118.13 1108.76 19
2111.23 1089.59 18
2107.60 1072.57 19
2101.97 1054.08 17
2294.19 1840.02 21
2286.32 1824.11 18
2280.46 1804.50 19
2276.88 1787.74 20
2267.08 1768.69 18
2265.17 1747.84 18
2258.98 1732.37 19
2255.46 1715.64 18
2249.31 1696.05 19
2241.54 1676.81 18
2238.81 1660.95 18
2234.35 1644.28 18
2225.90 1627.11 17
2223.12 1609.15 18
2216.23 1587.52 19
2211.91 1569.21 18
2206.96 1550.18 17
2202.95 1536.82 19
2194.84 1515.91 19
2188.53 1499.70 19
2184.53 1480.93 17
2177.51 1462.03 20
2174.46 1443.90 20
2167.32 1427.34 19
2162.52 1410.49 17
2158.76 1390.17 17
2154.54 1373.82 19
2148.89 1355.91 20
2140.83 1337.96 18
2135.57 1318.75 18
2131.33 1302.20 18
2124.43 1282.44 17
2120.08 1267.62 18
2113.28 1249.84 19
2109.02 1231.53 18
2102.95 1211.50 20
2098.16 1193.62 20
2093.72 1175.52 17
2088.13 1156.57 20
2082.26 1136.01 19
2074.95 1121.34 19
2071.41 1108.23 17
2062.66 1087.52 19
2246.71 1850.40 18
2242.82 1833.46 19
2237.84 1816.54 19
2228.26 1798.28 19
2228.80 1781.49 18
2219.77 1764.22 18
2213.62 1743.15 18
2213.77 1730.05 17
2206.83 1707.84 19
2203.56 1689.95 18
2193.38 1674.56 19
2188.54 1654.25 20
2183.51 1636.87 19
2179.90 1622.06 18
2173.77 1604.49 19
2168.86 1581.68 16
2164.99 1565.94 21
2155.91 1547.00 17
2154.93 1530.82 19
2148.99 1513.00 19
2141.75 1495.22 18
2130.90 1458.38 19
2124.08 1439.61 18
2119.94 1424.12 20
2113.36 1404.05 19
2106.92 1383.73 18
2103.87 1367.51 19
2097.23 1352.16 20
2094.20 1333.11 18
2086.99 1312.27 19
2081.13 1298.06 19
2075.43 1279.46 20
2070.32 1260.26 18
2067.75 1240.50 19
2059.93 1221.90 19
2054.92 1207.02 18
2050.04 1188.34 19
2045.07 1170.49 18
2038.83 1151.90 18
2031.69 1133.30 17
2028.58 1117.29 18
2208.24 1863.03 20
2200.16 1847.88 17
2192.02 1827.40 18
2188.71 1812.06 19
2183.66 1793.74 18
2181.13 1779.23 19
2173.57 1758.66 18
2167.09 1741.50 18
2163.47 1719.55 19
2157.72 1706.89 19
2153.90 1684.01 19
2146.83 1670.88 21
2143.24 1652.99 19
2139.35 1636.87 19
2129.24 1616.79 17
2124.90 1598.00 20
2118.32 1578.98 20
2114.31 1562.24 18
2107.72 1539.89 20
2104.99 1523.92 19
2100.35 1506.77 19
2094.37 1490.60 18
2087.20 1472.27 18
2082.67 1452.80 19
2072.63 1436.35 18
2070.66 1417.89 17
2066.11 1399.96 18
2057.91 1382.06 19
2059.46 1360.10 19
2049.08 1344.35 20
2043.09 1329.72 19
2040.50 1310.77 17
2036.16 1291.03 19
2028.34 1275.31 16
2021.38 1256.43 21
2016.60 1236.40 17
2011.47 1219.93 18
2007.70 1201.74 19
2000.32 1185.47 18
1995.75 1165.58 17
1993.30 1147.70 20
1983.89 1127.02 21
1980.51 1110.72 18
1975.03 1093.11 15
1968.55 1074.78 17
1963.81 1055.81 18
1958.65 1037.35 19
2164.18 1880.20 20
2151.41 1840.38 18
2145.05 1821.86 20
2141.35 1805.37 18
2134.39 1791.77 18
2130.06 1771.79 18
2126.80 1752.94 18
2119.06 1736.63 18
2112.95 1719.38 19
2106.69 1700.46 19
2102.40 1680.90 18
2097.62 1665.42 19
2091.99 1645.55 19
2087.10 1626.65 18
2082.34 1609.03 18
2077.49 1591.84 19
2070.89 1572.77 18
2065.42 1555.68 18
2060.45 1538.74 18
2055.81 1518.50 17
2051.72 1502.34 17
2046.05 1484.66 19
2038.45 1465.19 18
2031.57 1446.82 17
2027.79 1428.64 19
2019.49 1412.81 19
2018.85 1392.92 18
2015.58 1377.19 19
2006.09 1356.69 19
2001.44 1339.73 19
1993.84 1323.57 18
1990.43 1303.61 17
1986.02 1285.64 20
1980.21 1267.79 19
1974.49 1251.84 21
1969.84 1227.56 20
1965.60 1217.44 18
1957.43 1197.05 18
1954.39 1179.90 19
1949.92 1161.88 20
1942.52 1142.58 18
1936.27 1125.89 19
1929.18 1105.66 17
1924.24 1087.62 17
1917.52 1068.55 19
1915.79 1052.78 18
1911.63 1036.68 19
1903.50 1014.74 21
1895.27 1000.56 19
2120.25 1893.54 19
2114.51 1876.89 21
2112.34 1858.11 19
2103.00 1838.85 18
2101.55 1819.19 20
2094.20 1803.58 17
2089.20 1785.25 17
2084.64 1768.39 18
2077.15 1750.10 17
2071.11 1733.67 18
2066.38 1711.66 18
2062.20 1695.48 17
2055.00 1677.10 17
2054.22 1656.44 19
2044.71 1640.26 16
2037.47 1623.82 16
2032.95 1600.59 21
2030.32 1585.57 18
2021.52 1568.91 19
2018.62 1554.16 19
2013.31 1531.05 18
2003.00 1519.11 18
2000.50 1495.78 19
1995.52 1480.10 18
1991.32 1461.61 22
1985.46 1441.48 19
1977.38 1427.04 18
1977.84 1407.83 18
1969.80 1387.57 18
1962.50 1369.78 19
1957.91 1353.91 17
1954.33 1335.59 19
1948.15 1316.78 20
1941.51 1302.64 19
1939.22 1282.72 21
1932.59 1262.33 16
1925.15 1245.13 18
1919.66 1229.94 18
1918.52 1209.74 22
1909.33 1192.64 17
2076.65 1905.92 20
2071.78 1888.69 17
2070.23 1868.91 18
2059.07 1851.41 18
2053.97 1835.31 17
2051.12 1814.74 19
2044.41 1799.09 16
2041.12 1779.27 16
2034.65 1763.39 19
2029.24 1744.99 20
2022.02 1727.25 17
2017.18 1706.32 17
2011.73 1692.03 17
2003.54 1671.79 18
2000.71 1654.12 18
1993.15 1634.73 19
1990.46 1619.80 20
1983.79 1599.04 19
1983.87 1584.06 18
1976.72 1564.34 19
1970.65 1544.62 18
1964.36 1526.18 19
1955.80 1506.05 19
1951.44 1492.26 18
1945.12 1475.02 18
1939.67 1456.02 19
1938.28 1437.55 18
1930.89 1418.99 18
1924.14 1401.70 18
1920.97 1385.06 17
1912.77 1365.25 19
1910.29 1346.34 19
1903.84 1331.89 17
1899.10 1313.56 18
1892.67 1296.76 18
1889.93 1280.26 20
1883.62 1258.20 16
1878.01 1240.33 20
1872.38 1220.91 18
1869.91 1206.47 19
1862.04 1183.27 19
2034.16 1916.28 19
2030.16 1895.79 18
2022.48 1881.44 20
2016.74 1864.53 19
2013.20 1844.51 18
2007.85 1830.40 19
2002.05 1811.17 18
1998.13 1789.96 19
1991.07 1771.10 18
1985.52 1754.15 17
1980.47 1738.57 17
1974.73 1720.15 17
1971.19 1702.30 21
1963.43 1682.85 18
1959.12 1667.23 19
1953.82 1647.78 19
1949.30 1629.14 19
1943.82 1612.32 18
1937.66 1594.57 19
1933.50 1573.79 20
1926.46 1554.55 20
1920.75 1542.17 20
1915.89 1523.41 18
1911.07 1502.02 18
1905.73 1488.69 18
1898.27 1464.56 20
1895.07 1452.75 18
1885.76 1433.76 21
1881.54 1414.47 18
1875.30 1398.60 17
1873.93 1379.30 19
1867.86 1360.62 17
1859.87 1344.65 19
1857.63 1324.12 19
1851.25 1308.68 19
1847.62 1288.12 20
1841.62 1271.03 17
1835.72 1254.44 18
1830.03 1232.23 18
1826.84 1220.22 20
1820.36 1200.02 19
1813.13 1182.12 20
1811.87 1163.13 19
1990.91 1931.03 18
1985.11 1913.56 18
1980.38 1893.08 17
1975.28 1878.90 17
1969.32 1860.29 17
1966.14 1838.41 18
1960.83 1823.98 19
1953.05 1805.64 18
1948.49 1786.78 21
1943.21 1769.24 20
1937.45 1752.16 18
1932.09 1732.91 18
1927.07 1718.85 21
1923.50 1694.04 19
1916.26 1680.21 19
1913.08 1662.34 18
1904.82 1645.00 18
1899.79 1624.78 19
1891.85 1606.70 18
1902.46 1606.24 17
1885.05 1570.51 18
1878.78 1556.47 19
1876.01 1537.34 19
1865.91 1518.27 18
1862.56 1498.38 19
1856.12 1482.40 17
1852.70 1464.19 20
1846.00 1445.70 19
1841.25 1426.71 18
1836.46 1409.84 18
1831.42 1392.97 20
1824.27 1373.32 19
1819.38 1355.70 19
1815.55 1338.97 19
1809.37 1320.26 18
1803.69 1301.50 19
1796.93 1283.59 18
1792.53 1266.32 20
1784.78 1245.28 16
1782.40 1228.72 18
1776.12 1212.63 19
1768.96 1194.26 19
1761.96 1175.53 19
1759.29 1159.06 18
1753.42 1136.86 17
1747.08 1123.63 17
1744.04 1103.02 20
1950.00 1942.51 18
1943.06 1922.72 19
1937.88 1908.93 20
1935.71 1886.94 19
1925.52 1870.43 17
1924.23 1854.87 18
1917.02 1836.42 16
1910.76 1817.59 17
1905.16 1800.97 18
1897.74 1780.77 20
1897.33 1766.35 20
1890.03 1744.19 18
1883.23 1726.84 17
1878.90 1711.86 18
1872.48 1694.67 17
1865.89 1675.82 19
1860.88 1656.19 19
1856.87 1640.17 17
1851.28 1616.69 18
1847.59 1601.25 19
1841.15 1585.43 19
1834.70 1563.93 19
1829.90 1547.28 20
1824.54 1528.38 18
1818.22 1511.88 20
1813.28 1492.19 18
1806.82 1475.79 18
1802.58 1460.63 17
1799.08 1438.77 18
1793.09 1422.40 18
1785.06 1407.70 20
1781.22 1387.09 20
1775.89 1368.75 18
1771.63 1350.58 18
1767.20 1334.02 18
1761.32 1314.31 18
1750.25 1295.99 18
1747.73 1280.77 18
1742.34 1262.28 18
1739.94 1242.62 21
1734.66 1226.30 16
1731.26 1206.30 18
1722.43 1186.29 17
1718.70 1171.06 17
1708.75 1152.07 16
1706.70 1132.86 20
1703.08 1115.66 18
1906.23 1954.81 17
1896.76 1936.32 19
1894.83 1918.64 18
1892.33 1904.39 19
1881.47 1885.35 19
1878.09 1865.92 19
1873.17 1849.76 18
1867.91 1828.50 18
1861.09 1811.22 19
1856.81 1793.95 19
1850.08 1778.14 17
1843.82 1759.31 18
1841.95 1739.27 17
1835.61 1720.76 20
1831.19 1704.47 18
1824.59 1688.12 19
1819.16 1665.64 21
1815.67 1651.10 19
1807.27 1631.10 19
1806.50 1615.91 18
1797.20 1600.31 21
1790.75 1579.36 23
1786.65 1562.42 19
1781.75 1542.29 18
1777.51 1523.75 17
1770.56 1507.51 19
1764.32 1487.13 18
1762.87 1471.08 18
1752.35 1452.33 19
1749.29 1438.01 19
1742.65 1419.16 18
1737.20 1393.53 19
1731.94 1380.66 20
1727.15 1362.88 18
1723.46 1343.87 19
1718.94 1330.33 19
1711.55 1309.18 17
1705.86 1293.26 20
1702.92 1273.55 18
1695.30 1255.75 19
1690.03 1239.51 19
