0.608630 0.343680 0.006249
0.616742 0.344570 0.006215
0.624734 0.346431 0.006324
0.631721 0.346514 0.006375
0.640571 0.347214 0.006303
0.647640 0.348092 0.006373
0.655402 0.349620 0.006291
0.664149 0.350049 0.006248
0.671302 0.351593 0.006211
0.679549 0.351802 0.006261
0.687619 0.353149 0.006424
0.695320 0.353671 0.006303
0.702460 0.355138 0.006189
0.710476 0.356137 0.006320
0.718315 0.356863 0.006292
0.726549 0.357630 0.006286
0.734370 0.358454 0.006274
0.742495 0.359542 0.006259
0.750122 0.360141 0.006293
0.758116 0.361234 0.006190
0.765473 0.362686 0.006238
0.773292 0.363117 0.006296
0.780637 0.364133 0.006375
0.788791 0.365507 0.006353
0.796233 0.366096 0.006453
0.804419 0.366983 0.006407
0.809705 0.369236 0.006186
0.820504 0.369027 0.006358
0.828271 0.369929 0.006390
0.836046 0.370800 0.006336
0.843710 0.372057 0.006187
0.851699 0.373082 0.006294
0.860038 0.372938 0.006261
0.866984 0.374981 0.006346
0.874997 0.375609 0.006403
0.882747 0.376213 0.006366
0.890789 0.377509 0.006246
0.899831 0.377923 0.006377
0.907337 0.379319 0.006320
0.915203 0.380511 0.006391
0.921779 0.380867 0.006298
0.929614 0.381220 0.006334
0.938317 0.382955 0.006315
0.945434 0.383705 0.006303
0.960897 0.385874 0.006383
0.969703 0.387229 0.006349
0.388425 0.142551 0.011285
0.381448 0.150188 0.011377
0.374403 0.157257 0.011192
0.367850 0.167654 0.011209
0.361721 0.176130 0.011320
0.354890 0.184880 0.011243
0.349434 0.194943 0.011056
0.343151 0.204327 0.011024
0.337488 0.213246 0.011149
0.332355 0.224192 0.011188
0.326510 0.233223 0.011142
0.320117 0.242373 0.011172
0.314556 0.252066 0.011227
0.309793 0.262458 0.011063
0.304243 0.273022 0.011312
0.298786 0.282443 0.011264
0.293291 0.291876 0.011200
0.287749 0.301969 0.011385
0.283110 0.311270 0.011309
0.276584 0.322247 0.011131
0.271577 0.331828 0.011087
0.265874 0.340554 0.011262
0.259777 0.350055 0.011301
0.253460 0.358614 0.011069
0.247523 0.368650 0.011138
0.240833 0.377304 0.011092
0.233970 0.386927 0.010875
0.227680 0.395384 0.011242
0.220444 0.404307 0.011286
0.213136 0.411277 0.011155
0.206524 0.420187 0.011262
0.198735 0.428429 0.011252
0.190581 0.435768 0.011183
0.182020 0.443557 0.011308
0.174158 0.451301 0.011193
0.166450 0.458484 0.011236
0.158001 0.465855 0.011162
0.148839 0.473112 0.011100
0.140490 0.480218 0.011060
0.130905 0.486721 0.011241
0.122278 0.492477 0.011304
0.113830 0.501997 0.011276
0.105520 0.507312 0.011302
0.096512 0.514298 0.011126
0.087712 0.520829 0.011224
0.078103 0.528098 0.011353
0.068483 0.534559 0.011129
0.059426 0.541259 0.011116
0.051236 0.548699 0.011118
0.399141 0.155630 0.011251
0.392588 0.164502 0.011016
0.385880 0.173347 0.011194
0.378956 0.180923 0.011306
0.372427 0.191326 0.011204
0.366413 0.200409 0.011166
0.360169 0.208441 0.011162
0.354276 0.218083 0.011305
0.348910 0.228472 0.011165
0.343026 0.238685 0.011220
0.337280 0.247456 0.011306
0.331583 0.257845 0.011116
0.326807 0.268731 0.011190
0.320905 0.277065 0.011056
0.315749 0.287887 0.011107
0.310165 0.297493 0.011151
0.304488 0.306985 0.011320
0.299183 0.316429 0.011110
0.293340 0.326563 0.011117
0.287267 0.336678 0.011308
0.283240 0.346613 0.011176
0.277531 0.354859 0.011306
0.270755 0.364255 0.011408
0.264854 0.373460 0.011169
0.258803 0.382423 0.011094
0.251748 0.391364 0.011342
0.245394 0.400798 0.011252
0.239427 0.409669 0.011177
0.231726 0.418055 0.011401
0.224975 0.426405 0.011186
0.216420 0.434980 0.011152
0.209753 0.442615 0.011151
0.202331 0.449597 0.011163
0.194591 0.457870 0.011118
0.186845 0.465184 0.011102
0.177617 0.473521 0.011391
0.168248 0.479954 0.011239
0.160078 0.487243 0.011093
0.151898 0.494299 0.011181
0.142977 0.501338 0.011038
0.134641 0.507949 0.011174
0.124878 0.514556 0.011258
0.411118 0.170381 0.011114
0.403726 0.179805 0.011161
0.397206 0.187632 0.011217
0.391432 0.196319 0.011143
0.384171 0.205861 0.011089
0.377202 0.214692 0.011256
0.371568 0.223895 0.011151
0.366286 0.233515 0.011240
0.359813 0.243170 0.011274
0.355279 0.251802 0.011297
0.348525 0.261702 0.010953
0.343489 0.270228 0.011076
0.338292 0.280602 0.011178
0.333071 0.290465 0.011144
0.326817 0.300187 0.011062
0.321463 0.311747 0.011192
0.316169 0.321796 0.011028
0.310881 0.330753 0.011338
0.305606 0.340317 0.011033
0.299414 0.350473 0.011340
0.294490 0.360367 0.011044
0.288842 0.369741 0.010997
0.282311 0.379966 0.011083
0.275756 0.388654 0.011242
0.269316 0.397492 0.011143
0.262946 0.406654 0.011108
0.256629 0.416777 0.011217
0.250724 0.423109 0.011305
0.242678 0.432470 0.011226
0.236006 0.440861 0.011265
0.228396 0.450302 0.011328
0.221225 0.457789 0.011066
0.213463 0.465391 0.011205
0.205327 0.473342 0.011114
0.197988 0.480508 0.011378
0.188872 0.486209 0.011217
0.179894 0.495155 0.011406
0.172214 0.501280 0.011176
0.163715 0.509145 0.011282
0.156155 0.515465 0.011010
0.145825 0.522619 0.011149
0.136283 0.529445 0.011024
0.127711 0.535806 0.011155
0.118692 0.542849 0.010989
0.108949 0.549618 0.011295
0.100647 0.556534 0.011351
0.090619 0.562820 0.011358
0.423044 0.184496 0.011338
0.415699 0.193260 0.011131
0.409614 0.201994 0.011068
0.401658 0.210053 0.011317
0.396142 0.219906 0.011156
0.389886 0.228175 0.011092
0.384419 0.237661 0.011326
0.377513 0.248298 0.011176
0.371789 0.256633 0.011442
0.366110 0.266011 0.010999
0.360461 0.276219 0.011255
0.348784 0.295677 0.011263
0.344109 0.305063 0.011297
0.337955 0.315206 0.010956
0.333978 0.326049 0.011184
0.327206 0.335497 0.011091
0.323209 0.345476 0.011110
0.317311 0.353718 0.011102
0.311496 0.363843 0.011190
0.305209 0.374917 0.010836
0.299551 0.384410 0.011369
0.294359 0.392678 0.011253
0.287884 0.402301 0.011092
0.281570 0.412312 0.011362
0.275783 0.421072 0.011065
0.268631 0.429132 0.011211
0.262098 0.438910 0.011236
0.254560 0.446522 0.011107
0.247553 0.455521 0.011157
0.240815 0.463221 0.011128
0.232817 0.472489 0.011058
0.225347 0.479181 0.011279
0.216720 0.487079 0.011183
0.208648 0.495778 0.011193
0.191726 0.508709 0.011285
0.185147 0.515680 0.011051
0.174499 0.524173 0.011114
0.166860 0.529488 0.011244
0.157546 0.536039 0.011321
0.434361 0.198220 0.011123
0.427420 0.207674 0.011379
0.420638 0.214389 0.011320
0.414436 0.225235 0.011285
0.407483 0.233138 0.011212
0.401837 0.241967 0.011103
0.395143 0.251424 0.011078
0.389287 0.262192 0.011069
0.383822 0.270475 0.011261
0.377606 0.279777 0.011045
0.373104 0.290348 0.011003
0.367183 0.299387 0.011376
0.361285 0.308790 0.011213
0.355189 0.319737 0.011085
0.344799 0.338653 0.011081
0.339345 0.348280 0.011390
0.334884 0.358926 0.011067
0.329261 0.369614 0.010992
0.323330 0.379028 0.011285
0.317775 0.388825 0.011261
0.311982 0.398147 0.010983
0.305829 0.407583 0.011226
0.299230 0.416373 0.011179
0.293902 0.425972 0.011312
0.287414 0.434804 0.011310
0.279903 0.444023 0.011242
0.273484 0.453353 0.011469
0.267363 0.461359 0.011209
0.259473 0.468859 0.011095
0.253132 0.476913 0.011194
0.244789 0.484102 0.011193
0.238212 0.492969 0.011240
0.229353 0.500562 0.011242
0.220544 0.507935 0.011276
0.212419 0.515091 0.011069
0.203848 0.522238 0.010993
0.194725 0.529440 0.011073
0.186389 0.536566 0.011089
0.178788 0.542982 0.011304
0.168601 0.551489 0.011416
0.159963 0.557573 0.011308
0.151373 0.564094 0.011159
0.141841 0.570499 0.011214
0.133527 0.577393 0.011300
0.124504 0.584051 0.011109
0.115124 0.591030 0.010996
0.106431 0.598414 0.011046
0.097515 0.605222 0.011237
0.088684 0.611788 0.011259
0.446853 0.212463 0.011357
0.439776 0.220833 0.011229
0.433542 0.228082 0.010938
0.426884 0.237607 0.011161
0.420293 0.246148 0.011172
0.413975 0.255479 0.011187
0.408226 0.265645 0.011057
0.401946 0.273985 0.011206
0.394974 0.283819 0.011239
0.390447 0.293612 0.011195
0.385328 0.303764 0.011253
0.379295 0.313319 0.011240
0.373056 0.323025 0.011082
0.368123 0.331842 0.011256
0.363012 0.342898 0.011071
0.358239 0.352313 0.011416
0.352551 0.362873 0.011131
0.346539 0.372714 0.011081
0.341643 0.381611 0.011145
0.335268 0.392194 0.011248
0.330273 0.401501 0.011093
0.324510 0.411073 0.011402
0.317757 0.420139 0.011266
0.312371 0.428575 0.011346
0.305859 0.439315 0.011217
0.299680 0.448112 0.011055
0.294131 0.456884 0.011074
0.286052 0.466362 0.011163
0.278846 0.473538 0.011118
0.272332 0.482680 0.010926
0.264852 0.490181 0.011291
0.256525 0.497969 0.011115
0.249061 0.505605 0.011079
0.242317 0.515023 0.011076
0.233151 0.521605 0.011270
0.224745 0.529119 0.011082
0.217148 0.536144 0.011239
0.208047 0.543100 0.011119
0.200143 0.549531 0.011173
0.190693 0.557237 0.011205
0.182348 0.564086 0.011138
0.171306 0.571627 0.011211
0.163871 0.578365 0.011307
0.154124 0.585025 0.011216
0.146002 0.591525 0.011289
0.135923 0.598189 0.011330
0.126700 0.604675 0.011348
0.117524 0.611528 0.011175
0.459526 0.224830 0.011240
0.452890 0.232124 0.011277
0.446026 0.240749 0.011326
0.439350 0.249853 0.011071
0.432501 0.258511 0.011366
0.426670 0.269074 0.011361
0.419955 0.279231 0.011340
0.414936 0.288437 0.011365
0.408673 0.296827 0.011302
0.403248 0.304753 0.011207
0.397477 0.315375 0.011209
0.390991 0.325416 0.011208
0.386034 0.335395 0.011253
0.381399 0.347169 0.010813
0.375747 0.355532 0.011211
0.371087 0.366312 0.011123
0.364819 0.376370 0.011032
0.359493 0.385704 0.011119
0.354406 0.394911 0.011111
0.349740 0.403370 0.011238
0.341858 0.414405 0.011184
0.337911 0.423630 0.011026
0.330464 0.433870 0.011338
0.326445 0.441992 0.011240
0.318743 0.452318 0.011390
0.312376 0.460930 0.011022
0.305819 0.470006 0.011158
0.298426 0.480157 0.010995
0.291320 0.488139 0.011187
0.284553 0.495402 0.011444
0.277684 0.503810 0.011269
0.270415 0.511721 0.011025
0.261961 0.518276 0.011237
0.254887 0.524934 0.011088
0.245631 0.535100 0.011237
0.238005 0.542558 0.011187
0.229004 0.548227 0.011190
0.221209 0.556234 0.011124
0.212375 0.563149 0.011062
0.203075 0.570363 0.011032
0.194514 0.576411 0.011305
0.185132 0.585012 0.011094
0.176363 0.589691 0.011341
0.167766 0.596964 0.011252
0.157514 0.604348 0.011201
0.149960 0.610903 0.011125
0.140692 0.617856 0.010894
0.132165 0.624993 0.011231
0.121858 0.631026 0.011136
0.473608 0.235987 0.011213
0.465740 0.244799 0.010889
0.459780 0.254199 0.011209
0.452499 0.262211 0.011155
0.445989 0.271757 0.011042
0.440197 0.281315 0.011296
0.433520 0.291303 0.011051
0.428688 0.299200 0.011073
0.422248 0.309497 0.011408
0.416206 0.317664 0.011067
0.410545 0.328384 0.011137
0.406533 0.338227 0.011144
0.399721 0.348401 0.011137
0.394244 0.357269 0.011112
0.383621 0.376560 0.011111
0.377869 0.388037 0.011250
0.373861 0.397925 0.011369
0.367621 0.407765 0.011208
0.361624 0.416984 0.011046
0.356243 0.426568 0.011164
0.350458 0.436161 0.011329
0.344114 0.446205 0.011095
0.338158 0.455189 0.010941
0.331938 0.463001 0.010917
0.326602 0.473224 0.011254
0.319958 0.482233 0.011348
0.312777 0.490775 0.011223
0.305151 0.500227 0.011184
0.299222 0.507397 0.011235
0.291687 0.515291 0.010912
0.283926 0.523949 0.011180
0.274363 0.532001 0.011338
0.260350 0.546551 0.011423
0.251808 0.553437 0.011229
0.245125 0.559398 0.011151
0.234259 0.568843 0.011053
0.225527 0.574706 0.011083
0.216156 0.583089 0.011030
0.207538 0.589909 0.011265
0.198206 0.596563 0.011218
0.190523 0.602652 0.011283
0.180755 0.609590 0.011111
0.171454 0.616465 0.011263
0.163212 0.622617 0.011037
0.153138 0.630880 0.011146
0.144152 0.634727 0.011202
0.134251 0.644200 0.011150
0.127764 0.650866 0.011097
0.479723 0.255897 0.011302
0.473653 0.265322 0.011255
0.466514 0.274097 0.011061
0.460600 0.283418 0.011290
0.454687 0.293015 0.011127
0.448007 0.301713 0.011188
0.442243 0.310472 0.011213
0.436104 0.319905 0.011208
0.430053 0.330879 0.011147
0.425827 0.340114 0.011031
0.418862 0.349667 0.011333
0.414264 0.358225 0.011052
0.408221 0.369663 0.011129
0.402658 0.379966 0.011048
0.397535 0.390064 0.011272
0.392559 0.399441 0.011374
0.386863 0.408385 0.011418
0.381770 0.419005 0.011226
0.375937 0.428002 0.011440
0.370174 0.437688 0.011226
0.365273 0.447980 0.010849
0.358092 0.456699 0.011193
0.353072 0.466349 0.011234
0.346310 0.477020 0.011157
0.340174 0.484506 0.011052
0.333486 0.492695 0.010961
0.326177 0.501700 0.011178
0.319913 0.510354 0.011052
0.312499 0.518858 0.011074
0.305646 0.526927 0.011227
0.297013 0.534579 0.011285
0.290234 0.543290 0.011051
0.280798 0.551060 0.011227
0.273575 0.557796 0.011221
0.264447 0.566455 0.011131
0.256385 0.573097 0.011131
0.248578 0.579556 0.011080
0.239627 0.586360 0.011337
0.230575 0.594067 0.011320
0.221208 0.600445 0.011219
0.212692 0.607300 0.011385
0.203112 0.613829 0.011247
0.193959 0.621195 0.011356
0.185741 0.627713 0.011301
0.175279 0.634757 0.011112
0.501402 0.258640 0.011420
0.494765 0.267581 0.011248
0.487065 0.276075 0.011205
0.480871 0.284354 0.011092
0.475306 0.292688 0.011147
0.468988 0.302514 0.011257
0.461944 0.312299 0.011207
0.456370 0.320802 0.011149
0.450543 0.331537 0.011155
0.445229 0.341487 0.011075
0.438788 0.351695 0.011189
0.434738 0.360772 0.011257
0.429073 0.370023 0.011224
0.422937 0.381811 0.011466
0.417964 0.389948 0.011214
0.412959 0.400192 0.011177
0.407020 0.409058 0.011001
0.401541 0.419520 0.011011
0.396814 0.428848 0.011232
0.390474 0.438987 0.011313
0.384679 0.449492 0.011267
0.379673 0.458860 0.011136
0.371920 0.468552 0.011344
0.366934 0.477719 0.011164
0.359886 0.486674 0.011164
0.353998 0.495649 0.011373
0.347768 0.503508 0.011097
0.340789 0.512791 0.011152
0.327000 0.531060 0.011114
0.319141 0.537520 0.011209
0.311607 0.546257 0.011449
0.303965 0.554300 0.011175
0.296453 0.561506 0.011156
0.288739 0.569393 0.010979
0.278496 0.577581 0.011217
0.272687 0.583208 0.011247
0.262743 0.590588 0.011305
0.253606 0.597551 0.011218
0.245366 0.603440 0.011171
0.235286 0.610915 0.011052
0.226523 0.618166 0.011169
0.217736 0.624901 0.010868
0.207497 0.633227 0.011393
0.517260 0.269520 0.011263
0.508970 0.278233 0.011100
0.502818 0.286027 0.010980
0.495378 0.295002 0.011172
0.490231 0.304392 0.011096
0.484018 0.313622 0.011274
0.476907 0.323082 0.011187
0.471768 0.332347 0.011203
0.465144 0.341589 0.011288
0.460736 0.351407 0.011147
0.455073 0.360738 0.010967
0.448063 0.370223 0.011108
0.438151 0.391142 0.011086
0.432150 0.400462 0.011120
0.426846 0.410383 0.011068
0.422167 0.420869 0.011200
0.416919 0.430150 0.011262
0.410683 0.440904 0.011139
0.404317 0.450036 0.011132
0.399264 0.458970 0.011133
0.394469 0.468816 0.011170
0.387853 0.478763 0.011204
0.381842 0.486990 0.011370
0.374694 0.496756 0.011046
0.370198 0.505940 0.011013
0.363499 0.514750 0.011094
0.356132 0.523396 0.011094
0.349205 0.532853 0.011172
0.342243 0.539698 0.011050
0.333877 0.548597 0.011178
0.326654 0.556506 0.011286
0.318951 0.564003 0.011127
0.311589 0.570942 0.011285
0.303046 0.578562 0.011284
0.294112 0.586532 0.011226
0.286472 0.594167 0.011384
0.276276 0.601013 0.011097
0.268008 0.608276 0.011121
0.259619 0.615097 0.011206
0.250775 0.621312 0.011306
0.241566 0.627952 0.011311
0.232460 0.636135 0.011106
0.224871 0.642350 0.011203
0.532773 0.278868 0.011250
0.525886 0.288336 0.011071
0.517777 0.296013 0.011380
0.512048 0.305611 0.011130
0.505884 0.314595 0.011240
0.498194 0.323390 0.011276
0.492444 0.332240 0.011103
0.486948 0.342644 0.011100
0.480803 0.351812 0.010953
0.474923 0.361760 0.011135
0.473238 0.370383 0.011229
0.458674 0.390365 0.011098
0.454173 0.399345 0.011277
0.448364 0.411095 0.011268
0.443743 0.419826 0.011213
0.436570 0.429821 0.011151
0.431735 0.439723 0.011209
0.426787 0.450021 0.011188
0.420307 0.459594 0.011080
0.414456 0.468757 0.011428
0.409084 0.478375 0.011074
0.403557 0.488558 0.011165
0.397024 0.498133 0.011178
0.390322 0.506986 0.011106
0.383344 0.515978 0.011238
0.378597 0.524459 0.011122
0.372097 0.532737 0.011321
0.365309 0.541555 0.010946
0.356808 0.549888 0.011184
0.350771 0.557828 0.011186
0.342409 0.565509 0.010994
0.334708 0.574651 0.011323
0.325805 0.582359 0.011094
0.317615 0.588570 0.011147
0.308983 0.596005 0.011196
0.300978 0.604188 0.011018
0.292350 0.611435 0.011162
0.284880 0.617950 0.011288
0.275649 0.624995 0.011180
0.266847 0.631118 0.011101
0.256559 0.638879 0.011228
0.248963 0.644629 0.011122
0.239934 0.651886 0.011035
0.230126 0.658316 0.011231
0.548163 0.288649 0.011450
0.541420 0.297578 0.011151
0.533634 0.306460 0.011406
0.527867 0.313679 0.010992
0.519847 0.323821 0.011204
0.514060 0.333024 0.011086
0.508142 0.341679 0.011259
0.503413 0.350996 0.011115
0.496579 0.361021 0.011174
0.491460 0.370781 0.011181
0.485331 0.380341 0.011128
0.479928 0.389241 0.011183
0.474296 0.401027 0.011295
0.468934 0.408871 0.011117
0.464191 0.420386 0.011095
0.459297 0.429385 0.011026
0.452992 0.439455 0.011326
0.447609 0.449165 0.011171
0.441898 0.459588 0.011246
0.436838 0.469348 0.011141
0.430334 0.479082 0.011375
0.424964 0.488456 0.011280
0.418474 0.497464 0.011218
0.412946 0.507199 0.011117
0.406028 0.515981 0.011200
0.399521 0.525011 0.011158
0.393718 0.534019 0.011233
0.387653 0.542250 0.011286
0.378942 0.551168 0.011030
0.372922 0.559328 0.011090
0.365737 0.568165 0.011067
0.358537 0.575734 0.011291
0.349220 0.583310 0.011099
0.342675 0.590967 0.011097
0.333132 0.598755 0.011171
0.326263 0.605540 0.011304
0.316091 0.613008 0.011070
0.309258 0.620229 0.011150
0.300600 0.627252 0.011084
0.289791 0.634755 0.011333
0.282434 0.641187 0.011149
0.272562 0.648140 0.011202
0.264330 0.654949 0.011257
0.563519 0.297646 0.011154
0.556699 0.306747 0.011206
0.549226 0.315084 0.011382
0.543503 0.324452 0.011374
0.535911 0.332265 0.011155
0.530708 0.342696 0.010977
0.524584 0.350675 0.011139
0.518828 0.361342 0.011417
0.512600 0.370812 0.011290
0.506653 0.379960 0.011191
0.501887 0.389379 0.011218
0.495318 0.399718 0.011333
0.490609 0.408691 0.011075
0.484617 0.418434 0.011267
0.479007 0.429035 0.011077
0.474737 0.439454 0.010981
0.468389 0.449108 0.011322
0.463073 0.459305 0.011358
0.458568 0.469083 0.011286
0.452605 0.477797 0.011125
0.446136 0.488794 0.011247
0.440160 0.496614 0.011025
0.434321 0.507201 0.011134
0.428704 0.516028 0.011279
0.422217 0.525648 0.011221
0.415967 0.533910 0.010879
0.409230 0.543939 0.010980
0.402670 0.551980 0.011150
0.396663 0.560149 0.011139
0.388702 0.568532 0.011136
0.382083 0.577103 0.011139
0.372354 0.584586 0.011232
0.365448 0.593223 0.011222
0.358434 0.600090 0.011208
0.349481 0.607765 0.011032
0.341961 0.615215 0.011045
0.332717 0.622322 0.011148
0.324560 0.629355 0.011304
0.315954 0.636253 0.011108
0.305691 0.643624 0.011155
0.297663 0.650240 0.011198
0.289694 0.656783 0.011123
0.280816 0.664305 0.011031
0.272394 0.670313 0.011166
0.580066 0.306763 0.011116
0.571990 0.316405 0.011225
0.567116 0.324635 0.011195
0.559180 0.333779 0.011248
0.552954 0.342301 0.011075
0.546220 0.351268 0.011302
0.533222 0.370038 0.011204
0.528644 0.378501 0.011020
0.522735 0.390435 0.011179
0.515841 0.399045 0.011184
0.512261 0.408585 0.011358
0.506406 0.420041 0.011175
0.499760 0.428244 0.011127
0.495279 0.438608 0.011182
0.489377 0.449086 0.011300
0.485729 0.457367 0.011143
0.479542 0.468254 0.011078
0.474158 0.478082 0.011097
0.467899 0.487536 0.011141
0.462835 0.496201 0.011197
0.456634 0.506336 0.011085
0.451082 0.515280 0.011220
0.445143 0.524925 0.011235
0.437010 0.533606 0.011210
0.432858 0.542617 0.011225
0.425965 0.552592 0.011001
0.418961 0.561102 0.011198
0.412228 0.569131 0.011252
0.404975 0.577756 0.011045
0.397422 0.585826 0.011393
0.390834 0.594295 0.010964
0.381327 0.601965 0.011118
0.372748 0.609044 0.011211
0.365868 0.617534 0.011043
0.349760 0.630438 0.011116
0.341072 0.639109 0.011213
0.331436 0.646181 0.011135
0.323110 0.652981 0.011051
0.314698 0.659073 0.011173
0.304083 0.666735 0.011185
0.296234 0.673212 0.011205
0.286952 0.680471 0.011227
0.278694 0.686607 0.011204
0.258308 0.700086 0.010964
0.595793 0.317249 0.011300
0.588525 0.324219 0.011166
0.581915 0.333653 0.011038
0.575461 0.343128 0.011042
0.568721 0.351131 0.011338
0.562330 0.360566 0.011058
0.556251 0.369015 0.011046
0.549198 0.378866 0.011292
0.544616 0.388548 0.011265
0.538598 0.398032 0.011321
0.533047 0.408043 0.011221
0.527854 0.418778 0.011394
0.522483 0.427326 0.011238
0.516911 0.437374 0.011286
0.511229 0.446798 0.011213
0.507030 0.457383 0.011127
0.500570 0.467884 0.011135
0.495932 0.477113 0.011148
0.489975 0.488090 0.011050
0.484294 0.497038 0.011232
0.478122 0.506650 0.011258
0.472446 0.516822 0.011227
0.466794 0.525511 0.011182
0.460766 0.534367 0.011293
0.455066 0.542976 0.011243
0.448514 0.553098 0.011033
0.441461 0.561028 0.011166
0.435465 0.570243 0.011128
0.428093 0.578380 0.011217
0.420404 0.587955 0.011353
0.413474 0.595078 0.011300
0.406315 0.603612 0.011148
0.398304 0.610939 0.011099
0.389023 0.619221 0.011300
0.381990 0.626858 0.011166
0.373014 0.633509 0.011153
0.364811 0.641372 0.011152
0.355848 0.648321 0.011124
0.347978 0.654581 0.011018
0.339015 0.662083 0.011044
0.330275 0.668515 0.011231
0.322209 0.675514 0.011114
0.311979 0.682090 0.011191
0.303151 0.689632 0.011284
0.293043 0.695852 0.010914
0.283859 0.702492 0.011014
0.181003 0.756112 0.005511
0.189043 0.756184 0.006418
0.196602 0.756121 0.005524
0.204311 0.754821 0.006360
0.211778 0.756485 0.005618
0.219963 0.755989 0.005562
0.228449 0.756663 0.006322
0.234007 0.757796 0.006600
0.241956 0.755576 0.006014
0.249768 0.756144 0.006031
0.257998 0.756353 0.005754
0.265324 0.754954 0.006313
0.272999 0.755987 0.007324
0.281535 0.756504 0.005175
0.287122 0.755982 0.006564
0.295307 0.757193 0.006902
0.302766 0.757136 0.006290
0.309949 0.756944 0.006759
0.317823 0.756789 0.006170
0.333848 0.757104 0.006678
0.339253 0.755403 0.006661
0.349538 0.756513 0.005801
0.355118 0.755881 0.006126
0.362817 0.755470 0.006123
0.370347 0.756500 0.006025
0.380259 0.755773 0.005859
0.386648 0.756650 0.006558
0.393938 0.756955 0.005820
0.401868 0.756567 0.006423
0.409270 0.757013 0.006418
0.417607 0.756867 0.006984
0.424590 0.756489 0.006913
0.432710 0.756070 0.006127
0.439355 0.756965 0.005959
0.445415 0.757650 0.005867
0.453683 0.757161 0.006455
0.461704 0.756073 0.005856
0.467426 0.754030 0.007230
0.477736 0.756779 0.005696
0.139959 0.092194 0.007435
0.144798 0.092581 0.007427
0.150472 0.092191 0.007305
0.155151 0.092025 0.007346
0.160157 0.092176 0.007372
0.164590 0.092374 0.007132
0.170484 0.092039 0.007263
0.174718 0.092724 0.007313
0.180248 0.091614 0.007435
0.184023 0.091822 0.007476
0.189475 0.092024 0.007271
0.195924 0.092646 0.007437
0.199424 0.091678 0.007175
0.203636 0.091876 0.007229
0.209451 0.092243 0.007141
0.213936 0.092139 0.007230
0.219113 0.092064 0.007062
0.223629 0.092485 0.007092
0.228947 0.092367 0.007231
0.234391 0.091790 0.007016
0.238662 0.092084 0.007051
0.243608 0.092109 0.007290
0.248442 0.091827 0.007085
0.254064 0.092083 0.007280
0.259401 0.092520 0.007257
0.263607 0.092181 0.007190
0.268895 0.092367 0.007074
0.273539 0.092003 0.007459
0.283117 0.092497 0.007407
0.287905 0.091715 0.007263
0.292989 0.092481 0.007288
0.298721 0.091965 0.007449
0.302927 0.091776 0.007377
0.307172 0.093279 0.007444
0.313378 0.092530 0.007132
0.317843 0.092126 0.007193
0.329759 0.098241 0.007155
0.327340 0.092393 0.007172
0.332798 0.091954 0.007257
0.337773 0.092241 0.007115
0.342153 0.092578 0.007168
0.346959 0.092193 0.007439
0.351831 0.092585 0.007323
0.357110 0.091450 0.007508
0.362949 0.092235 0.007344
0.645195 0.084067 0.005106
0.648794 0.085580 0.004934
0.652419 0.085609 0.005016
0.656449 0.086804 0.004551
0.660544 0.087457 0.004578
0.664374 0.088287 0.004796
0.671418 0.089922 0.004935
0.674582 0.090651 0.004879
0.679000 0.091183 0.004841
0.682880 0.093121 0.004933
0.686337 0.093625 0.005052
0.690628 0.095006 0.005034
0.694335 0.096072 0.004797
0.697998 0.096502 0.004907
0.701112 0.097396 0.005121
0.705766 0.099255 0.004980
0.709917 0.099985 0.004862
0.713889 0.101371 0.004841
0.717663 0.102630 0.004787
0.720805 0.103348 0.004919
0.725147 0.104732 0.004904
0.732640 0.106495 0.005000
0.735916 0.107824 0.004997
0.740061 0.108935 0.005025
0.744117 0.110119 0.004798
0.747039 0.111795 0.005146
0.751819 0.112180 0.004939
0.755605 0.113923 0.004959
0.759369 0.114156 0.004822
0.762610 0.115535 0.004777
0.766278 0.116003 0.004783
0.771075 0.117819 0.004635
0.774745 0.118975 0.004799
0.778463 0.120349 0.004645
0.782525 0.120396 0.005079
0.787957 0.116070 0.004907
0.789559 0.121843 0.004799
0.793155 0.123060 0.004733
0.614869 0.072988 0.004789
0.618260 0.073223 0.005057
0.621574 0.074287 0.004820
0.625337 0.074698 0.004930
0.629392 0.074946 0.004666
0.633415 0.075243 0.004902
0.637117 0.075860 0.004973
0.641260 0.077048 0.004798
0.644911 0.076668 0.004658
0.648155 0.077359 0.004676
0.651769 0.078284 0.004653
0.656620 0.079172 0.004743
0.660131 0.079899 0.005083
0.663152 0.080799 0.004823
0.667327 0.081376 0.004740
0.671472 0.082580 0.004967
0.675267 0.083491 0.004810
0.679053 0.083774 0.004861
0.682960 0.084818 0.004815
0.686660 0.086459 0.004700
0.690974 0.087810 0.004701
0.694294 0.087837 0.004670
0.698195 0.089568 0.004847
0.701354 0.090162 0.004910
0.706198 0.091447 0.005067
0.709736 0.092038 0.004739
0.713489 0.093612 0.004695
0.717672 0.094942 0.005088
0.721043 0.095759 0.004743
0.724911 0.097071 0.004676
0.728383 0.097956 0.004757
0.732543 0.099400 0.004657
0.736433 0.100237 0.004987
0.740514 0.101587 0.005001
0.744271 0.102728 0.004947
0.747996 0.103730 0.004825
0.751184 0.104770 0.005010
0.755305 0.106137 0.004882
0.759404 0.107644 0.004802
0.763108 0.108442 0.004903
0.766444 0.109392 0.004898
0.771605 0.110523 0.005040
0.774803 0.111258 0.004651
0.778830 0.112501 0.004785
0.782933 0.112720 0.004752
0.786134 0.114200 0.004896
0.789685 0.115136 0.005082
0.793952 0.116021 0.004835
0.644932 0.069497 0.004836
0.648447 0.070022 0.004667
0.651986 0.071069 0.004704
0.660930 0.073622 0.004981
0.659548 0.071979 0.004659
0.662918 0.073166 0.004914
0.667494 0.074094 0.005215
0.670972 0.075107 0.004957
0.674857 0.075806 0.004908
0.679068 0.077747 0.004838
0.682245 0.076970 0.004996
0.686416 0.078289 0.004659
0.689979 0.080266 0.005125
0.693523 0.080447 0.005179
0.697713 0.082018 0.004962
0.702094 0.082400 0.004672
0.705586 0.083904 0.004716
0.709785 0.085326 0.004681
0.713389 0.085841 0.004892
0.717592 0.086993 0.004947
0.720788 0.088002 0.004859
0.725350 0.090266 0.005050
0.728938 0.090832 0.004770
0.732678 0.092159 0.005034
0.736695 0.093706 0.004532
0.740602 0.093773 0.005097
0.743997 0.095023 0.004805
0.747031 0.096324 0.005139
0.754690 0.098090 0.004879
0.758834 0.099483 0.004677
0.763347 0.100970 0.004756
0.766873 0.101703 0.004769
0.771157 0.103585 0.004950
0.773961 0.103611 0.004782
0.777952 0.104849 0.004850
0.781861 0.105775 0.004869
0.785056 0.106237 0.005027
0.789432 0.107330 0.004865
0.793628 0.107326 0.005022
0.618092 0.058404 0.004548
0.621399 0.058819 0.004856
0.625126 0.059646 0.004958
0.629256 0.059258 0.005028
0.633030 0.059862 0.004761
0.640639 0.061951 0.004755
0.644621 0.061933 0.004919
0.648349 0.062848 0.004725
0.652298 0.063073 0.004821
0.655371 0.064131 0.004738
0.659566 0.064981 0.004883
0.663292 0.065682 0.004773
0.667635 0.066452 0.004750
0.670765 0.066832 0.005145
0.675096 0.068606 0.005104
0.677998 0.068457 0.004943
0.682704 0.070291 0.004712
0.685649 0.070962 0.005013
0.690118 0.071726 0.004691
0.693818 0.073421 0.004749
0.697214 0.074607 0.004797
0.701553 0.075772 0.004751
0.705082 0.076552 0.004808
0.709043 0.076936 0.004977
0.712102 0.078487 0.004775
0.716268 0.078927 0.004819
0.720044 0.080239 0.004879
0.724239 0.082274 0.004924
0.728237 0.082857 0.004720
0.732017 0.084331 0.004926
0.731731 0.085698 0.004633
0.739889 0.086557 0.004718
0.743077 0.087874 0.004508
0.747532 0.088426 0.004757
0.751741 0.090065 0.004747
0.755633 0.091027 0.004972
0.758500 0.091368 0.004786
0.762292 0.093298 0.004785
0.766411 0.094261 0.005096
0.769665 0.094917 0.004753
0.773388 0.095762 0.005011
0.777690 0.097149 0.004701
0.781555 0.098005 0.004868
0.785399 0.098681 0.004974
0.788761 0.099692 0.004710
0.793178 0.100429 0.004910
0.617820 0.050809 0.004889
0.620563 0.050901 0.004707
0.624790 0.051031 0.004722
0.628854 0.052484 0.004975
0.632297 0.052724 0.004975
0.636693 0.052877 0.004701
0.640038 0.054052 0.004839
0.643516 0.054611 0.004713
0.647985 0.055101 0.004521
0.651166 0.055740 0.004792
0.655501 0.056157 0.004955
0.659361 0.056838 0.004929
0.662961 0.058036 0.004738
0.666702 0.059658 0.004922
0.670669 0.060259 0.005225
0.673323 0.060015 0.004893
0.672532 0.065914 0.004764
0.681629 0.062590 0.004791
0.685491 0.063247 0.004693
0.689402 0.064250 0.004867
0.693142 0.064933 0.004737
0.696925 0.066175 0.004873
0.701019 0.067453 0.004762
0.704124 0.068024 0.005019
0.708236 0.069696 0.004820
0.712327 0.070906 0.004750
0.716366 0.072610 0.004905
0.720339 0.073542 0.004895
0.724201 0.074723 0.004941
0.726963 0.075730 0.004644
0.731611 0.076251 0.004600
0.734893 0.078147 0.004727
0.738857 0.079137 0.005019
0.743445 0.080234 0.004887
0.746466 0.081381 0.004847
0.750472 0.082771 0.004772
0.754481 0.082667 0.005060
0.757543 0.084024 0.004999
0.762838 0.085679 0.005064
0.769572 0.087535 0.005015
0.773539 0.088820 0.004961
0.777250 0.088983 0.004809
0.781669 0.090955 0.004865
0.785255 0.091100 0.004816
0.789059 0.092606 0.004998
0.793206 0.093371 0.004973
0.635946 0.045981 0.004902
0.638854 0.046163 0.004950
0.643635 0.047011 0.004928
0.646597 0.046917 0.004855
0.650489 0.047787 0.004922
0.654685 0.048878 0.005039
0.658304 0.049764 0.004918
0.662026 0.051087 0.004791
0.665740 0.050667 0.004759
0.669637 0.052173 0.004799
0.673848 0.052970 0.004946
0.677510 0.053827 0.004827
0.681792 0.054693 0.004917
0.684544 0.055227 0.004959
0.688941 0.057274 0.004660
0.692484 0.057588 0.004957
0.695988 0.058786 0.004889
0.699376 0.059475 0.004613
0.704260 0.061220 0.004847
0.707938 0.062625 0.004843
0.712332 0.063341 0.004540
0.715706 0.065005 0.004783
0.719940 0.065926 0.004812
0.723224 0.066628 0.005126
0.727257 0.068443 0.004919
0.731043 0.069073 0.004681
0.735061 0.070405 0.004900
0.738107 0.070694 0.004713
0.742610 0.072609 0.004753
0.746155 0.073852 0.004749
0.750008 0.074405 0.004833
0.754201 0.076173 0.004697
0.757947 0.076836 0.004863
0.761907 0.077088 0.004852
0.765170 0.078162 0.005033
0.769308 0.079572 0.004607
0.772940 0.080991 0.004764
0.776590 0.081866 0.004693
0.780411 0.082935 0.004991
0.784632 0.083801 0.005043
0.788425 0.085018 0.004885
0.791902 0.085448 0.004712
0.612344 0.035106 0.004971
0.615930 0.035903 0.004889
0.619573 0.036528 0.004629
0.623344 0.036172 0.004600
0.626862 0.036515 0.004857
0.621705 0.037887 0.004736
0.634955 0.038398 0.005057
0.638657 0.038351 0.004768
0.642509 0.040115 0.004998
0.646199 0.039442 0.004582
0.650394 0.040369 0.004856
0.654422 0.041952 0.004867
0.657697 0.041987 0.004745
0.661700 0.042689 0.004820
0.665641 0.044302 0.005028
0.668445 0.044560 0.004928
0.674029 0.045089 0.004915
0.677955 0.047254 0.004726
0.680196 0.047125 0.004773
0.684536 0.048416 0.004829
0.690026 0.047254 0.004826
0.692185 0.049758 0.004873
0.695881 0.050781 0.004752
0.699423 0.052322 0.004732
0.702806 0.053311 0.004758
0.707652 0.054826 0.004919
0.711876 0.056008 0.004888
0.715307 0.057157 0.004772
0.718841 0.057464 0.005002
0.722776 0.059451 0.005087
0.726652 0.059956 0.004770
0.730625 0.061837 0.004728
0.734813 0.062675 0.004942
0.737652 0.063817 0.004790
0.742086 0.064908 0.004633
0.745269 0.065816 0.005147
0.749808 0.066736 0.004969
0.753363 0.067904 0.004700
0.757411 0.068948 0.004923
0.760890 0.069879 0.005025
0.765219 0.071699 0.004730
0.769294 0.072343 0.004723
0.772960 0.074043 0.005062
0.776120 0.073848 0.004862
0.779649 0.075015 0.004814
0.784127 0.076504 0.004683
0.787685 0.077728 0.004908
0.791211 0.077900 0.005134
0.612104 0.027407 0.005007
0.615184 0.027845 0.005073
0.619921 0.028330 0.004762
0.623111 0.028207 0.004954
0.626603 0.029433 0.004877
0.630275 0.030048 0.004846
0.633984 0.029967 0.004904
0.637817 0.030543 0.004913
0.641531 0.031277 0.004748
0.646046 0.032573 0.004561
0.649149 0.032852 0.004951
0.653508 0.033794 0.004926
0.656793 0.033931 0.004907
0.661063 0.035480 0.005093
0.664692 0.035550 0.004957
0.668729 0.036962 0.004875
0.672302 0.037387 0.005058
0.675749 0.038472 0.004696
0.680248 0.040268 0.004744
0.683603 0.040114 0.004982
0.687231 0.041210 0.004815
0.691052 0.043135 0.004922
0.694553 0.043949 0.004831
0.698906 0.044610 0.004968
0.702614 0.046225 0.005014
0.707120 0.047202 0.004971
0.710821 0.048513 0.004794
0.714016 0.049121 0.004841
0.717991 0.050854 0.004952
0.721590 0.050407 0.004864
0.725689 0.052438 0.004570
0.729290 0.053448 0.004850
0.733574 0.054649 0.004994
0.736782 0.055566 0.004756
0.741235 0.057914 0.004792
0.745128 0.058019 0.004667
0.748963 0.060210 0.004840
0.752909 0.060561 0.005026
0.756202 0.061486 0.004715
0.759962 0.062244 0.004816
0.764508 0.065148 0.004892
0.768125 0.064461 0.004944
0.771774 0.065506 0.004850
0.775839 0.066761 0.004773
0.778842 0.067126 0.005115
0.782924 0.068630 0.004984
0.786743 0.069232 0.004808
0.791023 0.070428 0.004786
0.633226 0.023125 0.004820
0.636875 0.022378 0.004948
0.640614 0.024067 0.005067
0.644987 0.025378 0.004726
0.648848 0.025031 0.004710
0.652759 0.025561 0.004893
0.656444 0.026581 0.004679
0.659695 0.027141 0.004745
0.663650 0.028511 0.005014
0.667842 0.029439 0.004927
0.671316 0.030159 0.004865
0.675618 0.030923 0.005088
0.679510 0.031366 0.004888
0.683527 0.032967 0.004940
0.687137 0.033901 0.004678
0.691524 0.035282 0.004924
0.694638 0.035965 0.004908
0.702986 0.038299 0.004841
0.705889 0.039926 0.004819
0.710042 0.040065 0.005057
0.713194 0.041312 0.004766
0.717099 0.042451 0.004933
0.719864 0.042118 0.004880
0.724629 0.044410 0.004895
0.729048 0.045874 0.004777
0.732791 0.047342 0.005097
0.737063 0.048752 0.004659
0.740182 0.049420 0.004806
0.744196 0.050429 0.004854
0.748028 0.051993 0.004813
0.751711 0.052892 0.004845
0.756009 0.054551 0.004818
0.759574 0.055426 0.005036
0.762771 0.056161 0.004907
0.766920 0.057112 0.005017
0.770297 0.058214 0.004844
0.774592 0.058639 0.004972
0.778646 0.059656 0.005006
0.782399 0.060624 0.005025
0.786938 0.062327 0.004741
0.789559 0.062240 0.005137
0.602260 0.011094 0.004806
0.606485 0.011827 0.004725
0.610129 0.011464 0.004783
0.613501 0.012704 0.005062
0.617258 0.012677 0.004819
0.621528 0.012797 0.004733
0.625325 0.014463 0.004685
0.630380 0.014838 0.004808
0.632959 0.014824 0.004763
0.636482 0.016181 0.004922
0.641026 0.016216 0.004812
0.644425 0.017500 0.004755
0.648178 0.017889 0.004935
0.651619 0.017774 0.005034
0.656069 0.019079 0.004868
0.659241 0.019494 0.004650
0.663215 0.020287 0.004685
0.667259 0.021439 0.004894
0.670898 0.022801 0.004796
0.674311 0.023046 0.004630
0.682717 0.025290 0.004863
0.687316 0.026862 0.004948
0.689307 0.027012 0.004958
0.692821 0.028484 0.004970
0.697274 0.028900 0.004826
0.701281 0.031052 0.004938
0.705051 0.031408 0.004879
0.708622 0.032748 0.004795
0.712946 0.033986 0.004805
0.716727 0.034685 0.004864
0.719926 0.035973 0.004699
0.723986 0.037052 0.004764
0.728464 0.038625 0.005190
0.732062 0.039522 0.004919
0.736521 0.041115 0.004898
0.739626 0.042689 0.004932
0.743829 0.042939 0.004923
0.747113 0.044130 0.004513
0.751739 0.045881 0.004703
0.755173 0.046461 0.004889
0.758751 0.048044 0.004816
0.762682 0.048906 0.004751
0.766039 0.049678 0.004876
0.770615 0.050520 0.004969
0.773747 0.051617 0.004569
0.777805 0.052859 0.005080
0.781668 0.053393 0.004874
0.785838 0.053635 0.004999
0.789234 0.054911 0.004790
0.640205 0.008736 0.004881
0.643779 0.009700 0.004763
0.647213 0.009713 0.004749
0.651128 0.011159 0.004935
0.655265 0.011408 0.004906
0.659352 0.012570 0.004803
0.663048 0.013613 0.004836
0.666416 0.013546 0.005094
0.670698 0.014804 0.005003
0.673684 0.015476 0.004655
0.677294 0.016206 0.005179
0.681865 0.017697 0.004711
0.686642 0.018959 0.004932
0.689460 0.019536 0.004852
0.692916 0.020570 0.004697
0.697573 0.022057 0.004714
0.700840 0.022549 0.004802
0.704335 0.024082 0.004568
0.708444 0.024718 0.005140
0.711971 0.026026 0.004905
0.716864 0.027819 0.004886
0.719269 0.028169 0.005108
0.724407 0.030068 0.004754
0.727653 0.031000 0.004826
0.731918 0.031959 0.004849
0.735527 0.033444 0.004934
0.738808 0.033904 0.004627
0.743677 0.035842 0.004759
0.747023 0.037185 0.004868
0.750425 0.037454 0.004651
0.754348 0.038902 0.004868
0.757969 0.040012 0.004894
0.761570 0.041199 0.004764
0.765284 0.041725 0.004816
0.769048 0.042915 0.004745
0.773865 0.043909 0.004752
0.777840 0.044975 0.004838
0.781954 0.045655 0.004510
0.784161 0.046162 0.004848
0.787671 0.046683 0.004872
0.947627 0.742207 0.008981
0.945989 0.735658 0.008616
0.942669 0.728412 0.009154
0.940990 0.720230 0.009784
0.938123 0.713943 0.009522
0.936475 0.704075 0.009579
0.935401 0.698732 0.008955
0.932764 0.691064 0.008576
0.930563 0.683759 0.008746
0.928864 0.675403 0.010011
0.926391 0.668877 0.009451
0.922989 0.661581 0.009024
0.921310 0.655474 0.009361
0.919177 0.646937 0.008817
0.917817 0.640422 0.009147
0.915418 0.633199 0.009217
0.912936 0.625318 0.008743
0.910952 0.617529 0.009447
0.908911 0.611034 0.008687
0.904478 0.603393 0.009659
0.905177 0.596150 0.009222
0.901934 0.587505 0.009565
0.899641 0.582426 0.008528
0.897725 0.574622 0.009380
0.895396 0.567557 0.008842
0.893614 0.558368 0.009404
0.890258 0.552355 0.008914
0.888619 0.545334 0.009470
0.886811 0.536727 0.008790
0.883933 0.529069 0.008601
0.882102 0.522452 0.009986
0.880154 0.515908 0.010767
0.877135 0.507545 0.009230
0.875683 0.501330 0.008907
0.874652 0.493824 0.008968
0.872365 0.487769 0.008023
0.868814 0.479956 0.009508
0.868135 0.471591 0.009149
0.865187 0.464899 0.009934
0.863203 0.458079 0.009318
0.859981 0.450167 0.009263
0.857179 0.442381 0.008880
0.855702 0.435472 0.009630
0.853419 0.427965 0.008579
0.931463 0.747064 0.010229
0.928264 0.740605 0.008847
0.925889 0.732644 0.009487
0.924434 0.725837 0.009853
0.920453 0.718104 0.008845
0.919681 0.709637 0.009127
0.917167 0.703357 0.009549
0.915738 0.696565 0.009100
0.913239 0.688610 0.009694
0.910086 0.680802 0.009147
0.908977 0.674359 0.009084
0.907166 0.667594 0.008769
0.903735 0.660622 0.008664
0.902608 0.653330 0.008813
0.899810 0.644549 0.009411
0.898055 0.637113 0.009054
0.896045 0.629388 0.008682
0.894417 0.623963 0.009571
0.891124 0.615473 0.009663
0.888563 0.608891 0.009550
0.886940 0.601271 0.008707
0.884090 0.593598 0.009754
0.882850 0.586237 0.010057
0.879952 0.579514 0.009276
0.878001 0.572673 0.008490
0.876475 0.564421 0.008686
0.874764 0.557785 0.009435
0.872468 0.550510 0.009803
0.869195 0.543224 0.008914
0.867061 0.535424 0.009215
0.865338 0.528704 0.008881
0.862538 0.520681 0.008548
0.860772 0.514663 0.009043
0.858010 0.507445 0.009568
0.856281 0.500014 0.008756
0.853818 0.491879 0.009931
0.851871 0.484621 0.009762
0.850070 0.477273 0.008592
0.847798 0.469576 0.010055
0.845417 0.461229 0.009496
0.842449 0.455276 0.009380
0.841012 0.449953 0.008554
0.837459 0.441544 0.009376
0.912184 0.751278 0.009132
0.910604 0.744401 0.009461
0.908583 0.737531 0.009653
0.904693 0.730119 0.009448
0.904912 0.723299 0.009208
0.901247 0.716290 0.009119
0.898751 0.707734 0.009218
0.898811 0.702416 0.008572
0.895995 0.693397 0.009572
0.894665 0.686134 0.008866
0.890534 0.679887 0.009673
0.888567 0.671640 0.010058
0.886525 0.664583 0.009306
0.885058 0.658570 0.008755
0.882570 0.651436 0.009664
0.880575 0.642177 0.008135
0.879006 0.635785 0.010339
0.875320 0.628096 0.008651
0.874919 0.621525 0.009329
0.872507 0.614293 0.009643
0.869568 0.607074 0.008802
0.865164 0.592113 0.009527
0.862394 0.584496 0.008825
0.860713 0.578205 0.009733
0.858043 0.570055 0.009473
0.855429 0.561808 0.009121
0.854192 0.555222 0.009517
0.851495 0.548991 0.010018
0.850264 0.541253 0.009046
0.847336 0.532794 0.009383
0.844957 0.527024 0.009387
0.842643 0.519472 0.009997
0.840570 0.511677 0.009066
0.839523 0.503652 0.009271
0.836352 0.496100 0.009291
0.834316 0.490061 0.009173
0.832336 0.482477 0.009639
0.830318 0.475228 0.008762
0.827782 0.467680 0.008922
0.824883 0.460129 0.008306
0.823622 0.453632 0.009023
0.896567 0.756407 0.009912
0.893284 0.750255 0.008688
0.889981 0.741942 0.008909
0.888634 0.735714 0.009348
0.886587 0.728276 0.008972
0.885559 0.722382 0.009644
0.882488 0.714033 0.008858
0.879857 0.707066 0.008852
0.878390 0.698152 0.009298
0.876054 0.693011 0.009476
0.874503 0.683722 0.009305
0.871633 0.678391 0.010321
0.870175 0.671130 0.009470
0.868595 0.664586 0.009294
0.864490 0.656432 0.008736
0.862728 0.648801 0.009859
0.860058 0.641081 0.010132
0.858427 0.634282 0.009038
0.855753 0.625211 0.009785
0.854646 0.618727 0.009434
0.852761 0.611764 0.009423
0.850333 0.605198 0.009021
0.847422 0.597754 0.008963
0.845583 0.589850 0.009673
0.841505 0.583170 0.008953
0.840707 0.575677 0.008549
0.838858 0.568397 0.009049
0.835528 0.561130 0.009585
0.836158 0.552211 0.009546
0.831944 0.545817 0.010016
0.829513 0.539877 0.009285
0.828460 0.532184 0.008359
0.826701 0.524171 0.009420
0.823526 0.517788 0.008041
0.820700 0.510122 0.010695
0.818756 0.501989 0.008742
0.816677 0.495303 0.009033
0.815145 0.487917 0.009669
0.812148 0.481310 0.008981
0.810290 0.473237 0.008730
0.809297 0.465976 0.010004
0.805476 0.457579 0.010231
0.804106 0.450962 0.008946
0.801881 0.443811 0.007342
0.799250 0.436371 0.008493
0.797323 0.428666 0.008976
0.795231 0.421173 0.009603
0.878678 0.763378 0.009809
0.873492 0.747209 0.009069
0.870909 0.739691 0.009875
0.869409 0.732998 0.008840
0.866580 0.727474 0.009120
0.864823 0.719361 0.009135
0.863499 0.711710 0.009106
0.860359 0.705086 0.008999
0.857879 0.698085 0.009270
0.855335 0.690401 0.009644
0.853594 0.682459 0.009090
0.851654 0.676175 0.009255
0.849367 0.668107 0.009325
0.847383 0.660433 0.009111
0.845447 0.653282 0.009174
0.843479 0.646300 0.009650
0.840800 0.638557 0.008789
0.838577 0.631619 0.008918
0.836559 0.624740 0.008848
0.834678 0.616525 0.008581
0.833018 0.609963 0.008460
0.830715 0.602786 0.009467
0.827629 0.594879 0.009060
0.824835 0.587422 0.008721
0.823302 0.580040 0.009431
0.819931 0.573615 0.009699
0.819671 0.565540 0.009078
0.818345 0.559152 0.009711
0.814489 0.550829 0.009668
0.812604 0.543943 0.009302
0.809517 0.537380 0.009152
0.808133 0.529278 0.008502
0.806341 0.521982 0.009863
0.803984 0.514734 0.009368
0.801662 0.508258 0.010655
0.799774 0.498398 0.009740
0.798053 0.494290 0.009021
0.794734 0.486012 0.009045
0.793499 0.479051 0.009250
0.791685 0.471735 0.009996
0.788681 0.463899 0.009152
0.786141 0.457121 0.009603
0.783263 0.448908 0.008576
0.781259 0.441584 0.008447
0.778530 0.433843 0.009606
0.777829 0.427436 0.008957
0.776138 0.420903 0.009277
0.772837 0.411992 0.010301
0.769497 0.406238 0.009375
0.860839 0.768793 0.009345
0.858510 0.762036 0.010240
0.857628 0.754409 0.009307
0.853838 0.746588 0.009000
0.853247 0.738608 0.010184
0.850262 0.732269 0.008730
0.848235 0.724829 0.008714
0.846382 0.717984 0.008826
0.843342 0.710557 0.008740
0.840891 0.703887 0.008885
0.838969 0.694949 0.009072
0.837273 0.688378 0.008656
0.834350 0.680917 0.008690
0.834030 0.672530 0.009327
0.830169 0.665960 0.008102
0.827231 0.659284 0.008147
0.825396 0.649853 0.010249
0.824330 0.643755 0.008924
0.820755 0.636990 0.009591
0.819578 0.631001 0.009274
0.817422 0.621622 0.009198
0.813235 0.616772 0.009178
0.812220 0.607301 0.009493
0.810199 0.600933 0.008934
0.808494 0.593425 0.011028
0.806116 0.585253 0.009541
0.802834 0.579393 0.009204
0.803019 0.571591 0.008908
0.799755 0.563367 0.008817
0.796792 0.556142 0.009711
0.794929 0.549700 0.008672
0.793474 0.542262 0.009466
0.790967 0.534625 0.009934
0.788272 0.528883 0.009444
0.787340 0.520796 0.010308
0.784651 0.512517 0.008173
0.781629 0.505532 0.009056
0.779400 0.499367 0.008838
0.778937 0.491166 0.010868
0.775203 0.484224 0.008736
0.843140 0.773819 0.009832
0.841161 0.766826 0.008334
0.840530 0.758796 0.009146
0.836000 0.751690 0.009100
0.833931 0.745152 0.008694
0.832775 0.736800 0.009241
0.830049 0.730446 0.007947
0.828715 0.722398 0.008254
0.826088 0.715952 0.009585
0.823891 0.708483 0.009857
0.820960 0.701279 0.008586
0.818992 0.692780 0.008560
0.816781 0.686980 0.008552
0.813457 0.678761 0.009165
0.812308 0.671589 0.009215
0.809236 0.663717 0.009343
0.808143 0.657655 0.010016
0.805438 0.649224 0.009502
0.805467 0.643141 0.008767
0.802564 0.635136 0.009647
0.800100 0.627129 0.008874
0.797549 0.619644 0.009243
0.794073 0.611469 0.009380
0.792304 0.605872 0.009047
0.789737 0.598872 0.008756
0.787525 0.591157 0.009335
0.786961 0.583660 0.008763
0.783958 0.576122 0.009198
0.781219 0.569104 0.009024
0.779929 0.562347 0.008583
0.776600 0.554303 0.009554
0.775594 0.546627 0.009505
0.772974 0.540760 0.008588
0.771052 0.533315 0.008867
0.768440 0.526496 0.009185
0.767330 0.519796 0.009886
0.764768 0.510842 0.007957
0.762490 0.503584 0.009804
0.760205 0.495701 0.008968
0.759201 0.489837 0.009339
0.756005 0.480419 0.009442
0.825886 0.778026 0.009288
0.824261 0.769706 0.008869
0.821144 0.763880 0.010176
0.818816 0.757018 0.009298
0.817376 0.748888 0.009236
0.815204 0.743157 0.009554
0.812849 0.735349 0.009047
0.811259 0.726740 0.009624
0.808392 0.719083 0.008923
0.806138 0.712199 0.008559
0.804088 0.705874 0.008348
0.801756 0.698398 0.008323
0.800322 0.691150 0.010226
0.797172 0.683251 0.008852
0.795419 0.676911 0.009684
0.793266 0.669012 0.009326
0.791435 0.661446 0.009369
0.789207 0.654614 0.008885
0.786709 0.647408 0.009253
0.785016 0.638974 0.009928
0.782161 0.631163 0.009933
0.779843 0.626135 0.010041
0.777870 0.618518 0.008944
0.775913 0.609836 0.009233
0.773744 0.604422 0.008810
0.770713 0.594622 0.009789
0.769414 0.589830 0.009112
0.765634 0.582121 0.010454
0.763924 0.574288 0.008959
0.761390 0.567846 0.008498
0.760834 0.560008 0.009712
0.758367 0.552425 0.008512
0.755126 0.545941 0.009440
0.754215 0.537606 0.009692
0.751622 0.531334 0.009280
0.750151 0.522989 0.009791
0.747716 0.516051 0.008320
0.745318 0.509315 0.009143
0.743007 0.500295 0.008996
0.741713 0.495418 0.009744
0.739082 0.487217 0.009640
0.736148 0.479951 0.009813
0.735634 0.472243 0.009583
0.808328 0.784014 0.008930
0.805970 0.776924 0.008893
0.804052 0.768607 0.008697
0.801983 0.762849 0.008541
0.799561 0.755295 0.008386
0.798270 0.746411 0.008798
0.796116 0.740552 0.009644
0.792956 0.733105 0.009104
0.791104 0.725450 0.010423
0.788961 0.718329 0.010173
0.786622 0.711392 0.009142
0.784445 0.703575 0.008990
0.782406 0.697867 0.010211
0.780957 0.687797 0.009373
0.778019 0.682180 0.009681
0.776726 0.674925 0.009195
0.773374 0.667884 0.008772
0.771330 0.659676 0.009722
0.768110 0.652334 0.009049
0.772415 0.652147 0.008482
0.765349 0.637641 0.008990
0.762802 0.631941 0.009314
0.761676 0.624173 0.009689
0.757575 0.616430 0.008769
0.756214 0.608356 0.009368
0.753600 0.601868 0.008349
0.752212 0.594475 0.009900
0.749492 0.586969 0.009721
0.747563 0.579258 0.008862
0.745617 0.572409 0.008964
0.743574 0.565559 0.010143
0.740670 0.557581 0.009370
0.738686 0.550428 0.009371
0.737131 0.543634 0.009507
0.734620 0.536038 0.009095
0.732315 0.528423 0.009368
0.729570 0.521148 0.009045
0.727785 0.514137 0.009926
0.724637 0.505593 0.008149
0.723669 0.498871 0.008935
0.721121 0.492339 0.009416
0.718213 0.484881 0.009612
0.715372 0.477274 0.009577
0.714289 0.470588 0.009076
0.711905 0.461575 0.008637
0.709329 0.456204 0.008332
0.708096 0.447835 0.009976
0.791716 0.788677 0.008917
0.788901 0.780643 0.009564
0.786797 0.775042 0.009823
0.785916 0.766114 0.009508
0.781778 0.759410 0.008457
0.781253 0.753095 0.008814
0.778328 0.745602 0.007819
0.775788 0.737956 0.008465
0.773514 0.731209 0.009133
0.770499 0.723009 0.009745
0.770332 0.717155 0.010068
0.767368 0.708156 0.009153
0.764608 0.701111 0.008346
0.762849 0.695030 0.008759
0.760245 0.688053 0.008739
0.757570 0.680398 0.009249
0.755533 0.672429 0.009709
0.753905 0.665925 0.008552
0.751637 0.656390 0.009071
0.750139 0.650120 0.009396
0.747525 0.643698 0.009317
0.744906 0.634971 0.009426
0.742958 0.628209 0.009945
0.740781 0.620537 0.008763
0.738212 0.613836 0.009755
0.736208 0.605843 0.009050
0.733584 0.599182 0.008963
0.731862 0.593027 0.008507
0.730442 0.584155 0.008754
0.728011 0.577505 0.009021
0.724751 0.571537 0.009765
0.723192 0.563170 0.009731
0.721026 0.555726 0.009110
0.719297 0.548348 0.009157
0.717498 0.541626 0.009145
0.715110 0.533620 0.009221
0.710616 0.526182 0.009082
0.709594 0.520004 0.008994
0.707407 0.512497 0.009084
0.706429 0.504516 0.010264
0.704288 0.497890 0.008260
0.702907 0.489770 0.008857
0.699324 0.481646 0.008629
0.697809 0.475462 0.008740
0.693766 0.467752 0.007982
0.692937 0.459950 0.010007
0.691465 0.452970 0.009085
0.773945 0.793669 0.008327
0.770102 0.786162 0.009633
0.769316 0.778983 0.008820
0.768301 0.773200 0.009414
0.763894 0.765471 0.009333
0.762519 0.757581 0.009681
0.760525 0.751019 0.009029
0.758389 0.742389 0.008848
0.755618 0.735371 0.009604
0.753881 0.728360 0.009564
0.751149 0.721942 0.008564
0.748609 0.714297 0.008971
0.747848 0.706158 0.008525
0.745275 0.698642 0.010076
0.743481 0.692030 0.009101
0.740798 0.685391 0.009331
0.738595 0.676263 0.010595
0.737179 0.670359 0.009392
0.733768 0.662242 0.009250
0.733454 0.656075 0.009209
0.729680 0.649741 0.010241
0.727061 0.641234 0.011589
0.725397 0.634358 0.009446
0.723406 0.626185 0.009157
0.721685 0.618658 0.008429
0.718862 0.612064 0.009443
0.716330 0.603787 0.009203
0.715742 0.597271 0.009081
0.711470 0.589660 0.009532
0.710229 0.583846 0.009559
0.707531 0.576193 0.008941
0.705319 0.565786 0.009471
0.703182 0.560560 0.009776
0.701240 0.553342 0.008774
0.699741 0.545622 0.009413
0.697905 0.540124 0.009293
0.694903 0.531540 0.008697
0.692594 0.525076 0.009973
0.691399 0.517071 0.009197
0.688308 0.509846 0.009345
0.686165 0.503253 0.009475
