0.383986 0.502459 0.025327
0.434163 0.512214 0.025810
0.481214 0.518528 0.025377
0.532404 0.534433 0.025658
0.585490 0.549178 0.026212
0.635933 0.554177 0.026014
0.691472 0.565185 0.026205
0.737224 0.572757 0.026003
0.788225 0.575936 0.026436
0.832988 0.590073 0.025147
0.895040 0.602392 0.025744
0.371903 0.547345 0.026278
0.428479 0.561061 0.025648
0.471059 0.571440 0.025748
0.529775 0.583251 0.026127
0.572370 0.595426 0.025621
0.621051 0.606274 0.026348
0.670463 0.604274 0.026665
0.730589 0.621910 0.025068
0.780434 0.632015 0.025447
0.830753 0.638019 0.025116
0.886392 0.649343 0.025898
0.367626 0.600106 0.026051
0.417213 0.609739 0.024556
0.459119 0.624074 0.025225
0.514724 0.638506 0.025557
0.565027 0.641613 0.025491
0.612975 0.654187 0.025376
0.667201 0.662996 0.026176
0.718725 0.672668 0.025526
0.768235 0.682310 0.025908
0.813937 0.690078 0.026145
0.865704 0.708450 0.025361
0.347816 0.653691 0.025655
0.400125 0.666398 0.025820
0.450024 0.670517 0.026040
0.505871 0.683122 0.025212
0.602406 0.699308 0.025996
0.652644 0.714166 0.026138
0.703212 0.720402 0.025830
0.756509 0.727327 0.024962
0.808657 0.749136 0.025835
0.858111 0.752961 0.025349
0.351902 0.710798 0.025571
0.396212 0.714122 0.025478
0.443636 0.723781 0.025471
0.493782 0.737116 0.025367
0.542592 0.746421 0.026587
0.593758 0.749843 0.025560
0.640761 0.760980 0.025670
0.694703 0.770365 0.025455
0.744627 0.782030 0.025754
0.795959 0.796714 0.025888
0.844418 0.801906 0.025403
0.335060 0.750697 0.026134
0.382759 0.757587 0.025879
0.431145 0.772470 0.025548
0.484745 0.782672 0.024989
0.533439 0.795229 0.026074
0.593526 0.807446 0.025348
0.632934 0.808867 0.025289
0.688058 0.823726 0.025573
0.735368 0.833011 0.025899
0.793411 0.846434 0.025310
0.838319 0.854249 0.025532
0.320973 0.798814 0.026416
0.374936 0.811479 0.024980
0.417275 0.821917 0.025052
0.471372 0.838393 0.025545
0.525168 0.847641 0.026080
0.577451 0.854676 0.025779
0.626834 0.857736 0.026461
0.673783 0.873391 0.026446
0.727788 0.883880 0.025466
0.826225 0.905450 0.025205
0.314506 0.851317 0.025894
0.361868 0.862420 0.025343
0.412402 0.872775 0.025141
0.465726 0.886809 0.025856
0.514254 0.896036 0.025185
0.564957 0.901878 0.025255
0.618759 0.910461 0.026272
0.669466 0.927115 0.026210
0.719289 0.929617 0.025421
0.762469 0.946692 0.025364
0.813783 0.954672 0.025582
0.298895 0.908412 0.025137
0.356358 0.909598 0.025585
0.406032 0.925798 0.025290
0.454963 0.927735 0.025199
0.502388 0.944387 0.025071
0.555253 0.950158 0.025248
0.599825 0.962249 0.026417
0.654584 0.971592 0.024863
0.698065 0.985792 0.025682
0.755505 0.992648 0.025620
0.802528 1.006567 0.025348
0.293689 0.951873 0.026171
0.342311 0.963722 0.025641
0.392843 0.976735 0.025723
0.445725 0.979903 0.025873
0.492210 0.993103 0.026091
0.539885 0.998961 0.026068
0.594054 1.011157 0.025581
0.642941 1.023639 0.026206
0.698349 1.037391 0.025610
0.740685 1.043620 0.025693
0.789896 1.050578 0.025165
0.279906 1.001175 0.025791
0.333803 1.014252 0.025381
0.384147 1.024790 0.025885
0.432293 1.032854 0.025867
0.482630 1.048865 0.026939
0.531465 1.048557 0.025461
0.586827 1.064323 0.025095
0.632965 1.075354 0.025731
0.685584 1.090170 0.025246
0.730506 1.100244 0.026051
0.784676 1.104681 0.024930
0.272476 1.052403 0.025228
0.315582 1.064913 0.026326
0.372585 1.073834 0.026048
0.421804 1.082289 0.025663
0.471699 1.097014 0.025261
0.525333 1.106192 0.026013
0.572337 1.111784 0.026367
0.624518 1.122052 0.025164
0.671087 1.135007 0.025826
0.726448 1.143035 0.026646
0.772240 1.155853 0.025699
0.261716 1.107256 0.025796
0.311365 1.111516 0.026002
0.365206 1.126996 0.025228
0.410091 1.139693 0.024881
0.465888 1.139993 0.025541
0.516814 1.152368 0.026367
0.561938 1.163311 0.026123
0.611279 1.173324 0.025988
0.662456 1.188231 0.025502
0.712748 1.197967 0.025846
0.767801 1.207592 0.025588
0.257426 1.150592 0.026035
0.300608 1.163480 0.025340
0.349566 1.174234 0.027054
0.394379 1.185750 0.025912
0.449497 1.194214 0.025818
0.498332 1.208124 0.025191
0.552238 1.212586 0.025004
0.602717 1.226374 0.024980
0.649498 1.230614 0.025968
0.702645 1.244512 0.025906
0.752636 1.255633 0.025910
