379.27 63.10 19.59
418.87 68.85 19.59
458.47 73.51 19.59
498.07 75.93 19.59
537.67 75.51 19.59
577.27 72.36 19.59
616.88 67.25 19.59
656.48 61.44 19.59
696.08 56.35 19.59
376.31 102.70 19.59
415.91 108.45 19.59
455.51 113.11 19.59
495.11 115.53 19.59
534.71 115.11 19.59
574.31 111.96 19.59
613.91 106.85 19.59
653.51 101.04 19.59
693.11 95.95 19.59
367.93 142.30 19.59
407.53 148.06 19.59
447.13 152.72 19.59
486.73 155.13 19.59
526.33 154.71 19.59
565.93 151.56 19.59
605.53 146.45 19.59
645.13 140.64 19.59
684.73 135.55 19.59
355.45 181.90 19.59
395.05 187.66 19.59
434.65 192.32 19.59
474.25 194.73 19.59
513.85 194.32 19.59
553.45 191.16 19.59
593.05 186.05 19.59
632.65 180.24 19.59
672.26 175.15 19.59
340.81 221.50 19.59
380.41 227.26 19.59
420.01 231.92 19.59
459.61 234.33 19.59
499.22 233.92 19.59
538.82 230.76 19.59
578.42 225.65 19.59
618.02 219.84 19.59
657.62 214.75 19.59
326.30 261.10 19.59
365.90 266.86 19.59
405.50 271.52 19.59
445.10 273.94 19.59
484.70 273.52 19.59
524.30 270.36 19.59
563.90 265.25 19.59
603.50 259.44 19.59
643.10 254.35 19.59
353.77 306.46 19.59
393.37 311.12 19.59
432.97 313.54 19.59
472.57 313.12 19.59
512.17 309.96 19.59
551.77 304.85 19.59
591.37 299.04 19.59
630.97 293.95 19.59
306.31 340.30 19.59
345.91 346.06 19.59
385.51 350.72 19.59
425.11 353.14 19.59
464.71 352.72 19.59
504.31 349.57 19.59
543.91 344.45 19.59
623.11 333.55 19.59
303.95 379.90 19.59
343.55 385.66 19.59
383.15 390.32 19.59
422.75 392.74 19.59
462.36 392.32 19.59
501.96 389.17 19.59
541.56 384.05 19.59
581.16 378.24 19.59
620.76 373.16 19.59
307.46 419.50 19.59
347.06 425.26 19.59
386.66 429.92 19.59
426.26 432.34 19.59
465.86 431.92 19.59
505.47 428.77 19.59
545.07 423.66 19.59
584.67 417.84 19.59
624.27 412.76 19.59
316.29 459.10 19.59
355.89 464.86 19.59
395.49 469.52 19.59
435.09 471.94 19.59
474.69 471.52 19.59
514.29 468.37 19.59
553.90 463.26 19.59
593.50 457.44 19.59
633.10 452.36 19.59
329.06 498.70 19.59
368.67 504.46 19.59
408.27 509.12 19.59
447.87 511.54 19.59
487.47 511.12 19.59
527.07 507.97 19.59
566.67 502.86 19.59
606.27 497.04 19.59
645.87 491.96 19.59
343.79 538.30 19.59
383.39 544.06 19.59
422.99 548.72 19.59
462.59 551.14 19.59
502.19 550.72 19.59
541.79 547.57 19.59
581.39 542.46 19.59
620.99 536.64 19.59
660.59 531.56 19.59
358.17 577.90 19.59
397.78 583.66 19.59
437.38 588.32 19.59
476.98 590.74 19.59
516.58 590.32 19.59
556.18 587.17 19.59
595.78 582.06 19.59
635.38 576.24 19.59
369.98 617.51 19.59
409.58 623.26 19.59
449.18 627.92 19.59
488.78 630.34 19.59
567.98 626.77 19.59
607.58 621.66 19.59
647.18 615.84 19.59
686.78 610.76 19.59
377.35 657.11 19.59
416.95 662.86 19.59
456.56 667.52 19.59
496.16 669.94 19.59
535.76 669.52 19.59
575.36 666.37 19.59
614.96 661.26 19.59
654.56 655.45 19.59
694.16 650.36 19.59
379.16 696.71 19.59
418.76 702.46 19.59
458.36 707.12 19.59
497.96 709.54 19.59
537.56 709.12 19.59
577.16 705.97 19.59
616.76 700.86 19.59
656.36 695.05 19.59
695.96 689.96 19.59
375.11 736.31 19.59
414.71 742.06 19.59
454.31 746.72 19.59
493.91 749.14 19.59
533.52 748.72 19.59
573.12 745.57 19.59
612.72 740.46 19.59
652.32 734.65 19.59
691.92 729.56 19.59
365.84 775.91 19.59
405.44 781.66 19.59
445.04 786.32 19.59
484.64 788.74 19.59
524.24 788.32 19.59
563.85 785.17 19.59
603.45 780.06 19.59
643.05 774.25 19.59
682.65 769.16 19.59
352.79 815.51 19.59
392.39 821.26 19.59
431.99 825.92 19.59
471.60 828.34 19.59
511.20 827.92 19.59
550.80 824.77 19.59
590.40 819.66 19.59
630.00 813.85 19.59
669.60 808.76 19.59
338.00 855.11 19.59
377.60 860.87 19.59
456.80 867.94 19.59
496.40 867.52 19.59
575.60 859.26 19.59
615.20 853.45 19.59
654.80 848.36 19.59
323.77 894.71 19.59
363.37 900.47 19.59
402.97 905.13 19.59
442.57 907.54 19.59
482.17 907.13 19.59
521.77 903.97 19.59
561.37 898.86 19.59
600.97 893.05 19.59
640.57 887.96 19.59
312.31 934.31 19.59
351.91 940.07 19.59
391.51 944.73 19.59
431.11 947.14 19.59
470.72 946.73 19.59
510.32 943.57 19.59
549.92 938.46 19.59
589.52 932.65 19.59
629.12 927.56 19.59
