0.379272 0.063098 0.019586
0.418872 0.068854 0.019586
0.458473 0.073514 0.019586
0.498074 0.075932 0.019586
0.537674 0.075514 0.019586
0.577275 0.072361 0.019586
0.616875 0.067250 0.019586
0.656476 0.061437 0.019586
0.696076 0.056351 0.019586
0.376305 0.102698 0.019586
0.415906 0.108455 0.019586
0.455506 0.113115 0.019586
0.495107 0.115533 0.019586
0.534707 0.115114 0.019586
0.574308 0.111962 0.019586
0.613908 0.106851 0.019586
0.653509 0.101038 0.019586
0.693110 0.095952 0.019586
0.367930 0.142299 0.019586
0.407530 0.148055 0.019586
0.447131 0.152715 0.019586
0.486731 0.155133 0.019586
0.526332 0.154715 0.019586
0.565932 0.151563 0.019586
0.605533 0.146452 0.019586
0.645134 0.140638 0.019586
0.684734 0.135552 0.019586
0.355451 0.181899 0.019586
0.395051 0.187656 0.019586
0.434652 0.192316 0.019586
0.474252 0.194734 0.019586
0.513853 0.194315 0.019586
0.553453 0.191163 0.019586
0.593054 0.186052 0.019586
0.632655 0.180239 0.019586
0.672255 0.175153 0.019586
0.340813 0.221500 0.019586
0.380413 0.227256 0.019586
0.420014 0.231917 0.019586
0.459615 0.234334 0.019586
0.499215 0.233916 0.019586
0.538816 0.230764 0.019586
0.578416 0.225653 0.019586
0.618017 0.219839 0.019586
0.657617 0.214753 0.019586
0.326297 0.261100 0.019586
0.365898 0.266857 0.019586
0.405498 0.271517 0.019586
0.445099 0.273935 0.019586
0.484700 0.273516 0.019586
0.524300 0.270364 0.019586
0.563901 0.265253 0.019586
0.603501 0.259440 0.019586
0.643102 0.254354 0.019586
0.353767 0.306458 0.019586
0.393367 0.311118 0.019586
0.432968 0.313536 0.019586
0.472568 0.313117 0.019586
0.512169 0.309965 0.019586
0.551770 0.304854 0.019586
0.591370 0.299041 0.019586
0.630971 0.293954 0.019586
0.306310 0.340302 0.019586
0.345911 0.346058 0.019586
0.385511 0.350718 0.019586
0.425112 0.353136 0.019586
0.464712 0.352718 0.019586
0.504313 0.349565 0.019586
0.543913 0.344454 0.019586
0.623114 0.333555 0.019586
0.303953 0.379902 0.019586
0.343554 0.385659 0.019586
0.383154 0.390319 0.019586
0.422755 0.392737 0.019586
0.462355 0.392318 0.019586
0.501956 0.389166 0.019586
0.541556 0.384055 0.019586
0.581157 0.378242 0.019586
0.620757 0.373155 0.019586
0.307463 0.419503 0.019586
0.347063 0.425259 0.019586
0.386664 0.429919 0.019586
0.426264 0.432337 0.019586
0.465865 0.431919 0.019586
0.505465 0.428766 0.019586
0.545066 0.423655 0.019586
0.584666 0.417842 0.019586
0.624267 0.412756 0.019586
0.316292 0.459103 0.019586
0.355892 0.464860 0.019586
0.395493 0.469520 0.019586
0.435093 0.471938 0.019586
0.474694 0.471519 0.019586
0.514295 0.468367 0.019586
0.553895 0.463256 0.019586
0.593496 0.457443 0.019586
0.633096 0.452356 0.019586
0.329065 0.498704 0.019586
0.368665 0.504460 0.019586
0.408266 0.509120 0.019586
0.447866 0.511538 0.019586
0.487467 0.511120 0.019586
0.527067 0.507967 0.019586
0.566668 0.502856 0.019586
0.606268 0.497043 0.019586
0.645869 0.491957 0.019586
0.343791 0.538304 0.019586
0.383391 0.544061 0.019586
0.422992 0.548721 0.019586
0.462592 0.551139 0.019586
0.502193 0.550720 0.019586
0.541793 0.547568 0.019586
0.581394 0.542457 0.019586
0.620994 0.536644 0.019586
0.660595 0.531558 0.019586
0.358175 0.577905 0.019586
0.397775 0.583661 0.019586
0.437376 0.588321 0.019586
0.476976 0.590739 0.019586
0.516577 0.590321 0.019586
0.556178 0.587169 0.019586
0.595778 0.582058 0.019586
0.635379 0.576244 0.019586
0.369976 0.617505 0.019586
0.409576 0.623262 0.019586
0.449177 0.627922 0.019586
0.488777 0.630340 0.019586
0.567978 0.626769 0.019586
0.607579 0.621658 0.019586
0.647180 0.615845 0.019586
0.686780 0.610759 0.019586
0.377354 0.657106 0.019586
0.416955 0.662862 0.019586
0.456555 0.667523 0.019586
0.496156 0.669940 0.019586
0.535756 0.669522 0.019586
0.575357 0.666370 0.019586
0.614958 0.661259 0.019586
0.654558 0.655445 0.019586
0.694159 0.650359 0.019586
0.379161 0.696706 0.019586
0.418761 0.702463 0.019586
0.458362 0.707123 0.019586
0.497962 0.709541 0.019586
0.537563 0.709122 0.019586
0.577163 0.705970 0.019586
0.616764 0.700859 0.019586
0.656364 0.695046 0.019586
0.695965 0.689960 0.019586
0.375113 0.736307 0.019586
0.414714 0.742064 0.019586
0.454314 0.746724 0.019586
0.493915 0.749142 0.019586
0.533515 0.748723 0.019586
0.573116 0.745571 0.019586
0.612716 0.740460 0.019586
0.652317 0.734647 0.019586
0.691917 0.729560 0.019586
0.365843 0.775907 0.019586
0.405443 0.781664 0.019586
0.445044 0.786324 0.019586
0.484644 0.788742 0.019586
0.524245 0.788323 0.019586
0.563845 0.785171 0.019586
0.603446 0.780060 0.019586
0.643046 0.774247 0.019586
0.682647 0.769161 0.019586
0.352794 0.815508 0.019586
0.392394 0.821265 0.019586
0.431995 0.825925 0.019586
0.471596 0.828343 0.019586
0.511196 0.827924 0.019586
0.550797 0.824772 0.019586
0.590397 0.819661 0.019586
0.629998 0.813848 0.019586
0.669598 0.808761 0.019586
0.338000 0.855109 0.019586
0.377601 0.860865 0.019586
0.456802 0.867943 0.019586
0.496403 0.867525 0.019586
0.575604 0.859261 0.019586
0.615204 0.853448 0.019586
0.654805 0.848362 0.019586
0.323767 0.894709 0.019586
0.363368 0.900466 0.019586
0.402969 0.905126 0.019586
0.442569 0.907544 0.019586
0.482170 0.907125 0.019586
0.521770 0.903973 0.019586
0.561371 0.898862 0.019586
0.600971 0.893049 0.019586
0.640572 0.887962 0.019586
0.312313 0.934310 0.019586
0.351914 0.940066 0.019586
0.391514 0.944726 0.019586
0.431115 0.947144 0.019586
0.470715 0.946726 0.019586
0.510316 0.943573 0.019586
0.549917 0.938462 0.019586
0.589517 0.932649 0.019586
0.629118 0.927563 0.019586
